650, 325, 325, 1, 55666
1000, 500, 500, 1, 83125
2500, 1250, 1250, 1, 206667
5000, 2500, 2500, 1, 412125
8000, 4000, 4000, 1, 653750
10000, 5000, 5000, 1, 817042
650, 325, 325, 1, 54417
1000, 500, 500, 1, 75667
2500, 1250, 1250, 1, 189708
5000, 2500, 2500, 1, 375500
8000, 4000, 4000, 1, 602583
10000, 5000, 5000, 1, 753500
650, 325, 325, 1, 49792
1000, 500, 500, 1, 75875
2500, 1250, 1250, 1, 191542
5000, 2500, 2500, 1, 382459
8000, 4000, 4000, 1, 604500
10000, 5000, 5000, 1, 751834
650, 325, 325, 1, 49709
1000, 500, 500, 1, 75833
2500, 1250, 1250, 1, 192041
5000, 2500, 2500, 1, 377667
8000, 4000, 4000, 1, 604125
10000, 5000, 5000, 1, 754250
650, 325, 325, 1, 49667
1000, 500, 500, 1, 76041
2500, 1250, 1250, 1, 193125
5000, 2500, 2500, 1, 378875
8000, 4000, 4000, 1, 567917
10000, 5000, 5000, 1, 696000
650, 325, 325, 1, 45833
1000, 500, 500, 1, 70166
2500, 1250, 1250, 1, 178750
5000, 2500, 2500, 1, 350084
8000, 4000, 4000, 1, 560916
10000, 5000, 5000, 1, 696917
650, 325, 325, 1, 45875
1000, 500, 500, 1, 70041
2500, 1250, 1250, 1, 182042
5000, 2500, 2500, 1, 356000
8000, 4000, 4000, 1, 566083
10000, 5000, 5000, 1, 703625
650, 325, 325, 1, 45667
1000, 500, 500, 1, 70208
2500, 1250, 1250, 1, 182916
5000, 2500, 2500, 1, 354333
8000, 4000, 4000, 1, 603917
10000, 5000, 5000, 1, 708708
650, 325, 325, 1, 45917
1000, 500, 500, 1, 69958
2500, 1250, 1250, 1, 180875
5000, 2500, 2500, 1, 339833
8000, 4000, 4000, 1, 545417
10000, 5000, 5000, 1, 676792
650, 325, 325, 1, 43958
1000, 500, 500, 1, 66875
2500, 1250, 1250, 1, 176917
5000, 2500, 2500, 1, 340458
8000, 4000, 4000, 1, 549208
10000, 5000, 5000, 1, 678459
650, 325, 325, 1, 44041
1000, 500, 500, 1, 67000
2500, 1250, 1250, 1, 180541
5000, 2500, 2500, 1, 341416
8000, 4000, 4000, 1, 547875
10000, 5000, 5000, 1, 683167
650, 325, 325, 1, 43792
1000, 500, 500, 1, 67250
2500, 1250, 1250, 1, 179125
5000, 2500, 2500, 1, 340750
8000, 4000, 4000, 1, 533583
10000, 5000, 5000, 1, 660958
650, 325, 325, 1, 42666
1000, 500, 500, 1, 65375
2500, 1250, 1250, 1, 174083
5000, 2500, 2500, 1, 332833
8000, 4000, 4000, 1, 535125
10000, 5000, 5000, 1, 672833
650, 325, 325, 1, 42125
1000, 500, 500, 1, 64375
2500, 1250, 1250, 1, 173250
5000, 2500, 2500, 1, 330375
8000, 4000, 4000, 1, 531042
10000, 5000, 5000, 1, 658542
650, 325, 325, 1, 42084
1000, 500, 500, 1, 64500
2500, 1250, 1250, 1, 173916
5000, 2500, 2500, 1, 331209
8000, 4000, 4000, 1, 529083
10000, 5000, 5000, 1, 645833
650, 325, 325, 1, 41500
1000, 500, 500, 1, 63000
2500, 1250, 1250, 1, 171709
5000, 2500, 2500, 1, 331041
8000, 4000, 4000, 1, 523542
10000, 5000, 5000, 1, 652166
650, 325, 325, 1, 41333
1000, 500, 500, 1, 63584
2500, 1250, 1250, 1, 176417
5000, 2500, 2500, 1, 349417
8000, 4000, 4000, 1, 526041
10000, 5000, 5000, 1, 675166
650, 325, 325, 1, 41625
1000, 500, 500, 1, 63333
2500, 1250, 1250, 1, 173458
5000, 2500, 2500, 1, 327917
8000, 4000, 4000, 1, 550750
10000, 5000, 5000, 1, 670042
650, 325, 325, 1, 42625
1000, 500, 500, 1, 67083
2500, 1250, 1250, 1, 185416
5000, 2500, 2500, 1, 341250
8000, 4000, 4000, 1, 594959
10000, 5000, 5000, 1, 658375
650, 325, 325, 1, 41541
1000, 500, 500, 1, 63375
2500, 1250, 1250, 1, 174875
5000, 2500, 2500, 1, 331000
8000, 4000, 4000, 1, 530125
10000, 5000, 5000, 1, 656708
650, 325, 325, 1, 41292
1000, 500, 500, 1, 68125
2500, 1250, 1250, 1, 175875
5000, 2500, 2500, 1, 363833
8000, 4000, 4000, 1, 549917
10000, 5000, 5000, 1, 664542
650, 325, 325, 1, 41375
1000, 500, 500, 1, 68541
2500, 1250, 1250, 1, 185833
5000, 2500, 2500, 1, 355500
8000, 4000, 4000, 1, 540750
10000, 5000, 5000, 1, 658292
650, 325, 325, 1, 41583
1000, 500, 500, 1, 63459
2500, 1250, 1250, 1, 181208
5000, 2500, 2500, 1, 332292
8000, 4000, 4000, 1, 538917
10000, 5000, 5000, 1, 659791
650, 325, 325, 1, 41375
1000, 500, 500, 1, 63458
2500, 1250, 1250, 1, 180125
5000, 2500, 2500, 1, 336041
8000, 4000, 4000, 1, 537875
10000, 5000, 5000, 1, 664375
650, 325, 325, 1, 43375
1000, 500, 500, 1, 63500
2500, 1250, 1250, 1, 180125
5000, 2500, 2500, 1, 345041
8000, 4000, 4000, 1, 554833
10000, 5000, 5000, 1, 668542
650, 325, 325, 1, 41458
1000, 500, 500, 1, 63250
2500, 1250, 1250, 1, 181208
5000, 2500, 2500, 1, 342167
8000, 4000, 4000, 1, 569083
10000, 5000, 5000, 1, 665084
650, 325, 325, 1, 41417
1000, 500, 500, 1, 63500
2500, 1250, 1250, 1, 181500
5000, 2500, 2500, 1, 336959
8000, 4000, 4000, 1, 542458
10000, 5000, 5000, 1, 666292
650, 325, 325, 1, 41542
1000, 500, 500, 1, 63625
2500, 1250, 1250, 1, 185458
5000, 2500, 2500, 1, 336583
8000, 4000, 4000, 1, 544334
10000, 5000, 5000, 1, 669209
650, 325, 325, 1, 44542
1000, 500, 500, 1, 68125
2500, 1250, 1250, 1, 185334
5000, 2500, 2500, 1, 337625
8000, 4000, 4000, 1, 558209
10000, 5000, 5000, 1, 687666
650, 325, 325, 1, 41500
1000, 500, 500, 1, 65334
2500, 1250, 1250, 1, 189792
5000, 2500, 2500, 1, 354000
8000, 4000, 4000, 1, 582458
10000, 5000, 5000, 1, 672000
650, 325, 325, 1, 41459
1000, 500, 500, 1, 63541
2500, 1250, 1250, 1, 184958
5000, 2500, 2500, 1, 344416
8000, 4000, 4000, 1, 551458
10000, 5000, 5000, 1, 672041
650, 325, 325, 1, 41583
1000, 500, 500, 1, 64042
2500, 1250, 1250, 1, 196333
5000, 2500, 2500, 1, 352458
8000, 4000, 4000, 1, 551791
10000, 5000, 5000, 1, 681041
650, 325, 325, 1, 41750
1000, 500, 500, 1, 63667
2500, 1250, 1250, 1, 189875
5000, 2500, 2500, 1, 345375
8000, 4000, 4000, 1, 558542
10000, 5000, 5000, 1, 677125
650, 325, 325, 1, 41292
1000, 500, 500, 1, 63500
2500, 1250, 1250, 1, 187708
5000, 2500, 2500, 1, 362834
8000, 4000, 4000, 1, 569209
10000, 5000, 5000, 1, 681333
650, 325, 325, 1, 41458
1000, 500, 500, 1, 63875
2500, 1250, 1250, 1, 192875
5000, 2500, 2500, 1, 346083
8000, 4000, 4000, 1, 561459
10000, 5000, 5000, 1, 703291
650, 325, 325, 1, 41458
1000, 500, 500, 1, 63792
2500, 1250, 1250, 1, 189834
5000, 2500, 2500, 1, 344333
8000, 4000, 4000, 1, 573708
10000, 5000, 5000, 1, 686875
650, 325, 325, 1, 41500
1000, 500, 500, 1, 63667
2500, 1250, 1250, 1, 190625
5000, 2500, 2500, 1, 345041
8000, 4000, 4000, 1, 566459
10000, 5000, 5000, 1, 683666
650, 325, 325, 1, 41625
1000, 500, 500, 1, 63833
2500, 1250, 1250, 1, 191458
5000, 2500, 2500, 1, 351042
8000, 4000, 4000, 1, 561708
10000, 5000, 5000, 1, 725041
650, 325, 325, 1, 44625
1000, 500, 500, 1, 64542
2500, 1250, 1250, 1, 192167
5000, 2500, 2500, 1, 357958
8000, 4000, 4000, 1, 563292
10000, 5000, 5000, 1, 692458
650, 325, 325, 1, 41667
1000, 500, 500, 1, 64041
2500, 1250, 1250, 1, 193000
5000, 2500, 2500, 1, 347833
8000, 4000, 4000, 1, 571000
10000, 5000, 5000, 1, 701458
650, 325, 325, 1, 41583
1000, 500, 500, 1, 64042
2500, 1250, 1250, 1, 194166
5000, 2500, 2500, 1, 350625
8000, 4000, 4000, 1, 566833
10000, 5000, 5000, 1, 714375
650, 325, 325, 1, 41500
1000, 500, 500, 1, 63833
2500, 1250, 1250, 1, 200291
5000, 2500, 2500, 1, 349625
8000, 4000, 4000, 1, 571208
10000, 5000, 5000, 1, 712333
650, 325, 325, 1, 44292
1000, 500, 500, 1, 63916
2500, 1250, 1250, 1, 195750
5000, 2500, 2500, 1, 351500
8000, 4000, 4000, 1, 570166
10000, 5000, 5000, 1, 698500
650, 325, 325, 1, 41750
1000, 500, 500, 1, 63875
2500, 1250, 1250, 1, 196875
5000, 2500, 2500, 1, 354334
8000, 4000, 4000, 1, 576833
10000, 5000, 5000, 1, 695833
650, 325, 325, 1, 41708
1000, 500, 500, 1, 63917
2500, 1250, 1250, 1, 200541
5000, 2500, 2500, 1, 396875
8000, 4000, 4000, 1, 580375
10000, 5000, 5000, 1, 696000
650, 325, 325, 1, 49625
1000, 500, 500, 1, 64041
2500, 1250, 1250, 1, 198708
5000, 2500, 2500, 1, 353333
8000, 4000, 4000, 1, 575209
10000, 5000, 5000, 1, 719791
650, 325, 325, 1, 44375
1000, 500, 500, 1, 78375
2500, 1250, 1250, 1, 199583
5000, 2500, 2500, 1, 354333
8000, 4000, 4000, 1, 579750
10000, 5000, 5000, 1, 704375
650, 325, 325, 1, 41709
1000, 500, 500, 1, 66292
2500, 1250, 1250, 1, 200375
5000, 2500, 2500, 1, 358125
8000, 4000, 4000, 1, 578709
10000, 5000, 5000, 1, 720500
650, 325, 325, 1, 41667
1000, 500, 500, 1, 63917
2500, 1250, 1250, 1, 201292
5000, 2500, 2500, 1, 359834
8000, 4000, 4000, 1, 593792
10000, 5000, 5000, 1, 707500
650, 325, 325, 1, 41833
1000, 500, 500, 1, 64209
2500, 1250, 1250, 1, 201750
5000, 2500, 2500, 1, 357292
8000, 4000, 4000, 1, 584458
10000, 5000, 5000, 1, 704334
650, 325, 325, 1, 41750
1000, 500, 500, 1, 63916
2500, 1250, 1250, 1, 202625
5000, 2500, 2500, 1, 362041
8000, 4000, 4000, 1, 584708
10000, 5000, 5000, 1, 725791
650, 325, 325, 1, 42792
1000, 500, 500, 1, 63917
2500, 1250, 1250, 1, 203917
5000, 2500, 2500, 1, 358500
8000, 4000, 4000, 1, 597166
10000, 5000, 5000, 1, 712625
650, 325, 325, 1, 41666
1000, 500, 500, 1, 64041
2500, 1250, 1250, 1, 204833
5000, 2500, 2500, 1, 359583
8000, 4000, 4000, 1, 602417
10000, 5000, 5000, 1, 721834
650, 325, 325, 1, 41792
1000, 500, 500, 1, 64125
2500, 1250, 1250, 1, 205833
5000, 2500, 2500, 1, 363542
8000, 4000, 4000, 1, 591541
10000, 5000, 5000, 1, 736667
650, 325, 325, 1, 44792
1000, 500, 500, 1, 65625
2500, 1250, 1250, 1, 206500
5000, 2500, 2500, 1, 360959
8000, 4000, 4000, 1, 594208
10000, 5000, 5000, 1, 727625
650, 325, 325, 1, 41708
1000, 500, 500, 1, 64334
2500, 1250, 1250, 1, 207333
5000, 2500, 2500, 1, 362250
8000, 4000, 4000, 1, 594084
10000, 5000, 5000, 1, 726208
650, 325, 325, 1, 41708
1000, 500, 500, 1, 64209
2500, 1250, 1250, 1, 208125
5000, 2500, 2500, 1, 366500
8000, 4000, 4000, 1, 592542
10000, 5000, 5000, 1, 717959
650, 325, 325, 1, 41834
1000, 500, 500, 1, 67833
2500, 1250, 1250, 1, 224833
5000, 2500, 2500, 1, 364166
8000, 4000, 4000, 1, 595167
10000, 5000, 5000, 1, 722833
650, 325, 325, 1, 41833
1000, 500, 500, 1, 64458
2500, 1250, 1250, 1, 214834
5000, 2500, 2500, 1, 380375
8000, 4000, 4000, 1, 610333
10000, 5000, 5000, 1, 720834
650, 325, 325, 1, 41750
1000, 500, 500, 1, 64291
2500, 1250, 1250, 1, 211250
5000, 2500, 2500, 1, 369709
8000, 4000, 4000, 1, 598667
10000, 5000, 5000, 1, 722584
650, 325, 325, 1, 43167
1000, 500, 500, 1, 69292
2500, 1250, 1250, 1, 220042
5000, 2500, 2500, 1, 368416
8000, 4000, 4000, 1, 600459
10000, 5000, 5000, 1, 729959
650, 325, 325, 1, 41791
1000, 500, 500, 1, 64417
2500, 1250, 1250, 1, 212792
5000, 2500, 2500, 1, 367958
8000, 4000, 4000, 1, 606833
10000, 5000, 5000, 1, 726541
650, 325, 325, 1, 41792
1000, 500, 500, 1, 64292
2500, 1250, 1250, 1, 213750
5000, 2500, 2500, 1, 373917
8000, 4000, 4000, 1, 603583
10000, 5000, 5000, 1, 727875
650, 325, 325, 1, 42000
1000, 500, 500, 1, 68042
2500, 1250, 1250, 1, 214667
5000, 2500, 2500, 1, 369542
8000, 4000, 4000, 1, 630084
10000, 5000, 5000, 1, 738042
650, 325, 325, 1, 41875
1000, 500, 500, 1, 64375
2500, 1250, 1250, 1, 215875
5000, 2500, 2500, 1, 382458
8000, 4000, 4000, 1, 611250
10000, 5000, 5000, 1, 733500
650, 325, 325, 1, 43250
1000, 500, 500, 1, 64584
2500, 1250, 1250, 1, 227291
5000, 2500, 2500, 1, 387041
8000, 4000, 4000, 1, 608584
10000, 5000, 5000, 1, 765625
650, 325, 325, 1, 42625
1000, 500, 500, 1, 64500
2500, 1250, 1250, 1, 220041
5000, 2500, 2500, 1, 377458
8000, 4000, 4000, 1, 618709
10000, 5000, 5000, 1, 750250
650, 325, 325, 1, 42042
1000, 500, 500, 1, 64667
2500, 1250, 1250, 1, 218209
5000, 2500, 2500, 1, 379166
8000, 4000, 4000, 1, 612166
10000, 5000, 5000, 1, 736959
650, 325, 325, 1, 41917
1000, 500, 500, 1, 67750
2500, 1250, 1250, 1, 219292
5000, 2500, 2500, 1, 374125
8000, 4000, 4000, 1, 614125
10000, 5000, 5000, 1, 743667
650, 325, 325, 1, 42000
1000, 500, 500, 1, 64708
2500, 1250, 1250, 1, 220000
5000, 2500, 2500, 1, 375334
8000, 4000, 4000, 1, 621834
10000, 5000, 5000, 1, 765083
650, 325, 325, 1, 41834
1000, 500, 500, 1, 64625
2500, 1250, 1250, 1, 220792
5000, 2500, 2500, 1, 381334
8000, 4000, 4000, 1, 617292
10000, 5000, 5000, 1, 742250
650, 325, 325, 1, 44542
1000, 500, 500, 1, 64708
2500, 1250, 1250, 1, 231667
5000, 2500, 2500, 1, 377000
8000, 4000, 4000, 1, 618667
10000, 5000, 5000, 1, 751792
650, 325, 325, 1, 41917
1000, 500, 500, 1, 64542
2500, 1250, 1250, 1, 222667
5000, 2500, 2500, 1, 380333
8000, 4000, 4000, 1, 644958
10000, 5000, 5000, 1, 745041
650, 325, 325, 1, 41833
1000, 500, 500, 1, 64667
2500, 1250, 1250, 1, 226834
5000, 2500, 2500, 1, 378500
8000, 4000, 4000, 1, 642041
10000, 5000, 5000, 1, 752333
650, 325, 325, 1, 42166
1000, 500, 500, 1, 64667
2500, 1250, 1250, 1, 245833
5000, 2500, 2500, 1, 388916
8000, 4000, 4000, 1, 629000
10000, 5000, 5000, 1, 750667
650, 325, 325, 1, 41916
1000, 500, 500, 1, 64792
2500, 1250, 1250, 1, 226375
5000, 2500, 2500, 1, 397458
8000, 4000, 4000, 1, 637833
10000, 5000, 5000, 1, 750416
650, 325, 325, 1, 42167
1000, 500, 500, 1, 67750
2500, 1250, 1250, 1, 226209
5000, 2500, 2500, 1, 381875
8000, 4000, 4000, 1, 640958
10000, 5000, 5000, 1, 757958
650, 325, 325, 1, 41917
1000, 500, 500, 1, 64708
2500, 1250, 1250, 1, 227208
5000, 2500, 2500, 1, 403459
8000, 4000, 4000, 1, 651792
10000, 5000, 5000, 1, 754166
650, 325, 325, 1, 42000
1000, 500, 500, 1, 64875
2500, 1250, 1250, 1, 227958
5000, 2500, 2500, 1, 386667
8000, 4000, 4000, 1, 634334
10000, 5000, 5000, 1, 771625
650, 325, 325, 1, 43042
1000, 500, 500, 1, 67750
2500, 1250, 1250, 1, 229125
5000, 2500, 2500, 1, 384375
8000, 4000, 4000, 1, 645083
10000, 5000, 5000, 1, 756833
650, 325, 325, 1, 42041
1000, 500, 500, 1, 64833
2500, 1250, 1250, 1, 229875
5000, 2500, 2500, 1, 386042
8000, 4000, 4000, 1, 665083
10000, 5000, 5000, 1, 758709
650, 325, 325, 1, 41834
1000, 500, 500, 1, 65000
2500, 1250, 1250, 1, 231458
5000, 2500, 2500, 1, 388834
8000, 4000, 4000, 1, 667083
10000, 5000, 5000, 1, 766416
650, 325, 325, 1, 42125
1000, 500, 500, 1, 65042
2500, 1250, 1250, 1, 231667
5000, 2500, 2500, 1, 387083
8000, 4000, 4000, 1, 654125
10000, 5000, 5000, 1, 762166
650, 325, 325, 1, 42042
1000, 500, 500, 1, 65042
2500, 1250, 1250, 1, 232750
5000, 2500, 2500, 1, 392333
8000, 4000, 4000, 1, 677500
10000, 5000, 5000, 1, 768875
650, 325, 325, 1, 42083
1000, 500, 500, 1, 65000
2500, 1250, 1250, 1, 236084
5000, 2500, 2500, 1, 388625
8000, 4000, 4000, 1, 644375
10000, 5000, 5000, 1, 782541
650, 325, 325, 1, 42125
1000, 500, 500, 1, 69750
2500, 1250, 1250, 1, 234208
5000, 2500, 2500, 1, 392791
8000, 4000, 4000, 1, 642417
10000, 5000, 5000, 1, 767125
650, 325, 325, 1, 42042
1000, 500, 500, 1, 66000
2500, 1250, 1250, 1, 235250
5000, 2500, 2500, 1, 390500
8000, 4000, 4000, 1, 644125
10000, 5000, 5000, 1, 779541
650, 325, 325, 1, 42208
1000, 500, 500, 1, 65000
2500, 1250, 1250, 1, 238875
5000, 2500, 2500, 1, 391750
8000, 4000, 4000, 1, 675666
10000, 5000, 5000, 1, 770708
650, 325, 325, 1, 42209
1000, 500, 500, 1, 65041
2500, 1250, 1250, 1, 237750
5000, 2500, 2500, 1, 395667
8000, 4000, 4000, 1, 665875
10000, 5000, 5000, 1, 777833
650, 325, 325, 1, 42041
1000, 500, 500, 1, 65083
2500, 1250, 1250, 1, 245209
5000, 2500, 2500, 1, 396458
8000, 4000, 4000, 1, 655458
10000, 5000, 5000, 1, 774084
650, 325, 325, 1, 42166
1000, 500, 500, 1, 65208
2500, 1250, 1250, 1, 243667
5000, 2500, 2500, 1, 414500
8000, 4000, 4000, 1, 654417
10000, 5000, 5000, 1, 786750
650, 325, 325, 1, 42084
1000, 500, 500, 1, 65166
2500, 1250, 1250, 1, 239667
5000, 2500, 2500, 1, 395333
8000, 4000, 4000, 1, 657709
10000, 5000, 5000, 1, 777250
650, 325, 325, 1, 42125
1000, 500, 500, 1, 65125
2500, 1250, 1250, 1, 240625
5000, 2500, 2500, 1, 429875
8000, 4000, 4000, 1, 671917
10000, 5000, 5000, 1, 779291
650, 325, 325, 1, 42208
1000, 500, 500, 1, 65125
2500, 1250, 1250, 1, 241625
5000, 2500, 2500, 1, 397208
8000, 4000, 4000, 1, 676208
10000, 5000, 5000, 1, 782375
650, 325, 325, 1, 42292
1000, 500, 500, 1, 65125
2500, 1250, 1250, 1, 242250
5000, 2500, 2500, 1, 398459
8000, 4000, 4000, 1, 658375
10000, 5000, 5000, 1, 782500
650, 325, 325, 1, 42167
1000, 500, 500, 1, 65250
2500, 1250, 1250, 1, 243250
5000, 2500, 2500, 1, 414541
8000, 4000, 4000, 1, 676291
10000, 5000, 5000, 1, 788500
650, 325, 325, 1, 42333
1000, 500, 500, 1, 65292
2500, 1250, 1250, 1, 253875
5000, 2500, 2500, 1, 413625
8000, 4000, 4000, 1, 665250
10000, 5000, 5000, 1, 786417
650, 325, 325, 1, 42208
1000, 500, 500, 1, 65417
2500, 1250, 1250, 1, 248125
5000, 2500, 2500, 1, 409208
8000, 4000, 4000, 1, 662583
10000, 5000, 5000, 1, 791084
650, 325, 325, 1, 42250
1000, 500, 500, 1, 65375
2500, 1250, 1250, 1, 248750
5000, 2500, 2500, 1, 404333
8000, 4000, 4000, 1, 667209
10000, 5000, 5000, 1, 795375
650, 325, 325, 1, 42417
1000, 500, 500, 1, 65500
2500, 1250, 1250, 1, 246834
5000, 2500, 2500, 1, 413167
8000, 4000, 4000, 1, 673542
10000, 5000, 5000, 1, 799000
650, 325, 325, 1, 42375
1000, 500, 500, 1, 65459
2500, 1250, 1250, 1, 247750
5000, 2500, 2500, 1, 403750
8000, 4000, 4000, 1, 670042
10000, 5000, 5000, 1, 814583
650, 325, 325, 1, 42250
1000, 500, 500, 1, 65542
2500, 1250, 1250, 1, 251417
5000, 2500, 2500, 1, 407167
8000, 4000, 4000, 1, 669250
10000, 5000, 5000, 1, 794375
650, 325, 325, 1, 43542
1000, 500, 500, 1, 68917
2500, 1250, 1250, 1, 258209
5000, 2500, 2500, 1, 405375
8000, 4000, 4000, 1, 671292
10000, 5000, 5000, 1, 801375
650, 325, 325, 1, 42208
1000, 500, 500, 1, 65583
2500, 1250, 1250, 1, 250500
5000, 2500, 2500, 1, 407917
8000, 4000, 4000, 1, 673583
10000, 5000, 5000, 1, 813166
650, 325, 325, 1, 42292
1000, 500, 500, 1, 68625
2500, 1250, 1250, 1, 251250
5000, 2500, 2500, 1, 410125
8000, 4000, 4000, 1, 675708
10000, 5000, 5000, 1, 804791
650, 325, 325, 1, 42334
1000, 500, 500, 1, 65542
2500, 1250, 1250, 1, 259208
5000, 2500, 2500, 1, 417209
8000, 4000, 4000, 1, 685250
10000, 5000, 5000, 1, 810791
650, 325, 325, 1, 42291
1000, 500, 500, 1, 65542
2500, 1250, 1250, 1, 257750
5000, 2500, 2500, 1, 408708
8000, 4000, 4000, 1, 677958
10000, 5000, 5000, 1, 815292
650, 325, 325, 1, 42292
1000, 500, 500, 1, 65417
2500, 1250, 1250, 1, 254000
5000, 2500, 2500, 1, 409167
8000, 4000, 4000, 1, 717708
10000, 5000, 5000, 1, 807875
650, 325, 325, 1, 42250
1000, 500, 500, 1, 65666
2500, 1250, 1250, 1, 260375
5000, 2500, 2500, 1, 410875
8000, 4000, 4000, 1, 680875
10000, 5000, 5000, 1, 812166
650, 325, 325, 1, 42375
1000, 500, 500, 1, 65583
2500, 1250, 1250, 1, 255834
5000, 2500, 2500, 1, 412292
8000, 4000, 4000, 1, 687458
10000, 5000, 5000, 1, 831625
650, 325, 325, 1, 42667
1000, 500, 500, 1, 65541
2500, 1250, 1250, 1, 257959
5000, 2500, 2500, 1, 412917
8000, 4000, 4000, 1, 684417
10000, 5000, 5000, 1, 832166
650, 325, 325, 1, 42292
1000, 500, 500, 1, 65541
2500, 1250, 1250, 1, 257417
5000, 2500, 2500, 1, 413625
8000, 4000, 4000, 1, 692875
10000, 5000, 5000, 1, 824583
650, 325, 325, 1, 42375
1000, 500, 500, 1, 65667
2500, 1250, 1250, 1, 258375
5000, 2500, 2500, 1, 418333
8000, 4000, 4000, 1, 688000
10000, 5000, 5000, 1, 818791
650, 325, 325, 1, 42417
1000, 500, 500, 1, 65750
2500, 1250, 1250, 1, 259583
5000, 2500, 2500, 1, 415458
8000, 4000, 4000, 1, 724958
10000, 5000, 5000, 1, 814834
650, 325, 325, 1, 42375
1000, 500, 500, 1, 65666
2500, 1250, 1250, 1, 263334
5000, 2500, 2500, 1, 419667
8000, 4000, 4000, 1, 710959
10000, 5000, 5000, 1, 822500
650, 325, 325, 1, 42666
1000, 500, 500, 1, 65875
2500, 1250, 1250, 1, 261167
5000, 2500, 2500, 1, 417084
8000, 4000, 4000, 1, 703333
10000, 5000, 5000, 1, 821875
650, 325, 325, 1, 42333
1000, 500, 500, 1, 65917
2500, 1250, 1250, 1, 262209
5000, 2500, 2500, 1, 439208
8000, 4000, 4000, 1, 697458
10000, 5000, 5000, 1, 832833
650, 325, 325, 1, 42417
1000, 500, 500, 1, 65750
2500, 1250, 1250, 1, 262834
5000, 2500, 2500, 1, 419000
8000, 4000, 4000, 1, 709292
10000, 5000, 5000, 1, 821625
650, 325, 325, 1, 42334
1000, 500, 500, 1, 65875
2500, 1250, 1250, 1, 264000
5000, 2500, 2500, 1, 431708
8000, 4000, 4000, 1, 700500
10000, 5000, 5000, 1, 824208
650, 325, 325, 1, 42416
1000, 500, 500, 1, 66042
2500, 1250, 1250, 1, 267292
5000, 2500, 2500, 1, 435000
8000, 4000, 4000, 1, 711750
10000, 5000, 5000, 1, 825000
650, 325, 325, 1, 42542
1000, 500, 500, 1, 65917
2500, 1250, 1250, 1, 265708
5000, 2500, 2500, 1, 436625
8000, 4000, 4000, 1, 701209
10000, 5000, 5000, 1, 828000
650, 325, 325, 1, 42667
1000, 500, 500, 1, 65833
2500, 1250, 1250, 1, 283875
5000, 2500, 2500, 1, 436750
8000, 4000, 4000, 1, 708208
10000, 5000, 5000, 1, 828500
650, 325, 325, 1, 42709
1000, 500, 500, 1, 65917
2500, 1250, 1250, 1, 267208
5000, 2500, 2500, 1, 430542
8000, 4000, 4000, 1, 719958
10000, 5000, 5000, 1, 838584
650, 325, 325, 1, 45500
1000, 500, 500, 1, 79458
2500, 1250, 1250, 1, 268500
5000, 2500, 2500, 1, 424250
8000, 4000, 4000, 1, 719500
10000, 5000, 5000, 1, 831667
650, 325, 325, 1, 42500
1000, 500, 500, 1, 66125
2500, 1250, 1250, 1, 269375
5000, 2500, 2500, 1, 430667
8000, 4000, 4000, 1, 708333
10000, 5000, 5000, 1, 839125
650, 325, 325, 1, 46750
1000, 500, 500, 1, 67667
2500, 1250, 1250, 1, 270167
5000, 2500, 2500, 1, 426084
8000, 4000, 4000, 1, 716125
10000, 5000, 5000, 1, 848167
650, 325, 325, 1, 42625
1000, 500, 500, 1, 66125
2500, 1250, 1250, 1, 270875
5000, 2500, 2500, 1, 430167
8000, 4000, 4000, 1, 729750
10000, 5000, 5000, 1, 839541
650, 325, 325, 1, 42541
1000, 500, 500, 1, 66291
2500, 1250, 1250, 1, 274792
5000, 2500, 2500, 1, 428000
8000, 4000, 4000, 1, 717000
10000, 5000, 5000, 1, 839833
650, 325, 325, 1, 45792
1000, 500, 500, 1, 66166
2500, 1250, 1250, 1, 277000
5000, 2500, 2500, 1, 453375
8000, 4000, 4000, 1, 731042
10000, 5000, 5000, 1, 842083
650, 325, 325, 1, 42542
1000, 500, 500, 1, 66292
2500, 1250, 1250, 1, 292416
5000, 2500, 2500, 1, 446333
8000, 4000, 4000, 1, 719125
10000, 5000, 5000, 1, 844375
650, 325, 325, 1, 45625
1000, 500, 500, 1, 68084
2500, 1250, 1250, 1, 278500
5000, 2500, 2500, 1, 431166
8000, 4000, 4000, 1, 721041
10000, 5000, 5000, 1, 846625
650, 325, 325, 1, 42458
1000, 500, 500, 1, 66250
2500, 1250, 1250, 1, 289209
5000, 2500, 2500, 1, 436500
8000, 4000, 4000, 1, 721208
10000, 5000, 5000, 1, 848333
650, 325, 325, 1, 50125
1000, 500, 500, 1, 66458
2500, 1250, 1250, 1, 290875
5000, 2500, 2500, 1, 436291
8000, 4000, 4000, 1, 737416
10000, 5000, 5000, 1, 866375
650, 325, 325, 1, 46333
1000, 500, 500, 1, 66292
2500, 1250, 1250, 1, 277917
5000, 2500, 2500, 1, 433750
8000, 4000, 4000, 1, 725333
10000, 5000, 5000, 1, 864000
650, 325, 325, 1, 42625
1000, 500, 500, 1, 66291
2500, 1250, 1250, 1, 278375
5000, 2500, 2500, 1, 434250
8000, 4000, 4000, 1, 728084
10000, 5000, 5000, 1, 874000
650, 325, 325, 1, 42750
1000, 500, 500, 1, 66333
2500, 1250, 1250, 1, 281959
5000, 2500, 2500, 1, 435292
8000, 4000, 4000, 1, 729709
10000, 5000, 5000, 1, 883041
650, 325, 325, 1, 42875
1000, 500, 500, 1, 66625
2500, 1250, 1250, 1, 283084
5000, 2500, 2500, 1, 436500
8000, 4000, 4000, 1, 740709
10000, 5000, 5000, 1, 854083
650, 325, 325, 1, 42833
1000, 500, 500, 1, 66459
2500, 1250, 1250, 1, 282334
5000, 2500, 2500, 1, 437375
8000, 4000, 4000, 1, 730417
10000, 5000, 5000, 1, 874250
650, 325, 325, 1, 42875
1000, 500, 500, 1, 66334
2500, 1250, 1250, 1, 282083
5000, 2500, 2500, 1, 441041
8000, 4000, 4000, 1, 755041
10000, 5000, 5000, 1, 857166
650, 325, 325, 1, 42584
1000, 500, 500, 1, 67375
2500, 1250, 1250, 1, 285375
5000, 2500, 2500, 1, 452375
8000, 4000, 4000, 1, 733333
10000, 5000, 5000, 1, 861375
650, 325, 325, 1, 42667
1000, 500, 500, 1, 66667
2500, 1250, 1250, 1, 284750
5000, 2500, 2500, 1, 471625
8000, 4000, 4000, 1, 734500
10000, 5000, 5000, 1, 862542
650, 325, 325, 1, 42791
1000, 500, 500, 1, 66417
2500, 1250, 1250, 1, 287375
5000, 2500, 2500, 1, 450917
8000, 4000, 4000, 1, 742042
10000, 5000, 5000, 1, 860625
650, 325, 325, 1, 42833
1000, 500, 500, 1, 75041
2500, 1250, 1250, 1, 285375
5000, 2500, 2500, 1, 444542
8000, 4000, 4000, 1, 739000
10000, 5000, 5000, 1, 900959
650, 325, 325, 1, 42583
1000, 500, 500, 1, 66500
2500, 1250, 1250, 1, 288625
5000, 2500, 2500, 1, 445500
8000, 4000, 4000, 1, 743750
10000, 5000, 5000, 1, 896250
650, 325, 325, 1, 42750
1000, 500, 500, 1, 66584
2500, 1250, 1250, 1, 294166
5000, 2500, 2500, 1, 443625
8000, 4000, 4000, 1, 741500
10000, 5000, 5000, 1, 883875
650, 325, 325, 1, 42916
1000, 500, 500, 1, 66458
2500, 1250, 1250, 1, 288542
5000, 2500, 2500, 1, 444459
8000, 4000, 4000, 1, 758416
10000, 5000, 5000, 1, 886084
650, 325, 325, 1, 42792
1000, 500, 500, 1, 66625
2500, 1250, 1250, 1, 289250
5000, 2500, 2500, 1, 445209
8000, 4000, 4000, 1, 748083
10000, 5000, 5000, 1, 894208
650, 325, 325, 1, 42792
1000, 500, 500, 1, 66625
2500, 1250, 1250, 1, 295125
5000, 2500, 2500, 1, 449666
8000, 4000, 4000, 1, 757292
10000, 5000, 5000, 1, 872375
650, 325, 325, 1, 50083
1000, 500, 500, 1, 66959
2500, 1250, 1250, 1, 305167
5000, 2500, 2500, 1, 450208
8000, 4000, 4000, 1, 753209
10000, 5000, 5000, 1, 875917
650, 325, 325, 1, 42708
1000, 500, 500, 1, 66625
2500, 1250, 1250, 1, 297125
5000, 2500, 2500, 1, 466250
8000, 4000, 4000, 1, 753417
10000, 5000, 5000, 1, 878917
650, 325, 325, 1, 42750
1000, 500, 500, 1, 66791
2500, 1250, 1250, 1, 298333
5000, 2500, 2500, 1, 453167
8000, 4000, 4000, 1, 754916
10000, 5000, 5000, 1, 909084
650, 325, 325, 1, 42958
1000, 500, 500, 1, 66583
2500, 1250, 1250, 1, 296375
5000, 2500, 2500, 1, 453042
8000, 4000, 4000, 1, 756500
10000, 5000, 5000, 1, 905666
650, 325, 325, 1, 42666
1000, 500, 500, 1, 66834
2500, 1250, 1250, 1, 294292
5000, 2500, 2500, 1, 450875
8000, 4000, 4000, 1, 756834
10000, 5000, 5000, 1, 895458
650, 325, 325, 1, 42750
1000, 500, 500, 1, 68084
2500, 1250, 1250, 1, 295458
5000, 2500, 2500, 1, 451875
8000, 4000, 4000, 1, 775375
10000, 5000, 5000, 1, 885416
650, 325, 325, 1, 42833
1000, 500, 500, 1, 67041
2500, 1250, 1250, 1, 296250
5000, 2500, 2500, 1, 455792
8000, 4000, 4000, 1, 759792
10000, 5000, 5000, 1, 910000
650, 325, 325, 1, 42833
1000, 500, 500, 1, 66666
2500, 1250, 1250, 1, 297042
5000, 2500, 2500, 1, 469667
8000, 4000, 4000, 1, 776708
10000, 5000, 5000, 1, 886542
650, 325, 325, 1, 42875
1000, 500, 500, 1, 66958
2500, 1250, 1250, 1, 300708
5000, 2500, 2500, 1, 486000
8000, 4000, 4000, 1, 761917
10000, 5000, 5000, 1, 922084
650, 325, 325, 1, 42958
1000, 500, 500, 1, 66917
2500, 1250, 1250, 1, 298958
5000, 2500, 2500, 1, 455708
8000, 4000, 4000, 1, 766250
10000, 5000, 5000, 1, 896458
650, 325, 325, 1, 42959
1000, 500, 500, 1, 74958
2500, 1250, 1250, 1, 299833
5000, 2500, 2500, 1, 456708
8000, 4000, 4000, 1, 765334
10000, 5000, 5000, 1, 921000
650, 325, 325, 1, 52416
1000, 500, 500, 1, 69042
2500, 1250, 1250, 1, 313167
5000, 2500, 2500, 1, 460333
8000, 4000, 4000, 1, 768125
10000, 5000, 5000, 1, 927416
650, 325, 325, 1, 45083
1000, 500, 500, 1, 71041
2500, 1250, 1250, 1, 312584
5000, 2500, 2500, 1, 473875
8000, 4000, 4000, 1, 805250
10000, 5000, 5000, 1, 901041
650, 325, 325, 1, 42958
1000, 500, 500, 1, 66958
2500, 1250, 1250, 1, 307625
5000, 2500, 2500, 1, 475875
8000, 4000, 4000, 1, 822375
10000, 5000, 5000, 1, 901583
650, 325, 325, 1, 43000
1000, 500, 500, 1, 67041
2500, 1250, 1250, 1, 314708
5000, 2500, 2500, 1, 481333
8000, 4000, 4000, 1, 806917
10000, 5000, 5000, 1, 928042
650, 325, 325, 1, 43000
1000, 500, 500, 1, 67583
2500, 1250, 1250, 1, 304791
5000, 2500, 2500, 1, 466750
8000, 4000, 4000, 1, 815375
10000, 5000, 5000, 1, 945916
650, 325, 325, 1, 43167
1000, 500, 500, 1, 67167
2500, 1250, 1250, 1, 318916
5000, 2500, 2500, 1, 477750
8000, 4000, 4000, 1, 804250
10000, 5000, 5000, 1, 944791
650, 325, 325, 1, 47833
1000, 500, 500, 1, 69417
2500, 1250, 1250, 1, 317000
5000, 2500, 2500, 1, 487041
8000, 4000, 4000, 1, 803667
10000, 5000, 5000, 1, 935250
650, 325, 325, 1, 44250
1000, 500, 500, 1, 69541
2500, 1250, 1250, 1, 317500
5000, 2500, 2500, 1, 480125
8000, 4000, 4000, 1, 809958
10000, 5000, 5000, 1, 936667
650, 325, 325, 1, 44375
1000, 500, 500, 1, 69416
2500, 1250, 1250, 1, 321875
5000, 2500, 2500, 1, 490709
8000, 4000, 4000, 1, 807208
10000, 5000, 5000, 1, 956125
650, 325, 325, 1, 45875
1000, 500, 500, 1, 71459
2500, 1250, 1250, 1, 329250
5000, 2500, 2500, 1, 496042
8000, 4000, 4000, 1, 832958
10000, 5000, 5000, 1, 966625
650, 325, 325, 1, 44584
1000, 500, 500, 1, 69375
2500, 1250, 1250, 1, 321541
5000, 2500, 2500, 1, 485458
8000, 4000, 4000, 1, 823792
10000, 5000, 5000, 1, 942791
650, 325, 325, 1, 44333
1000, 500, 500, 1, 69583
2500, 1250, 1250, 1, 326750
5000, 2500, 2500, 1, 484125
8000, 4000, 4000, 1, 811791
10000, 5000, 5000, 1, 945167
650, 325, 325, 1, 44250
1000, 500, 500, 1, 69459
2500, 1250, 1250, 1, 322209
5000, 2500, 2500, 1, 487417
8000, 4000, 4000, 1, 814166
10000, 5000, 5000, 1, 947875
650, 325, 325, 1, 44375
1000, 500, 500, 1, 69541
2500, 1250, 1250, 1, 323041
5000, 2500, 2500, 1, 486042
8000, 4000, 4000, 1, 819750
10000, 5000, 5000, 1, 979750
650, 325, 325, 1, 44916
1000, 500, 500, 1, 70084
2500, 1250, 1250, 1, 332875
5000, 2500, 2500, 1, 497083
8000, 4000, 4000, 1, 828791
10000, 5000, 5000, 1, 965833
650, 325, 325, 1, 44458
1000, 500, 500, 1, 70792
2500, 1250, 1250, 1, 329875
5000, 2500, 2500, 1, 492584
8000, 4000, 4000, 1, 831375
10000, 5000, 5000, 1, 965958
650, 325, 325, 1, 45917
1000, 500, 500, 1, 72250
2500, 1250, 1250, 1, 338000
5000, 2500, 2500, 1, 499459
8000, 4000, 4000, 1, 793958
10000, 5000, 5000, 1, 938167
650, 325, 325, 1, 43084
1000, 500, 500, 1, 67208
2500, 1250, 1250, 1, 315792
5000, 2500, 2500, 1, 473500
8000, 4000, 4000, 1, 823208
10000, 5000, 5000, 1, 921959
650, 325, 325, 1, 44209
1000, 500, 500, 1, 67584
2500, 1250, 1250, 1, 320583
5000, 2500, 2500, 1, 474208
8000, 4000, 4000, 1, 840375
10000, 5000, 5000, 1, 926584
650, 325, 325, 1, 43084
1000, 500, 500, 1, 67541
2500, 1250, 1250, 1, 317875
5000, 2500, 2500, 1, 488292
8000, 4000, 4000, 1, 799792
10000, 5000, 5000, 1, 929709
650, 325, 325, 1, 43000
1000, 500, 500, 1, 67750
2500, 1250, 1250, 1, 330917
5000, 2500, 2500, 1, 478459
8000, 4000, 4000, 1, 804000
10000, 5000, 5000, 1, 945250
650, 325, 325, 1, 47792
1000, 500, 500, 1, 67959
2500, 1250, 1250, 1, 322917
5000, 2500, 2500, 1, 476625
8000, 4000, 4000, 1, 818292
10000, 5000, 5000, 1, 928208
650, 325, 325, 1, 43208
1000, 500, 500, 1, 67542
2500, 1250, 1250, 1, 323208
5000, 2500, 2500, 1, 477625
8000, 4000, 4000, 1, 820708
10000, 5000, 5000, 1, 932791
650, 325, 325, 1, 43208
1000, 500, 500, 1, 67667
2500, 1250, 1250, 1, 321250
5000, 2500, 2500, 1, 481375
8000, 4000, 4000, 1, 831917
10000, 5000, 5000, 1, 942959
650, 325, 325, 1, 43125
1000, 500, 500, 1, 67459
2500, 1250, 1250, 1, 321959
5000, 2500, 2500, 1, 479542
8000, 4000, 4000, 1, 810833
10000, 5000, 5000, 1, 934083
650, 325, 325, 1, 43208
1000, 500, 500, 1, 67584
2500, 1250, 1250, 1, 325541
5000, 2500, 2500, 1, 480292
8000, 4000, 4000, 1, 809417
10000, 5000, 5000, 1, 972750
650, 325, 325, 1, 43375
1000, 500, 500, 1, 67625
2500, 1250, 1250, 1, 324458
5000, 2500, 2500, 1, 484541
8000, 4000, 4000, 1, 824584
10000, 5000, 5000, 1, 940709
650, 325, 325, 1, 43125
1000, 500, 500, 1, 67584
2500, 1250, 1250, 1, 336333
5000, 2500, 2500, 1, 500041
8000, 4000, 4000, 1, 816208
10000, 5000, 5000, 1, 942125
650, 325, 325, 1, 43083
1000, 500, 500, 1, 67625
2500, 1250, 1250, 1, 326333
5000, 2500, 2500, 1, 483500
8000, 4000, 4000, 1, 843833
10000, 5000, 5000, 1, 948417
650, 325, 325, 1, 43167
1000, 500, 500, 1, 67542
2500, 1250, 1250, 1, 327084
5000, 2500, 2500, 1, 487875
8000, 4000, 4000, 1, 816834
10000, 5000, 5000, 1, 955166
650, 325, 325, 1, 43375
1000, 500, 500, 1, 82542
2500, 1250, 1250, 1, 335792
5000, 2500, 2500, 1, 488083
8000, 4000, 4000, 1, 820542
10000, 5000, 5000, 1, 981750
650, 325, 325, 1, 43167
1000, 500, 500, 1, 68750
2500, 1250, 1250, 1, 328291
5000, 2500, 2500, 1, 485875
8000, 4000, 4000, 1, 822042
10000, 5000, 5000, 1, 945875
650, 325, 325, 1, 43250
1000, 500, 500, 1, 67709
2500, 1250, 1250, 1, 329500
5000, 2500, 2500, 1, 488333
8000, 4000, 4000, 1, 834917
10000, 5000, 5000, 1, 960166
650, 325, 325, 1, 43375
1000, 500, 500, 1, 68000
2500, 1250, 1250, 1, 332667
5000, 2500, 2500, 1, 508458
8000, 4000, 4000, 1, 826958
10000, 5000, 5000, 1, 953459
650, 325, 325, 1, 44250
1000, 500, 500, 1, 67834
2500, 1250, 1250, 1, 344625
5000, 2500, 2500, 1, 488750
8000, 4000, 4000, 1, 827666
10000, 5000, 5000, 1, 973375
650, 325, 325, 1, 43500
1000, 500, 500, 1, 76625
2500, 1250, 1250, 1, 334875
5000, 2500, 2500, 1, 491916
8000, 4000, 4000, 1, 844958
10000, 5000, 5000, 1, 998833
650, 325, 325, 1, 43792
1000, 500, 500, 1, 67875
2500, 1250, 1250, 1, 332875
5000, 2500, 2500, 1, 498542
8000, 4000, 4000, 1, 834500
10000, 5000, 5000, 1, 957750
650, 325, 325, 1, 43208
1000, 500, 500, 1, 68000
2500, 1250, 1250, 1, 333875
5000, 2500, 2500, 1, 525625
8000, 4000, 4000, 1, 832041
10000, 5000, 5000, 1, 1009458
650, 325, 325, 1, 43334
1000, 500, 500, 1, 67916
2500, 1250, 1250, 1, 335833
5000, 2500, 2500, 1, 491667
8000, 4000, 4000, 1, 854459
10000, 5000, 5000, 1, 961125
650, 325, 325, 1, 43333
1000, 500, 500, 1, 67875
2500, 1250, 1250, 1, 335583
5000, 2500, 2500, 1, 496542
8000, 4000, 4000, 1, 832875
10000, 5000, 5000, 1, 982834
650, 325, 325, 1, 58750
1000, 500, 500, 1, 67916
2500, 1250, 1250, 1, 339375
5000, 2500, 2500, 1, 494792
8000, 4000, 4000, 1, 840042
10000, 5000, 5000, 1, 985459
650, 325, 325, 1, 45750
1000, 500, 500, 1, 68041
2500, 1250, 1250, 1, 337750
5000, 2500, 2500, 1, 495125
8000, 4000, 4000, 1, 855250
10000, 5000, 5000, 1, 963000
650, 325, 325, 1, 43166
1000, 500, 500, 1, 68334
2500, 1250, 1250, 1, 343500
5000, 2500, 2500, 1, 504125
8000, 4000, 4000, 1, 849291
10000, 5000, 5000, 1, 972209
650, 325, 325, 1, 43334
1000, 500, 500, 1, 68083
2500, 1250, 1250, 1, 339459
5000, 2500, 2500, 1, 502667
8000, 4000, 4000, 1, 867583
10000, 5000, 5000, 1, 974292
650, 325, 325, 1, 43541
1000, 500, 500, 1, 70958
2500, 1250, 1250, 1, 340292
5000, 2500, 2500, 1, 497750
8000, 4000, 4000, 1, 846291
10000, 5000, 5000, 1, 993042
650, 325, 325, 1, 43333
1000, 500, 500, 1, 69584
2500, 1250, 1250, 1, 340917
5000, 2500, 2500, 1, 498875
8000, 4000, 4000, 1, 846083
10000, 5000, 5000, 1, 985833
650, 325, 325, 1, 43375
1000, 500, 500, 1, 68041
2500, 1250, 1250, 1, 341916
5000, 2500, 2500, 1, 507292
8000, 4000, 4000, 1, 858083
10000, 5000, 5000, 1, 979667
650, 325, 325, 1, 43458
1000, 500, 500, 1, 68292
2500, 1250, 1250, 1, 357167
5000, 2500, 2500, 1, 501875
8000, 4000, 4000, 1, 846625
10000, 5000, 5000, 1, 978375
650, 325, 325, 1, 43500
1000, 500, 500, 1, 68250
2500, 1250, 1250, 1, 343959
5000, 2500, 2500, 1, 527542
8000, 4000, 4000, 1, 853334
10000, 5000, 5000, 1, 985500
650, 325, 325, 1, 43167
1000, 500, 500, 1, 68209
2500, 1250, 1250, 1, 347375
5000, 2500, 2500, 1, 501792
8000, 4000, 4000, 1, 849625
10000, 5000, 5000, 1, 1002125
650, 325, 325, 1, 43250
1000, 500, 500, 1, 68208
2500, 1250, 1250, 1, 345458
5000, 2500, 2500, 1, 505917
8000, 4000, 4000, 1, 881083
10000, 5000, 5000, 1, 982458
650, 325, 325, 1, 43375
1000, 500, 500, 1, 68417
2500, 1250, 1250, 1, 352666
5000, 2500, 2500, 1, 510042
8000, 4000, 4000, 1, 853459
10000, 5000, 5000, 1, 980000
650, 325, 325, 1, 43583
1000, 500, 500, 1, 68458
2500, 1250, 1250, 1, 361250
5000, 2500, 2500, 1, 511708
8000, 4000, 4000, 1, 881250
10000, 5000, 5000, 1, 983959
650, 325, 325, 1, 43500
1000, 500, 500, 1, 68375
2500, 1250, 1250, 1, 355833
5000, 2500, 2500, 1, 506583
8000, 4000, 4000, 1, 864125
10000, 5000, 5000, 1, 987208
650, 325, 325, 1, 43583
1000, 500, 500, 1, 68542
2500, 1250, 1250, 1, 353750
5000, 2500, 2500, 1, 510833
8000, 4000, 4000, 1, 858542
10000, 5000, 5000, 1, 987209
650, 325, 325, 1, 43458
1000, 500, 500, 1, 68459
2500, 1250, 1250, 1, 350042
5000, 2500, 2500, 1, 507750
8000, 4000, 4000, 1, 909833
10000, 5000, 5000, 1, 990375
650, 325, 325, 1, 43500
1000, 500, 500, 1, 68500
2500, 1250, 1250, 1, 374667
5000, 2500, 2500, 1, 524333
8000, 4000, 4000, 1, 937458
10000, 5000, 5000, 1, 994916
650, 325, 325, 1, 43459
1000, 500, 500, 1, 68334
2500, 1250, 1250, 1, 352458
5000, 2500, 2500, 1, 511333
8000, 4000, 4000, 1, 870000
10000, 5000, 5000, 1, 1011750
650, 325, 325, 1, 43625
1000, 500, 500, 1, 68375
2500, 1250, 1250, 1, 352542
5000, 2500, 2500, 1, 511666
8000, 4000, 4000, 1, 881125
10000, 5000, 5000, 1, 994459
650, 325, 325, 1, 43625
1000, 500, 500, 1, 68625
2500, 1250, 1250, 1, 384458
5000, 2500, 2500, 1, 513625
8000, 4000, 4000, 1, 869417
10000, 5000, 5000, 1, 996458
650, 325, 325, 1, 46333
1000, 500, 500, 1, 68416
2500, 1250, 1250, 1, 356666
5000, 2500, 2500, 1, 550375
8000, 4000, 4000, 1, 875042
10000, 5000, 5000, 1, 1008375
650, 325, 325, 1, 43667
1000, 500, 500, 1, 70583
2500, 1250, 1250, 1, 355417
5000, 2500, 2500, 1, 513458
8000, 4000, 4000, 1, 899041
10000, 5000, 5000, 1, 999083
650, 325, 325, 1, 43500
1000, 500, 500, 1, 68708
2500, 1250, 1250, 1, 359541
5000, 2500, 2500, 1, 514084
8000, 4000, 4000, 1, 892875
10000, 5000, 5000, 1, 1014958
650, 325, 325, 1, 43542
1000, 500, 500, 1, 68458
2500, 1250, 1250, 1, 361709
5000, 2500, 2500, 1, 526250
8000, 4000, 4000, 1, 873167
10000, 5000, 5000, 1, 1003125
650, 325, 325, 1, 46250
1000, 500, 500, 1, 75583
2500, 1250, 1250, 1, 373500
5000, 2500, 2500, 1, 515667
8000, 4000, 4000, 1, 878375
10000, 5000, 5000, 1, 1007417
650, 325, 325, 1, 47125
1000, 500, 500, 1, 74375
2500, 1250, 1250, 1, 359625
5000, 2500, 2500, 1, 519416
8000, 4000, 4000, 1, 882375
10000, 5000, 5000, 1, 1004834
650, 325, 325, 1, 43417
1000, 500, 500, 1, 68708
2500, 1250, 1250, 1, 365250
5000, 2500, 2500, 1, 518292
8000, 4000, 4000, 1, 879416
10000, 5000, 5000, 1, 1008000
650, 325, 325, 1, 43750
1000, 500, 500, 1, 68708
2500, 1250, 1250, 1, 361417
5000, 2500, 2500, 1, 534625
8000, 4000, 4000, 1, 880167
10000, 5000, 5000, 1, 1017750
650, 325, 325, 1, 43792
1000, 500, 500, 1, 68667
2500, 1250, 1250, 1, 361583
5000, 2500, 2500, 1, 523041
8000, 4000, 4000, 1, 881583
10000, 5000, 5000, 1, 1034000
650, 325, 325, 1, 43709
1000, 500, 500, 1, 68958
2500, 1250, 1250, 1, 362417
5000, 2500, 2500, 1, 520500
8000, 4000, 4000, 1, 915792
10000, 5000, 5000, 1, 1011292
650, 325, 325, 1, 43750
1000, 500, 500, 1, 69375
2500, 1250, 1250, 1, 366041
5000, 2500, 2500, 1, 526917
8000, 4000, 4000, 1, 890666
10000, 5000, 5000, 1, 1013875
650, 325, 325, 1, 43584
1000, 500, 500, 1, 68875
2500, 1250, 1250, 1, 376542
5000, 2500, 2500, 1, 534500
8000, 4000, 4000, 1, 886791
10000, 5000, 5000, 1, 1020125
650, 325, 325, 1, 44583
1000, 500, 500, 1, 73875
2500, 1250, 1250, 1, 366125
5000, 2500, 2500, 1, 529458
8000, 4000, 4000, 1, 888375
10000, 5000, 5000, 1, 1021083
650, 325, 325, 1, 43666
1000, 500, 500, 1, 68917
2500, 1250, 1250, 1, 366083
5000, 2500, 2500, 1, 524958
8000, 4000, 4000, 1, 890541
10000, 5000, 5000, 1, 1023542
650, 325, 325, 1, 43708
1000, 500, 500, 1, 68916
2500, 1250, 1250, 1, 367083
5000, 2500, 2500, 1, 539792
8000, 4000, 4000, 1, 902458
10000, 5000, 5000, 1, 1020084
650, 325, 325, 1, 43708
1000, 500, 500, 1, 71083
2500, 1250, 1250, 1, 367959
5000, 2500, 2500, 1, 526166
8000, 4000, 4000, 1, 896500
10000, 5000, 5000, 1, 1033625
650, 325, 325, 1, 43541
1000, 500, 500, 1, 69042
2500, 1250, 1250, 1, 371541
5000, 2500, 2500, 1, 526833
8000, 4000, 4000, 1, 895125
10000, 5000, 5000, 1, 1045375
650, 325, 325, 1, 43625
1000, 500, 500, 1, 68833
2500, 1250, 1250, 1, 372708
5000, 2500, 2500, 1, 542000
8000, 4000, 4000, 1, 898167
10000, 5000, 5000, 1, 1036834
650, 325, 325, 1, 43667
1000, 500, 500, 1, 69000
2500, 1250, 1250, 1, 373417
5000, 2500, 2500, 1, 531000
8000, 4000, 4000, 1, 901166
10000, 5000, 5000, 1, 1050250
650, 325, 325, 1, 44000
1000, 500, 500, 1, 69166
2500, 1250, 1250, 1, 371125
5000, 2500, 2500, 1, 529709
8000, 4000, 4000, 1, 905541
10000, 5000, 5000, 1, 1037875
650, 325, 325, 1, 44792
1000, 500, 500, 1, 69166
2500, 1250, 1250, 1, 372584
5000, 2500, 2500, 1, 544542
8000, 4000, 4000, 1, 921500
10000, 5000, 5000, 1, 1032083
650, 325, 325, 1, 43666
1000, 500, 500, 1, 68958
2500, 1250, 1250, 1, 395917
5000, 2500, 2500, 1, 538333
8000, 4000, 4000, 1, 906791
10000, 5000, 5000, 1, 1034833
650, 325, 325, 1, 43750
1000, 500, 500, 1, 69334
2500, 1250, 1250, 1, 374041
5000, 2500, 2500, 1, 533500
8000, 4000, 4000, 1, 904959
10000, 5000, 5000, 1, 1070708
650, 325, 325, 1, 43791
1000, 500, 500, 1, 69208
2500, 1250, 1250, 1, 374833
5000, 2500, 2500, 1, 560166
8000, 4000, 4000, 1, 910959
10000, 5000, 5000, 1, 1037167
650, 325, 325, 1, 43583
1000, 500, 500, 1, 68958
2500, 1250, 1250, 1, 376000
5000, 2500, 2500, 1, 547250
8000, 4000, 4000, 1, 909750
10000, 5000, 5000, 1, 1039750
650, 325, 325, 1, 43917
1000, 500, 500, 1, 69417
2500, 1250, 1250, 1, 404542
5000, 2500, 2500, 1, 545917
8000, 4000, 4000, 1, 915708
10000, 5000, 5000, 1, 1039875
650, 325, 325, 1, 43792
1000, 500, 500, 1, 75792
2500, 1250, 1250, 1, 389625
5000, 2500, 2500, 1, 535417
8000, 4000, 4000, 1, 914916
10000, 5000, 5000, 1, 1038917
650, 325, 325, 1, 43875
1000, 500, 500, 1, 69208
2500, 1250, 1250, 1, 381625
5000, 2500, 2500, 1, 536958
8000, 4000, 4000, 1, 951083
10000, 5000, 5000, 1, 1040791
650, 325, 325, 1, 43875
1000, 500, 500, 1, 69084
2500, 1250, 1250, 1, 383250
5000, 2500, 2500, 1, 550667
8000, 4000, 4000, 1, 915208
10000, 5000, 5000, 1, 1064791
650, 325, 325, 1, 43792
1000, 500, 500, 1, 69500
2500, 1250, 1250, 1, 380666
5000, 2500, 2500, 1, 541208
8000, 4000, 4000, 1, 917167
10000, 5000, 5000, 1, 1082084
650, 325, 325, 1, 43750
1000, 500, 500, 1, 69375
2500, 1250, 1250, 1, 381458
5000, 2500, 2500, 1, 540375
8000, 4000, 4000, 1, 920709
10000, 5000, 5000, 1, 1077292
650, 325, 325, 1, 43875
1000, 500, 500, 1, 69417
2500, 1250, 1250, 1, 382417
5000, 2500, 2500, 1, 551083
8000, 4000, 4000, 1, 926167
10000, 5000, 5000, 1, 1054459
650, 325, 325, 1, 46583
1000, 500, 500, 1, 72125
2500, 1250, 1250, 1, 394833
5000, 2500, 2500, 1, 544167
8000, 4000, 4000, 1, 929750
10000, 5000, 5000, 1, 1076375
650, 325, 325, 1, 43875
1000, 500, 500, 1, 70042
2500, 1250, 1250, 1, 383791
5000, 2500, 2500, 1, 542042
8000, 4000, 4000, 1, 936375
10000, 5000, 5000, 1, 1051541
650, 325, 325, 1, 43875
1000, 500, 500, 1, 69334
2500, 1250, 1250, 1, 390125
5000, 2500, 2500, 1, 550292
8000, 4000, 4000, 1, 942459
10000, 5000, 5000, 1, 1056583
650, 325, 325, 1, 43916
1000, 500, 500, 1, 69375
2500, 1250, 1250, 1, 385750
5000, 2500, 2500, 1, 573041
8000, 4000, 4000, 1, 927209
10000, 5000, 5000, 1, 1074125
650, 325, 325, 1, 44000
1000, 500, 500, 1, 69375
2500, 1250, 1250, 1, 386750
5000, 2500, 2500, 1, 562584
8000, 4000, 4000, 1, 932042
10000, 5000, 5000, 1, 1062125
650, 325, 325, 1, 44083
1000, 500, 500, 1, 69625
2500, 1250, 1250, 1, 393375
5000, 2500, 2500, 1, 555292
8000, 4000, 4000, 1, 950709
10000, 5000, 5000, 1, 1061292
650, 325, 325, 1, 43916
1000, 500, 500, 1, 73750
2500, 1250, 1250, 1, 391291
5000, 2500, 2500, 1, 564209
8000, 4000, 4000, 1, 938084
10000, 5000, 5000, 1, 1062208
650, 325, 325, 1, 43916
1000, 500, 500, 1, 69667
2500, 1250, 1250, 1, 397375
5000, 2500, 2500, 1, 547292
8000, 4000, 4000, 1, 972209
10000, 5000, 5000, 1, 1061250
650, 325, 325, 1, 43959
1000, 500, 500, 1, 69709
2500, 1250, 1250, 1, 394416
5000, 2500, 2500, 1, 548375
8000, 4000, 4000, 1, 956333
10000, 5000, 5000, 1, 1071000
650, 325, 325, 1, 44042
1000, 500, 500, 1, 69792
2500, 1250, 1250, 1, 391500
5000, 2500, 2500, 1, 573584
8000, 4000, 4000, 1, 940250
10000, 5000, 5000, 1, 1069708
650, 325, 325, 1, 43917
1000, 500, 500, 1, 69583
2500, 1250, 1250, 1, 398791
5000, 2500, 2500, 1, 555583
8000, 4000, 4000, 1, 938584
10000, 5000, 5000, 1, 1082250
650, 325, 325, 1, 44083
1000, 500, 500, 1, 69625
2500, 1250, 1250, 1, 395959
5000, 2500, 2500, 1, 552541
8000, 4000, 4000, 1, 940875
10000, 5000, 5000, 1, 1097417
650, 325, 325, 1, 46959
1000, 500, 500, 1, 69625
2500, 1250, 1250, 1, 393875
5000, 2500, 2500, 1, 555875
8000, 4000, 4000, 1, 954750
10000, 5000, 5000, 1, 1074250
650, 325, 325, 1, 44166
1000, 500, 500, 1, 69916
2500, 1250, 1250, 1, 394917
5000, 2500, 2500, 1, 557459
8000, 4000, 4000, 1, 955167
10000, 5000, 5000, 1, 1074541
650, 325, 325, 1, 43917
1000, 500, 500, 1, 72917
2500, 1250, 1250, 1, 420542
5000, 2500, 2500, 1, 554209
8000, 4000, 4000, 1, 951292
10000, 5000, 5000, 1, 1085292
650, 325, 325, 1, 43959
1000, 500, 500, 1, 69750
2500, 1250, 1250, 1, 399625
5000, 2500, 2500, 1, 569250
8000, 4000, 4000, 1, 965750
10000, 5000, 5000, 1, 1076208
650, 325, 325, 1, 44125
1000, 500, 500, 1, 69833
2500, 1250, 1250, 1, 411250
5000, 2500, 2500, 1, 569292
8000, 4000, 4000, 1, 967125
10000, 5000, 5000, 1, 1090500
650, 325, 325, 1, 44000
1000, 500, 500, 1, 69958
2500, 1250, 1250, 1, 403625
5000, 2500, 2500, 1, 556583
8000, 4000, 4000, 1, 971166
10000, 5000, 5000, 1, 1092291
650, 325, 325, 1, 44125
1000, 500, 500, 1, 70000
2500, 1250, 1250, 1, 400416
5000, 2500, 2500, 1, 578375
8000, 4000, 4000, 1, 954542
10000, 5000, 5000, 1, 1095500
650, 325, 325, 1, 44000
1000, 500, 500, 1, 69750
2500, 1250, 1250, 1, 410416
5000, 2500, 2500, 1, 563500
8000, 4000, 4000, 1, 952750
10000, 5000, 5000, 1, 1105000
650, 325, 325, 1, 44041
1000, 500, 500, 1, 70000
2500, 1250, 1250, 1, 401292
5000, 2500, 2500, 1, 586709
8000, 4000, 4000, 1, 963125
10000, 5000, 5000, 1, 1086416
650, 325, 325, 1, 43958
1000, 500, 500, 1, 70000
2500, 1250, 1250, 1, 401959
5000, 2500, 2500, 1, 573375
8000, 4000, 4000, 1, 957458
10000, 5000, 5000, 1, 1110291
650, 325, 325, 1, 43958
1000, 500, 500, 1, 69792
2500, 1250, 1250, 1, 405625
5000, 2500, 2500, 1, 561541
8000, 4000, 4000, 1, 959250
10000, 5000, 5000, 1, 1089667
650, 325, 325, 1, 44042
1000, 500, 500, 1, 75333
2500, 1250, 1250, 1, 420834
5000, 2500, 2500, 1, 562084
8000, 4000, 4000, 1, 976416
10000, 5000, 5000, 1, 1091875
650, 325, 325, 1, 44125
1000, 500, 500, 1, 70167
2500, 1250, 1250, 1, 419209
5000, 2500, 2500, 1, 565833
8000, 4000, 4000, 1, 965542
10000, 5000, 5000, 1, 1090209
650, 325, 325, 1, 45417
1000, 500, 500, 1, 69875
2500, 1250, 1250, 1, 430333
5000, 2500, 2500, 1, 581625
8000, 4000, 4000, 1, 1001333
10000, 5000, 5000, 1, 1103500
650, 325, 325, 1, 44458
1000, 500, 500, 1, 71208
2500, 1250, 1250, 1, 409084
5000, 2500, 2500, 1, 564875
8000, 4000, 4000, 1, 968584
10000, 5000, 5000, 1, 1097042
650, 325, 325, 1, 44083
1000, 500, 500, 1, 71041
2500, 1250, 1250, 1, 415209
5000, 2500, 2500, 1, 569209
8000, 4000, 4000, 1, 970916
10000, 5000, 5000, 1, 1110292
650, 325, 325, 1, 44125
1000, 500, 500, 1, 69958
2500, 1250, 1250, 1, 411209
5000, 2500, 2500, 1, 566750
8000, 4000, 4000, 1, 973875
10000, 5000, 5000, 1, 1095834
650, 325, 325, 1, 44250
1000, 500, 500, 1, 69958
2500, 1250, 1250, 1, 417917
5000, 2500, 2500, 1, 569709
8000, 4000, 4000, 1, 980208
10000, 5000, 5000, 1, 1101084
650, 325, 325, 1, 44250
1000, 500, 500, 1, 70250
2500, 1250, 1250, 1, 412041
5000, 2500, 2500, 1, 568291
8000, 4000, 4000, 1, 972750
10000, 5000, 5000, 1, 1106041
650, 325, 325, 1, 44167
1000, 500, 500, 1, 70125
2500, 1250, 1250, 1, 411083
5000, 2500, 2500, 1, 574542
8000, 4000, 4000, 1, 996250
10000, 5000, 5000, 1, 1108834
650, 325, 325, 1, 44250
1000, 500, 500, 1, 70416
2500, 1250, 1250, 1, 412042
5000, 2500, 2500, 1, 575792
8000, 4000, 4000, 1, 976125
10000, 5000, 5000, 1, 1109375
650, 325, 325, 1, 44167
1000, 500, 500, 1, 70375
2500, 1250, 1250, 1, 413125
5000, 2500, 2500, 1, 574250
8000, 4000, 4000, 1, 977875
10000, 5000, 5000, 1, 1130583
650, 325, 325, 1, 44125
1000, 500, 500, 1, 70417
2500, 1250, 1250, 1, 417500
5000, 2500, 2500, 1, 574750
8000, 4000, 4000, 1, 979333
10000, 5000, 5000, 1, 1111500
650, 325, 325, 1, 44167
1000, 500, 500, 1, 70334
2500, 1250, 1250, 1, 414417
5000, 2500, 2500, 1, 575166
8000, 4000, 4000, 1, 981000
10000, 5000, 5000, 1, 1111625
650, 325, 325, 1, 44208
1000, 500, 500, 1, 70250
2500, 1250, 1250, 1, 418208
5000, 2500, 2500, 1, 574166
8000, 4000, 4000, 1, 984542
10000, 5000, 5000, 1, 1118042
650, 325, 325, 1, 44292
1000, 500, 500, 1, 70292
2500, 1250, 1250, 1, 416167
5000, 2500, 2500, 1, 577500
8000, 4000, 4000, 1, 987208
10000, 5000, 5000, 1, 1115250
650, 325, 325, 1, 44209
1000, 500, 500, 1, 70291
2500, 1250, 1250, 1, 420250
5000, 2500, 2500, 1, 575959
8000, 4000, 4000, 1, 990667
10000, 5000, 5000, 1, 1130209
650, 325, 325, 1, 56917
1000, 500, 500, 1, 70541
2500, 1250, 1250, 1, 418417
5000, 2500, 2500, 1, 578209
8000, 4000, 4000, 1, 993334
10000, 5000, 5000, 1, 1115542
650, 325, 325, 1, 45416
1000, 500, 500, 1, 70250
2500, 1250, 1250, 1, 419042
5000, 2500, 2500, 1, 580334
8000, 4000, 4000, 1, 992083
10000, 5000, 5000, 1, 1117916
650, 325, 325, 1, 44625
1000, 500, 500, 1, 70500
2500, 1250, 1250, 1, 419875
5000, 2500, 2500, 1, 578334
8000, 4000, 4000, 1, 1001208
10000, 5000, 5000, 1, 1122333
650, 325, 325, 1, 44291
1000, 500, 500, 1, 72125
2500, 1250, 1250, 1, 420833
5000, 2500, 2500, 1, 579500
8000, 4000, 4000, 1, 995417
10000, 5000, 5000, 1, 1120792
650, 325, 325, 1, 44375
1000, 500, 500, 1, 70625
2500, 1250, 1250, 1, 425458
5000, 2500, 2500, 1, 580417
8000, 4000, 4000, 1, 997875
10000, 5000, 5000, 1, 1125208
650, 325, 325, 1, 44542
1000, 500, 500, 1, 70583
2500, 1250, 1250, 1, 425292
5000, 2500, 2500, 1, 581375
8000, 4000, 4000, 1, 1008792
10000, 5000, 5000, 1, 1124084
650, 325, 325, 1, 44250
1000, 500, 500, 1, 70625
2500, 1250, 1250, 1, 440375
5000, 2500, 2500, 1, 582125
8000, 4000, 4000, 1, 1001000
10000, 5000, 5000, 1, 1126375
650, 325, 325, 1, 44459
1000, 500, 500, 1, 70791
2500, 1250, 1250, 1, 434541
5000, 2500, 2500, 1, 583000
8000, 4000, 4000, 1, 1002125
10000, 5000, 5000, 1, 1176209
650, 325, 325, 1, 44291
1000, 500, 500, 1, 70500
2500, 1250, 1250, 1, 450542
5000, 2500, 2500, 1, 590584
8000, 4000, 4000, 1, 1004250
10000, 5000, 5000, 1, 1132208
650, 325, 325, 1, 44334
1000, 500, 500, 1, 70667
2500, 1250, 1250, 1, 431542
5000, 2500, 2500, 1, 596875
8000, 4000, 4000, 1, 1003958
10000, 5000, 5000, 1, 1131834
650, 325, 325, 1, 44417
1000, 500, 500, 1, 70666
2500, 1250, 1250, 1, 432250
5000, 2500, 2500, 1, 586042
8000, 4000, 4000, 1, 1004166
10000, 5000, 5000, 1, 1137167
650, 325, 325, 1, 44292
1000, 500, 500, 1, 70875
2500, 1250, 1250, 1, 431917
5000, 2500, 2500, 1, 586666
8000, 4000, 4000, 1, 1027750
10000, 5000, 5000, 1, 1145583
650, 325, 325, 1, 44375
1000, 500, 500, 1, 70666
2500, 1250, 1250, 1, 431458
5000, 2500, 2500, 1, 587458
8000, 4000, 4000, 1, 1010667
10000, 5000, 5000, 1, 1141750
650, 325, 325, 1, 44875
1000, 500, 500, 1, 70833
2500, 1250, 1250, 1, 431042
5000, 2500, 2500, 1, 591000
8000, 4000, 4000, 1, 1012334
10000, 5000, 5000, 1, 1143250
650, 325, 325, 1, 44375
1000, 500, 500, 1, 70958
2500, 1250, 1250, 1, 433292
5000, 2500, 2500, 1, 603625
8000, 4000, 4000, 1, 1019417
10000, 5000, 5000, 1, 1166834
650, 325, 325, 1, 44417
1000, 500, 500, 1, 70917
2500, 1250, 1250, 1, 432125
5000, 2500, 2500, 1, 590542
8000, 4000, 4000, 1, 1012750
10000, 5000, 5000, 1, 1144625
650, 325, 325, 1, 44500
1000, 500, 500, 1, 70875
2500, 1250, 1250, 1, 432500
5000, 2500, 2500, 1, 591125
8000, 4000, 4000, 1, 1017583
10000, 5000, 5000, 1, 1149833
650, 325, 325, 1, 44250
1000, 500, 500, 1, 70875
2500, 1250, 1250, 1, 433500
5000, 2500, 2500, 1, 593291
8000, 4000, 4000, 1, 1016916
10000, 5000, 5000, 1, 1150542
650, 325, 325, 1, 44459
1000, 500, 500, 1, 70833
2500, 1250, 1250, 1, 434209
5000, 2500, 2500, 1, 598333
8000, 4000, 4000, 1, 1020792
10000, 5000, 5000, 1, 1152000
650, 325, 325, 1, 44417
1000, 500, 500, 1, 70792
2500, 1250, 1250, 1, 435125
5000, 2500, 2500, 1, 598500
8000, 4000, 4000, 1, 1022708
10000, 5000, 5000, 1, 1150708
650, 325, 325, 1, 44542
1000, 500, 500, 1, 71000
2500, 1250, 1250, 1, 435916
5000, 2500, 2500, 1, 612042
8000, 4000, 4000, 1, 1025208
10000, 5000, 5000, 1, 1156500
650, 325, 325, 1, 44625
1000, 500, 500, 1, 71042
2500, 1250, 1250, 1, 439875
5000, 2500, 2500, 1, 601834
8000, 4000, 4000, 1, 1023333
10000, 5000, 5000, 1, 1157250
650, 325, 325, 1, 44416
1000, 500, 500, 1, 70917
2500, 1250, 1250, 1, 438042
5000, 2500, 2500, 1, 602042
8000, 4000, 4000, 1, 1024500
10000, 5000, 5000, 1, 1162833
650, 325, 325, 1, 44459
1000, 500, 500, 1, 70959
2500, 1250, 1250, 1, 438792
5000, 2500, 2500, 1, 602583
8000, 4000, 4000, 1, 1026167
10000, 5000, 5000, 1, 1162334
650, 325, 325, 1, 44458
1000, 500, 500, 1, 70917
2500, 1250, 1250, 1, 451458
5000, 2500, 2500, 1, 603625
8000, 4000, 4000, 1, 1053791
10000, 5000, 5000, 1, 1165291
650, 325, 325, 1, 44416
1000, 500, 500, 1, 71166
2500, 1250, 1250, 1, 440250
5000, 2500, 2500, 1, 605459
8000, 4000, 4000, 1, 1030083
10000, 5000, 5000, 1, 1161625
650, 325, 325, 1, 44625
1000, 500, 500, 1, 71125
2500, 1250, 1250, 1, 441292
5000, 2500, 2500, 1, 602292
8000, 4000, 4000, 1, 1032125
10000, 5000, 5000, 1, 1207083
650, 325, 325, 1, 45833
1000, 500, 500, 1, 73334
2500, 1250, 1250, 1, 457708
5000, 2500, 2500, 1, 604875
8000, 4000, 4000, 1, 1039166
10000, 5000, 5000, 1, 1166292
650, 325, 325, 1, 44375
1000, 500, 500, 1, 71167
2500, 1250, 1250, 1, 465208
5000, 2500, 2500, 1, 602250
8000, 4000, 4000, 1, 1035042
10000, 5000, 5000, 1, 1182709
650, 325, 325, 1, 44500
1000, 500, 500, 1, 71125
2500, 1250, 1250, 1, 446708
5000, 2500, 2500, 1, 603250
8000, 4000, 4000, 1, 1055334
10000, 5000, 5000, 1, 1165583
650, 325, 325, 1, 44625
1000, 500, 500, 1, 71167
2500, 1250, 1250, 1, 448417
5000, 2500, 2500, 1, 604000
8000, 4000, 4000, 1, 1041625
10000, 5000, 5000, 1, 1167417
650, 325, 325, 1, 44667
1000, 500, 500, 1, 71209
2500, 1250, 1250, 1, 452292
5000, 2500, 2500, 1, 604958
8000, 4000, 4000, 1, 1043125
10000, 5000, 5000, 1, 1168000
650, 325, 325, 1, 44750
1000, 500, 500, 1, 71375
2500, 1250, 1250, 1, 452208
5000, 2500, 2500, 1, 606208
8000, 4000, 4000, 1, 1044583
10000, 5000, 5000, 1, 1170292
650, 325, 325, 1, 44667
1000, 500, 500, 1, 71542
2500, 1250, 1250, 1, 450917
5000, 2500, 2500, 1, 606958
8000, 4000, 4000, 1, 1049000
10000, 5000, 5000, 1, 1175875
650, 325, 325, 1, 44459
1000, 500, 500, 1, 71333
2500, 1250, 1250, 1, 451334
5000, 2500, 2500, 1, 610208
8000, 4000, 4000, 1, 1048042
10000, 5000, 5000, 1, 1173584
650, 325, 325, 1, 44667
1000, 500, 500, 1, 71375
2500, 1250, 1250, 1, 453209
5000, 2500, 2500, 1, 608792
8000, 4000, 4000, 1, 1049625
10000, 5000, 5000, 1, 1178166
650, 325, 325, 1, 44584
1000, 500, 500, 1, 72000
2500, 1250, 1250, 1, 473958
5000, 2500, 2500, 1, 609500
8000, 4000, 4000, 1, 1051417
10000, 5000, 5000, 1, 1179416
650, 325, 325, 1, 44625
1000, 500, 500, 1, 72917
2500, 1250, 1250, 1, 451417
5000, 2500, 2500, 1, 610500
8000, 4000, 4000, 1, 1057917
10000, 5000, 5000, 1, 1181750
650, 325, 325, 1, 46042
1000, 500, 500, 1, 71417
2500, 1250, 1250, 1, 452208
5000, 2500, 2500, 1, 613750
8000, 4000, 4000, 1, 1058458
10000, 5000, 5000, 1, 1180166
650, 325, 325, 1, 44708
1000, 500, 500, 1, 71542
2500, 1250, 1250, 1, 453167
5000, 2500, 2500, 1, 615125
8000, 4000, 4000, 1, 1056792
10000, 5000, 5000, 1, 1184709
650, 325, 325, 1, 44583
1000, 500, 500, 1, 71459
2500, 1250, 1250, 1, 454083
5000, 2500, 2500, 1, 613042
8000, 4000, 4000, 1, 1091625
10000, 5000, 5000, 1, 1187292
650, 325, 325, 1, 44500
1000, 500, 500, 1, 71500
2500, 1250, 1250, 1, 457708
5000, 2500, 2500, 1, 614334
8000, 4000, 4000, 1, 1060000
10000, 5000, 5000, 1, 1188208
650, 325, 325, 1, 44834
1000, 500, 500, 1, 71500
2500, 1250, 1250, 1, 455958
5000, 2500, 2500, 1, 617375
8000, 4000, 4000, 1, 1060708
10000, 5000, 5000, 1, 1189584
650, 325, 325, 1, 44708
1000, 500, 500, 1, 71375
2500, 1250, 1250, 1, 456500
5000, 2500, 2500, 1, 617625
8000, 4000, 4000, 1, 1062791
10000, 5000, 5000, 1, 1193583
650, 325, 325, 1, 44708
1000, 500, 500, 1, 71667
2500, 1250, 1250, 1, 489208
5000, 2500, 2500, 1, 620542
8000, 4000, 4000, 1, 1062083
10000, 5000, 5000, 1, 1193500
650, 325, 325, 1, 44792
1000, 500, 500, 1, 71500
2500, 1250, 1250, 1, 458750
5000, 2500, 2500, 1, 621792
8000, 4000, 4000, 1, 1068333
10000, 5000, 5000, 1, 1195500
650, 325, 325, 1, 44709
1000, 500, 500, 1, 71625
2500, 1250, 1250, 1, 459167
5000, 2500, 2500, 1, 621542
8000, 4000, 4000, 1, 1067750
10000, 5000, 5000, 1, 1196084
650, 325, 325, 1, 44583
1000, 500, 500, 1, 71792
2500, 1250, 1250, 1, 460083
5000, 2500, 2500, 1, 622875
8000, 4000, 4000, 1, 1067459
10000, 5000, 5000, 1, 1200417
650, 325, 325, 1, 44708
1000, 500, 500, 1, 71750
2500, 1250, 1250, 1, 461250
5000, 2500, 2500, 1, 622334
8000, 4000, 4000, 1, 1068500
10000, 5000, 5000, 1, 1200458
650, 325, 325, 1, 45000
1000, 500, 500, 1, 71875
2500, 1250, 1250, 1, 464834
5000, 2500, 2500, 1, 622125
8000, 4000, 4000, 1, 1072083
10000, 5000, 5000, 1, 1199042
650, 325, 325, 1, 44917
1000, 500, 500, 1, 71958
2500, 1250, 1250, 1, 466833
5000, 2500, 2500, 1, 623417
8000, 4000, 4000, 1, 1076292
10000, 5000, 5000, 1, 1200709
650, 325, 325, 1, 44708
1000, 500, 500, 1, 71792
2500, 1250, 1250, 1, 470333
5000, 2500, 2500, 1, 623334
8000, 4000, 4000, 1, 1076833
10000, 5000, 5000, 1, 1202500
650, 325, 325, 1, 44708
1000, 500, 500, 1, 71792
2500, 1250, 1250, 1, 464584
5000, 2500, 2500, 1, 625666
8000, 4000, 4000, 1, 1078792
10000, 5000, 5000, 1, 1206666
650, 325, 325, 1, 44750
1000, 500, 500, 1, 72958
2500, 1250, 1250, 1, 465459
5000, 2500, 2500, 1, 631625
8000, 4000, 4000, 1, 1080125
10000, 5000, 5000, 1, 1206334
650, 325, 325, 1, 44875
1000, 500, 500, 1, 71917
2500, 1250, 1250, 1, 467625
5000, 2500, 2500, 1, 625958
8000, 4000, 4000, 1, 1081500
10000, 5000, 5000, 1, 1216375
650, 325, 325, 1, 47084
1000, 500, 500, 1, 74834
2500, 1250, 1250, 1, 482750
5000, 2500, 2500, 1, 648917
8000, 4000, 4000, 1, 1100792
10000, 5000, 5000, 1, 1259167
650, 325, 325, 1, 47000
1000, 500, 500, 1, 74416
2500, 1250, 1250, 1, 484375
5000, 2500, 2500, 1, 650042
8000, 4000, 4000, 1, 1116750
10000, 5000, 5000, 1, 1250333
650, 325, 325, 1, 46209
1000, 500, 500, 1, 74042
2500, 1250, 1250, 1, 483417
5000, 2500, 2500, 1, 640625
8000, 4000, 4000, 1, 1086917
10000, 5000, 5000, 1, 1218459
650, 325, 325, 1, 45041
1000, 500, 500, 1, 71959
2500, 1250, 1250, 1, 471917
5000, 2500, 2500, 1, 635833
8000, 4000, 4000, 1, 1087459
10000, 5000, 5000, 1, 1222583
650, 325, 325, 1, 44958
1000, 500, 500, 1, 74459
2500, 1250, 1250, 1, 484750
5000, 2500, 2500, 1, 630333
8000, 4000, 4000, 1, 1122250
10000, 5000, 5000, 1, 1249042
650, 325, 325, 1, 45042
1000, 500, 500, 1, 72125
2500, 1250, 1250, 1, 477583
5000, 2500, 2500, 1, 631875
8000, 4000, 4000, 1, 1096084
10000, 5000, 5000, 1, 1225416
650, 325, 325, 1, 46458
1000, 500, 500, 1, 75792
2500, 1250, 1250, 1, 487416
5000, 2500, 2500, 1, 641625
8000, 4000, 4000, 1, 1096708
10000, 5000, 5000, 1, 1219334
650, 325, 325, 1, 47250
1000, 500, 500, 1, 72000
2500, 1250, 1250, 1, 474208
5000, 2500, 2500, 1, 633333
8000, 4000, 4000, 1, 1101875
10000, 5000, 5000, 1, 1227791
650, 325, 325, 1, 44958
1000, 500, 500, 1, 72625
2500, 1250, 1250, 1, 475583
5000, 2500, 2500, 1, 635250
8000, 4000, 4000, 1, 1099958
10000, 5000, 5000, 1, 1242583
650, 325, 325, 1, 46667
1000, 500, 500, 1, 75125
2500, 1250, 1250, 1, 491083
5000, 2500, 2500, 1, 650334
8000, 4000, 4000, 1, 1125916
10000, 5000, 5000, 1, 1234541
650, 325, 325, 1, 44958
1000, 500, 500, 1, 72042
2500, 1250, 1250, 1, 481458
5000, 2500, 2500, 1, 660834
8000, 4000, 4000, 1, 1118209
10000, 5000, 5000, 1, 1278208
650, 325, 325, 1, 45041
1000, 500, 500, 1, 72208
2500, 1250, 1250, 1, 477583
5000, 2500, 2500, 1, 638208
8000, 4000, 4000, 1, 1099167
10000, 5000, 5000, 1, 1230000
650, 325, 325, 1, 44833
1000, 500, 500, 1, 72334
2500, 1250, 1250, 1, 483292
5000, 2500, 2500, 1, 638084
8000, 4000, 4000, 1, 1111458
10000, 5000, 5000, 1, 1230167
650, 325, 325, 1, 45084
1000, 500, 500, 1, 72084
2500, 1250, 1250, 1, 487708
5000, 2500, 2500, 1, 642625
8000, 4000, 4000, 1, 1108375
10000, 5000, 5000, 1, 1232750
650, 325, 325, 1, 45875
1000, 500, 500, 1, 72834
2500, 1250, 1250, 1, 485666
5000, 2500, 2500, 1, 642625
8000, 4000, 4000, 1, 1109000
10000, 5000, 5000, 1, 1238125
650, 325, 325, 1, 45083
1000, 500, 500, 1, 72041
2500, 1250, 1250, 1, 481000
5000, 2500, 2500, 1, 640708
8000, 4000, 4000, 1, 1126750
10000, 5000, 5000, 1, 1240208
650, 325, 325, 1, 45083
1000, 500, 500, 1, 72375
2500, 1250, 1250, 1, 484750
5000, 2500, 2500, 1, 641500
8000, 4000, 4000, 1, 1112833
10000, 5000, 5000, 1, 1242708
650, 325, 325, 1, 45083
1000, 500, 500, 1, 72250
2500, 1250, 1250, 1, 485333
5000, 2500, 2500, 1, 642083
8000, 4000, 4000, 1, 1115875
10000, 5000, 5000, 1, 1243542
650, 325, 325, 1, 45291
1000, 500, 500, 1, 72334
2500, 1250, 1250, 1, 483750
5000, 2500, 2500, 1, 648875
8000, 4000, 4000, 1, 1112875
10000, 5000, 5000, 1, 1245125
650, 325, 325, 1, 45083
1000, 500, 500, 1, 72542
2500, 1250, 1250, 1, 484584
5000, 2500, 2500, 1, 650042
8000, 4000, 4000, 1, 1115709
10000, 5000, 5000, 1, 1248958
650, 325, 325, 1, 45125
1000, 500, 500, 1, 72500
2500, 1250, 1250, 1, 491000
5000, 2500, 2500, 1, 645458
8000, 4000, 4000, 1, 1119209
10000, 5000, 5000, 1, 1243084
650, 325, 325, 1, 45042
1000, 500, 500, 1, 72459
2500, 1250, 1250, 1, 494375
5000, 2500, 2500, 1, 646292
8000, 4000, 4000, 1, 1121125
10000, 5000, 5000, 1, 1247667
650, 325, 325, 1, 45083
1000, 500, 500, 1, 75792
2500, 1250, 1250, 1, 490583
5000, 2500, 2500, 1, 649792
8000, 4000, 4000, 1, 1122833
10000, 5000, 5000, 1, 1250750
650, 325, 325, 1, 45000
1000, 500, 500, 1, 72417
2500, 1250, 1250, 1, 487625
5000, 2500, 2500, 1, 650375
8000, 4000, 4000, 1, 1123958
10000, 5000, 5000, 1, 1256208
650, 325, 325, 1, 45125
1000, 500, 500, 1, 72459
2500, 1250, 1250, 1, 491500
5000, 2500, 2500, 1, 654125
8000, 4000, 4000, 1, 1125375
10000, 5000, 5000, 1, 1256458
650, 325, 325, 1, 45125
1000, 500, 500, 1, 72417
2500, 1250, 1250, 1, 489666
5000, 2500, 2500, 1, 655250
8000, 4000, 4000, 1, 1122250
10000, 5000, 5000, 1, 1258333
650, 325, 325, 1, 45167
1000, 500, 500, 1, 72583
2500, 1250, 1250, 1, 490750
5000, 2500, 2500, 1, 657042
8000, 4000, 4000, 1, 1137875
10000, 5000, 5000, 1, 1257166
650, 325, 325, 1, 45083
1000, 500, 500, 1, 72542
2500, 1250, 1250, 1, 496709
5000, 2500, 2500, 1, 651542
8000, 4000, 4000, 1, 1131958
10000, 5000, 5000, 1, 1255625
650, 325, 325, 1, 45083
1000, 500, 500, 1, 74292
2500, 1250, 1250, 1, 492542
5000, 2500, 2500, 1, 652667
8000, 4000, 4000, 1, 1132916
10000, 5000, 5000, 1, 1260208
650, 325, 325, 1, 46625
1000, 500, 500, 1, 74959
2500, 1250, 1250, 1, 493458
5000, 2500, 2500, 1, 668750
8000, 4000, 4000, 1, 1179083
10000, 5000, 5000, 1, 1261958
650, 325, 325, 1, 45250
1000, 500, 500, 1, 72958
2500, 1250, 1250, 1, 497125
5000, 2500, 2500, 1, 659667
8000, 4000, 4000, 1, 1130083
10000, 5000, 5000, 1, 1266083
650, 325, 325, 1, 45208
1000, 500, 500, 1, 72833
2500, 1250, 1250, 1, 495000
5000, 2500, 2500, 1, 660833
8000, 4000, 4000, 1, 1132708
10000, 5000, 5000, 1, 1276667
650, 325, 325, 1, 45041
1000, 500, 500, 1, 72583
2500, 1250, 1250, 1, 503042
5000, 2500, 2500, 1, 656166
8000, 4000, 4000, 1, 1139500
10000, 5000, 5000, 1, 1268917
650, 325, 325, 1, 45084
1000, 500, 500, 1, 72625
2500, 1250, 1250, 1, 502875
5000, 2500, 2500, 1, 656958
8000, 4000, 4000, 1, 1141000
10000, 5000, 5000, 1, 1265916
650, 325, 325, 1, 46458
1000, 500, 500, 1, 72667
2500, 1250, 1250, 1, 497708
5000, 2500, 2500, 1, 657958
8000, 4000, 4000, 1, 1143292
10000, 5000, 5000, 1, 1273084
650, 325, 325, 1, 45125
1000, 500, 500, 1, 72750
2500, 1250, 1250, 1, 498750
5000, 2500, 2500, 1, 698375
8000, 4000, 4000, 1, 1142250
10000, 5000, 5000, 1, 1273875
650, 325, 325, 1, 45250
1000, 500, 500, 1, 72792
2500, 1250, 1250, 1, 502291
5000, 2500, 2500, 1, 665167
8000, 4000, 4000, 1, 1141833
10000, 5000, 5000, 1, 1276250
650, 325, 325, 1, 45209
1000, 500, 500, 1, 72833
2500, 1250, 1250, 1, 501542
5000, 2500, 2500, 1, 663584
8000, 4000, 4000, 1, 1149583
10000, 5000, 5000, 1, 1274833
650, 325, 325, 1, 45209
1000, 500, 500, 1, 72750
2500, 1250, 1250, 1, 506917
5000, 2500, 2500, 1, 661958
8000, 4000, 4000, 1, 1150667
10000, 5000, 5000, 1, 1273500
650, 325, 325, 1, 46375
1000, 500, 500, 1, 72916
2500, 1250, 1250, 1, 502333
5000, 2500, 2500, 1, 662583
8000, 4000, 4000, 1, 1154958
10000, 5000, 5000, 1, 1286709
650, 325, 325, 1, 45250
1000, 500, 500, 1, 73000
2500, 1250, 1250, 1, 503250
5000, 2500, 2500, 1, 663458
8000, 4000, 4000, 1, 1151500
10000, 5000, 5000, 1, 1282750
650, 325, 325, 1, 45166
1000, 500, 500, 1, 73000
2500, 1250, 1250, 1, 504000
5000, 2500, 2500, 1, 672792
8000, 4000, 4000, 1, 1149584
10000, 5000, 5000, 1, 1296584
650, 325, 325, 1, 45292
1000, 500, 500, 1, 73042
2500, 1250, 1250, 1, 508625
5000, 2500, 2500, 1, 665375
8000, 4000, 4000, 1, 1154334
10000, 5000, 5000, 1, 1284583
650, 325, 325, 1, 45292
1000, 500, 500, 1, 73000
2500, 1250, 1250, 1, 511958
5000, 2500, 2500, 1, 669084
8000, 4000, 4000, 1, 1161042
10000, 5000, 5000, 1, 1282792
650, 325, 325, 1, 46666
1000, 500, 500, 1, 72833
2500, 1250, 1250, 1, 507000
5000, 2500, 2500, 1, 667417
8000, 4000, 4000, 1, 1171500
10000, 5000, 5000, 1, 1290250
650, 325, 325, 1, 45250
1000, 500, 500, 1, 72958
2500, 1250, 1250, 1, 508167
5000, 2500, 2500, 1, 669000
8000, 4000, 4000, 1, 1159292
10000, 5000, 5000, 1, 1301167
650, 325, 325, 1, 45542
1000, 500, 500, 1, 73834
2500, 1250, 1250, 1, 508791
5000, 2500, 2500, 1, 674084
8000, 4000, 4000, 1, 1160542
10000, 5000, 5000, 1, 1297333
650, 325, 325, 1, 45291
1000, 500, 500, 1, 73333
2500, 1250, 1250, 1, 514959
5000, 2500, 2500, 1, 669541
8000, 4000, 4000, 1, 1168291
10000, 5000, 5000, 1, 1289125
650, 325, 325, 1, 45334
1000, 500, 500, 1, 73042
2500, 1250, 1250, 1, 514958
5000, 2500, 2500, 1, 670792
8000, 4000, 4000, 1, 1167709
10000, 5000, 5000, 1, 1292083
650, 325, 325, 1, 45542
1000, 500, 500, 1, 73167
2500, 1250, 1250, 1, 511334
5000, 2500, 2500, 1, 671709
8000, 4000, 4000, 1, 1171250
10000, 5000, 5000, 1, 1299084
650, 325, 325, 1, 45292
1000, 500, 500, 1, 73417
2500, 1250, 1250, 1, 536125
5000, 2500, 2500, 1, 678750
8000, 4000, 4000, 1, 1164625
10000, 5000, 5000, 1, 1299833
650, 325, 325, 1, 45541
1000, 500, 500, 1, 73375
2500, 1250, 1250, 1, 518333
5000, 2500, 2500, 1, 676875
8000, 4000, 4000, 1, 1171625
10000, 5000, 5000, 1, 1296250
650, 325, 325, 1, 45375
1000, 500, 500, 1, 76125
2500, 1250, 1250, 1, 518542
5000, 2500, 2500, 1, 674667
8000, 4000, 4000, 1, 1224458
10000, 5000, 5000, 1, 1303709
650, 325, 325, 1, 45584
1000, 500, 500, 1, 73416
2500, 1250, 1250, 1, 515042
5000, 2500, 2500, 1, 675292
8000, 4000, 4000, 1, 1179208
10000, 5000, 5000, 1, 1307875
650, 325, 325, 1, 45500
1000, 500, 500, 1, 73125
2500, 1250, 1250, 1, 515625
5000, 2500, 2500, 1, 681292
8000, 4000, 4000, 1, 1174042
10000, 5000, 5000, 1, 1306875
650, 325, 325, 1, 45459
1000, 500, 500, 1, 73208
2500, 1250, 1250, 1, 516709
5000, 2500, 2500, 1, 677333
8000, 4000, 4000, 1, 1177666
10000, 5000, 5000, 1, 1307792
650, 325, 325, 1, 45291
1000, 500, 500, 1, 73166
2500, 1250, 1250, 1, 522750
5000, 2500, 2500, 1, 677917
8000, 4000, 4000, 1, 1180375
10000, 5000, 5000, 1, 1304417
650, 325, 325, 1, 45375
1000, 500, 500, 1, 73416
2500, 1250, 1250, 1, 518667
5000, 2500, 2500, 1, 679292
8000, 4000, 4000, 1, 1183458
10000, 5000, 5000, 1, 1314459
650, 325, 325, 1, 45416
1000, 500, 500, 1, 73459
2500, 1250, 1250, 1, 524209
5000, 2500, 2500, 1, 685625
8000, 4000, 4000, 1, 1181166
10000, 5000, 5000, 1, 1316375
650, 325, 325, 1, 46917
1000, 500, 500, 1, 73209
2500, 1250, 1250, 1, 520334
5000, 2500, 2500, 1, 705875
8000, 4000, 4000, 1, 1205917
10000, 5000, 5000, 1, 1359917
650, 325, 325, 1, 58500
1000, 500, 500, 1, 75667
2500, 1250, 1250, 1, 546375
5000, 2500, 2500, 1, 705333
8000, 4000, 4000, 1, 1244166
10000, 5000, 5000, 1, 1397875
650, 325, 325, 1, 48375
1000, 500, 500, 1, 78083
2500, 1250, 1250, 1, 555208
5000, 2500, 2500, 1, 726916
8000, 4000, 4000, 1, 1259750
10000, 5000, 5000, 1, 1386958
650, 325, 325, 1, 48625
1000, 500, 500, 1, 78541
2500, 1250, 1250, 1, 551500
5000, 2500, 2500, 1, 730334
8000, 4000, 4000, 1, 1267667
10000, 5000, 5000, 1, 1403875
650, 325, 325, 1, 48292
1000, 500, 500, 1, 78166
2500, 1250, 1250, 1, 543625
5000, 2500, 2500, 1, 707875
8000, 4000, 4000, 1, 1247417
10000, 5000, 5000, 1, 1400042
650, 325, 325, 1, 49500
1000, 500, 500, 1, 78375
2500, 1250, 1250, 1, 546417
5000, 2500, 2500, 1, 729291
8000, 4000, 4000, 1, 1265792
10000, 5000, 5000, 1, 1406750
650, 325, 325, 1, 48584
1000, 500, 500, 1, 78125
2500, 1250, 1250, 1, 574750
5000, 2500, 2500, 1, 734667
8000, 4000, 4000, 1, 1246292
10000, 5000, 5000, 1, 1338209
650, 325, 325, 1, 47083
1000, 500, 500, 1, 75875
2500, 1250, 1250, 1, 526459
5000, 2500, 2500, 1, 686958
8000, 4000, 4000, 1, 1206916
10000, 5000, 5000, 1, 1344792
650, 325, 325, 1, 47291
1000, 500, 500, 1, 75875
2500, 1250, 1250, 1, 543583
5000, 2500, 2500, 1, 715625
8000, 4000, 4000, 1, 1229958
10000, 5000, 5000, 1, 1367916
650, 325, 325, 1, 47000
1000, 500, 500, 1, 75875
2500, 1250, 1250, 1, 547875
5000, 2500, 2500, 1, 697167
8000, 4000, 4000, 1, 1207709
10000, 5000, 5000, 1, 1337291
650, 325, 325, 1, 46583
1000, 500, 500, 1, 73625
2500, 1250, 1250, 1, 529333
5000, 2500, 2500, 1, 689917
8000, 4000, 4000, 1, 1200375
10000, 5000, 5000, 1, 1344083
650, 325, 325, 1, 46834
1000, 500, 500, 1, 76041
2500, 1250, 1250, 1, 549417
5000, 2500, 2500, 1, 719125
8000, 4000, 4000, 1, 1241042
10000, 5000, 5000, 1, 1392458
650, 325, 325, 1, 49709
1000, 500, 500, 1, 79292
2500, 1250, 1250, 1, 545459
5000, 2500, 2500, 1, 706166
8000, 4000, 4000, 1, 1222375
10000, 5000, 5000, 1, 1334458
650, 325, 325, 1, 46042
1000, 500, 500, 1, 73750
2500, 1250, 1250, 1, 534542
5000, 2500, 2500, 1, 692416
8000, 4000, 4000, 1, 1207167
10000, 5000, 5000, 1, 1339916
650, 325, 325, 1, 45625
1000, 500, 500, 1, 73875
2500, 1250, 1250, 1, 532875
5000, 2500, 2500, 1, 698667
8000, 4000, 4000, 1, 1203542
10000, 5000, 5000, 1, 1341500
650, 325, 325, 1, 48625
1000, 500, 500, 1, 73834
2500, 1250, 1250, 1, 536625
5000, 2500, 2500, 1, 694500
8000, 4000, 4000, 1, 1212042
10000, 5000, 5000, 1, 1335084
650, 325, 325, 1, 45917
1000, 500, 500, 1, 73834
2500, 1250, 1250, 1, 534708
5000, 2500, 2500, 1, 697250
8000, 4000, 4000, 1, 1211125
10000, 5000, 5000, 1, 1357250
650, 325, 325, 1, 45708
1000, 500, 500, 1, 73834
2500, 1250, 1250, 1, 537042
5000, 2500, 2500, 1, 697708
8000, 4000, 4000, 1, 1211458
10000, 5000, 5000, 1, 1344542
650, 325, 325, 1, 45584
1000, 500, 500, 1, 73750
2500, 1250, 1250, 1, 536500
5000, 2500, 2500, 1, 703166
8000, 4000, 4000, 1, 1226833
10000, 5000, 5000, 1, 1342833
650, 325, 325, 1, 45666
1000, 500, 500, 1, 73833
2500, 1250, 1250, 1, 542542
5000, 2500, 2500, 1, 700000
8000, 4000, 4000, 1, 1217209
10000, 5000, 5000, 1, 1366333
650, 325, 325, 1, 45750
1000, 500, 500, 1, 73917
2500, 1250, 1250, 1, 538166
5000, 2500, 2500, 1, 699250
8000, 4000, 4000, 1, 1219666
10000, 5000, 5000, 1, 1349291
650, 325, 325, 1, 45750
1000, 500, 500, 1, 73917
2500, 1250, 1250, 1, 542000
5000, 2500, 2500, 1, 705166
8000, 4000, 4000, 1, 1219500
10000, 5000, 5000, 1, 1350292
650, 325, 325, 1, 45584
1000, 500, 500, 1, 73834
2500, 1250, 1250, 1, 583458
5000, 2500, 2500, 1, 707959
8000, 4000, 4000, 1, 1232583
10000, 5000, 5000, 1, 1347375
650, 325, 325, 1, 49125
1000, 500, 500, 1, 74167
2500, 1250, 1250, 1, 543833
5000, 2500, 2500, 1, 702542
8000, 4000, 4000, 1, 1228750
10000, 5000, 5000, 1, 1354417
650, 325, 325, 1, 45750
1000, 500, 500, 1, 74000
2500, 1250, 1250, 1, 544625
5000, 2500, 2500, 1, 712250
8000, 4000, 4000, 1, 1220084
10000, 5000, 5000, 1, 1355542
650, 325, 325, 1, 45833
1000, 500, 500, 1, 74167
2500, 1250, 1250, 1, 550833
5000, 2500, 2500, 1, 703334
8000, 4000, 4000, 1, 1227667
10000, 5000, 5000, 1, 1354875
650, 325, 325, 1, 46542
1000, 500, 500, 1, 74000
2500, 1250, 1250, 1, 546500
5000, 2500, 2500, 1, 729209
8000, 4000, 4000, 1, 1254625
10000, 5000, 5000, 1, 1363416
650, 325, 325, 1, 45792
1000, 500, 500, 1, 74083
2500, 1250, 1250, 1, 544208
5000, 2500, 2500, 1, 724459
8000, 4000, 4000, 1, 1225458
10000, 5000, 5000, 1, 1363541
650, 325, 325, 1, 45917
1000, 500, 500, 1, 74000
2500, 1250, 1250, 1, 550625
5000, 2500, 2500, 1, 706125
8000, 4000, 4000, 1, 1250458
10000, 5000, 5000, 1, 1385375
650, 325, 325, 1, 47750
1000, 500, 500, 1, 74250
2500, 1250, 1250, 1, 546334
5000, 2500, 2500, 1, 707459
8000, 4000, 4000, 1, 1236750
10000, 5000, 5000, 1, 1364334
650, 325, 325, 1, 45875
1000, 500, 500, 1, 74334
2500, 1250, 1250, 1, 547000
5000, 2500, 2500, 1, 723500
8000, 4000, 4000, 1, 1234167
10000, 5000, 5000, 1, 1366209
650, 325, 325, 1, 45625
1000, 500, 500, 1, 74209
2500, 1250, 1250, 1, 553916
5000, 2500, 2500, 1, 708792
8000, 4000, 4000, 1, 1236958
10000, 5000, 5000, 1, 1364958
650, 325, 325, 1, 46875
1000, 500, 500, 1, 76708
2500, 1250, 1250, 1, 551625
5000, 2500, 2500, 1, 712458
8000, 4000, 4000, 1, 1239250
10000, 5000, 5000, 1, 1373167
650, 325, 325, 1, 45791
1000, 500, 500, 1, 74208
2500, 1250, 1250, 1, 549750
5000, 2500, 2500, 1, 716000
8000, 4000, 4000, 1, 1238125
10000, 5000, 5000, 1, 1374209
650, 325, 325, 1, 45709
1000, 500, 500, 1, 111167
2500, 1250, 1250, 1, 555708
5000, 2500, 2500, 1, 711750
8000, 4000, 4000, 1, 1242709
10000, 5000, 5000, 1, 1376208
650, 325, 325, 1, 49083
1000, 500, 500, 1, 74375
2500, 1250, 1250, 1, 551458
5000, 2500, 2500, 1, 715000
8000, 4000, 4000, 1, 1244417
10000, 5000, 5000, 1, 1374834
650, 325, 325, 1, 45958
1000, 500, 500, 1, 74208
2500, 1250, 1250, 1, 552417
5000, 2500, 2500, 1, 719125
8000, 4000, 4000, 1, 1240208
10000, 5000, 5000, 1, 1379166
650, 325, 325, 1, 45958
1000, 500, 500, 1, 74542
2500, 1250, 1250, 1, 562750
5000, 2500, 2500, 1, 714209
8000, 4000, 4000, 1, 1247375
10000, 5000, 5000, 1, 1373292
650, 325, 325, 1, 45750
1000, 500, 500, 1, 74417
2500, 1250, 1250, 1, 554250
5000, 2500, 2500, 1, 726792
8000, 4000, 4000, 1, 1316958
10000, 5000, 5000, 1, 1391959
650, 325, 325, 1, 45916
1000, 500, 500, 1, 74458
2500, 1250, 1250, 1, 555167
5000, 2500, 2500, 1, 718833
8000, 4000, 4000, 1, 1245625
10000, 5000, 5000, 1, 1376041
650, 325, 325, 1, 45875
1000, 500, 500, 1, 74458
2500, 1250, 1250, 1, 558875
5000, 2500, 2500, 1, 719833
8000, 4000, 4000, 1, 1253459
10000, 5000, 5000, 1, 1380625
650, 325, 325, 1, 45875
1000, 500, 500, 1, 74667
2500, 1250, 1250, 1, 559667
5000, 2500, 2500, 1, 719083
8000, 4000, 4000, 1, 1248500
10000, 5000, 5000, 1, 1382791
650, 325, 325, 1, 45917
1000, 500, 500, 1, 74416
2500, 1250, 1250, 1, 557875
5000, 2500, 2500, 1, 723875
8000, 4000, 4000, 1, 1262000
10000, 5000, 5000, 1, 1383667
650, 325, 325, 1, 46042
1000, 500, 500, 1, 74542
2500, 1250, 1250, 1, 559542
5000, 2500, 2500, 1, 719792
8000, 4000, 4000, 1, 1254917
10000, 5000, 5000, 1, 1481042
650, 325, 325, 1, 56000
1000, 500, 500, 1, 74709
2500, 1250, 1250, 1, 568375
5000, 2500, 2500, 1, 729125
8000, 4000, 4000, 1, 1268917
10000, 5000, 5000, 1, 1392667
650, 325, 325, 1, 48792
1000, 500, 500, 1, 76417
2500, 1250, 1250, 1, 563667
5000, 2500, 2500, 1, 721459
8000, 4000, 4000, 1, 1255500
10000, 5000, 5000, 1, 1388208
650, 325, 325, 1, 45958
1000, 500, 500, 1, 125208
2500, 1250, 1250, 1, 573084
5000, 2500, 2500, 1, 727708
8000, 4000, 4000, 1, 1277750
10000, 5000, 5000, 1, 1406375
650, 325, 325, 1, 45959
1000, 500, 500, 1, 74709
2500, 1250, 1250, 1, 562292
5000, 2500, 2500, 1, 729500
8000, 4000, 4000, 1, 1271167
10000, 5000, 5000, 1, 1443292
650, 325, 325, 1, 48292
1000, 500, 500, 1, 75958
2500, 1250, 1250, 1, 570250
5000, 2500, 2500, 1, 724416
8000, 4000, 4000, 1, 1266291
10000, 5000, 5000, 1, 1394917
650, 325, 325, 1, 48375
1000, 500, 500, 1, 74583
2500, 1250, 1250, 1, 566875
5000, 2500, 2500, 1, 729041
8000, 4000, 4000, 1, 1264750
10000, 5000, 5000, 1, 1399458
650, 325, 325, 1, 46000
1000, 500, 500, 1, 74833
2500, 1250, 1250, 1, 567708
5000, 2500, 2500, 1, 729833
8000, 4000, 4000, 1, 1290625
10000, 5000, 5000, 1, 1397125
650, 325, 325, 1, 45916
1000, 500, 500, 1, 74750
2500, 1250, 1250, 1, 565875
5000, 2500, 2500, 1, 729709
8000, 4000, 4000, 1, 1269125
10000, 5000, 5000, 1, 1402250
650, 325, 325, 1, 46000
1000, 500, 500, 1, 74750
2500, 1250, 1250, 1, 566875
5000, 2500, 2500, 1, 730875
8000, 4000, 4000, 1, 1278125
10000, 5000, 5000, 1, 1398125
650, 325, 325, 1, 49500
1000, 500, 500, 1, 74625
2500, 1250, 1250, 1, 568084
5000, 2500, 2500, 1, 728625
8000, 4000, 4000, 1, 1274417
10000, 5000, 5000, 1, 1402667
650, 325, 325, 1, 45875
1000, 500, 500, 1, 77583
2500, 1250, 1250, 1, 569042
5000, 2500, 2500, 1, 732917
8000, 4000, 4000, 1, 1277791
10000, 5000, 5000, 1, 1404875
650, 325, 325, 1, 46084
1000, 500, 500, 1, 74750
2500, 1250, 1250, 1, 572291
5000, 2500, 2500, 1, 730709
8000, 4000, 4000, 1, 1278083
10000, 5000, 5000, 1, 1403417
650, 325, 325, 1, 46000
1000, 500, 500, 1, 74917
2500, 1250, 1250, 1, 570208
5000, 2500, 2500, 1, 731750
8000, 4000, 4000, 1, 1292500
10000, 5000, 5000, 1, 1407625
650, 325, 325, 1, 46042
1000, 500, 500, 1, 75000
2500, 1250, 1250, 1, 571542
5000, 2500, 2500, 1, 735625
8000, 4000, 4000, 1, 1277500
10000, 5000, 5000, 1, 1406875
650, 325, 325, 1, 46042
1000, 500, 500, 1, 77542
2500, 1250, 1250, 1, 574417
5000, 2500, 2500, 1, 733833
8000, 4000, 4000, 1, 1280250
10000, 5000, 5000, 1, 1413334
650, 325, 325, 1, 46083
1000, 500, 500, 1, 75041
2500, 1250, 1250, 1, 573000
5000, 2500, 2500, 1, 737584
8000, 4000, 4000, 1, 1279292
10000, 5000, 5000, 1, 1416000
650, 325, 325, 1, 46041
1000, 500, 500, 1, 75000
2500, 1250, 1250, 1, 582042
5000, 2500, 2500, 1, 737750
8000, 4000, 4000, 1, 1289667
10000, 5000, 5000, 1, 1417375
650, 325, 325, 1, 46125
1000, 500, 500, 1, 75083
2500, 1250, 1250, 1, 577334
5000, 2500, 2500, 1, 738833
8000, 4000, 4000, 1, 1282916
10000, 5000, 5000, 1, 1420041
650, 325, 325, 1, 45917
1000, 500, 500, 1, 74833
2500, 1250, 1250, 1, 575750
5000, 2500, 2500, 1, 742209
8000, 4000, 4000, 1, 1286625
10000, 5000, 5000, 1, 1419083
650, 325, 325, 1, 46042
1000, 500, 500, 1, 77458
2500, 1250, 1250, 1, 576667
5000, 2500, 2500, 1, 738083
8000, 4000, 4000, 1, 1291334
10000, 5000, 5000, 1, 1419584
650, 325, 325, 1, 46083
1000, 500, 500, 1, 75125
2500, 1250, 1250, 1, 577625
5000, 2500, 2500, 1, 741417
8000, 4000, 4000, 1, 1291250
10000, 5000, 5000, 1, 1428833
650, 325, 325, 1, 46083
1000, 500, 500, 1, 79500
2500, 1250, 1250, 1, 583208
5000, 2500, 2500, 1, 740083
8000, 4000, 4000, 1, 1292708
10000, 5000, 5000, 1, 1464917
650, 325, 325, 1, 46416
1000, 500, 500, 1, 75291
2500, 1250, 1250, 1, 580292
5000, 2500, 2500, 1, 750209
8000, 4000, 4000, 1, 1291917
10000, 5000, 5000, 1, 1430250
650, 325, 325, 1, 46083
1000, 500, 500, 1, 75125
2500, 1250, 1250, 1, 583625
5000, 2500, 2500, 1, 741750
8000, 4000, 4000, 1, 1329625
10000, 5000, 5000, 1, 1507708
650, 325, 325, 1, 50459
1000, 500, 500, 1, 80167
2500, 1250, 1250, 1, 606125
5000, 2500, 2500, 1, 776083
8000, 4000, 4000, 1, 1351208
10000, 5000, 5000, 1, 1436209
650, 325, 325, 1, 46041
1000, 500, 500, 1, 75208
2500, 1250, 1250, 1, 596416
5000, 2500, 2500, 1, 743542
8000, 4000, 4000, 1, 1303875
10000, 5000, 5000, 1, 1448208
650, 325, 325, 1, 47708
1000, 500, 500, 1, 75292
2500, 1250, 1250, 1, 582958
5000, 2500, 2500, 1, 747458
8000, 4000, 4000, 1, 1306667
10000, 5000, 5000, 1, 1464875
650, 325, 325, 1, 46250
1000, 500, 500, 1, 75291
2500, 1250, 1250, 1, 589750
5000, 2500, 2500, 1, 745292
8000, 4000, 4000, 1, 1307958
10000, 5000, 5000, 1, 1430166
650, 325, 325, 1, 49084
1000, 500, 500, 1, 75333
2500, 1250, 1250, 1, 584750
5000, 2500, 2500, 1, 794333
8000, 4000, 4000, 1, 1325208
10000, 5000, 5000, 1, 1444125
650, 325, 325, 1, 46083
1000, 500, 500, 1, 75375
2500, 1250, 1250, 1, 585542
5000, 2500, 2500, 1, 750833
8000, 4000, 4000, 1, 1308541
10000, 5000, 5000, 1, 1437000
650, 325, 325, 1, 46250
1000, 500, 500, 1, 77375
2500, 1250, 1250, 1, 589250
5000, 2500, 2500, 1, 750917
8000, 4000, 4000, 1, 1311209
10000, 5000, 5000, 1, 1447959
650, 325, 325, 1, 46084
1000, 500, 500, 1, 75500
2500, 1250, 1250, 1, 590709
5000, 2500, 2500, 1, 753250
8000, 4000, 4000, 1, 1319250
10000, 5000, 5000, 1, 1440250
650, 325, 325, 1, 46250
1000, 500, 500, 1, 76000
2500, 1250, 1250, 1, 591083
5000, 2500, 2500, 1, 749750
8000, 4000, 4000, 1, 1312875
10000, 5000, 5000, 1, 1451708
650, 325, 325, 1, 46334
1000, 500, 500, 1, 75416
2500, 1250, 1250, 1, 589250
5000, 2500, 2500, 1, 757416
8000, 4000, 4000, 1, 1315208
10000, 5000, 5000, 1, 1443584
650, 325, 325, 1, 46208
1000, 500, 500, 1, 75500
2500, 1250, 1250, 1, 590083
5000, 2500, 2500, 1, 751875
8000, 4000, 4000, 1, 1316500
10000, 5000, 5000, 1, 1447291
650, 325, 325, 1, 46250
1000, 500, 500, 1, 75958
2500, 1250, 1250, 1, 590917
5000, 2500, 2500, 1, 760875
8000, 4000, 4000, 1, 1317458
10000, 5000, 5000, 1, 1447875
650, 325, 325, 1, 46375
1000, 500, 500, 1, 75458
2500, 1250, 1250, 1, 600334
5000, 2500, 2500, 1, 753416
8000, 4000, 4000, 1, 1322542
10000, 5000, 5000, 1, 1451875
650, 325, 325, 1, 46875
1000, 500, 500, 1, 75583
2500, 1250, 1250, 1, 597000
5000, 2500, 2500, 1, 759625
8000, 4000, 4000, 1, 1319084
10000, 5000, 5000, 1, 1455125
650, 325, 325, 1, 46292
1000, 500, 500, 1, 75417
2500, 1250, 1250, 1, 599709
5000, 2500, 2500, 1, 758542
8000, 4000, 4000, 1, 1326167
10000, 5000, 5000, 1, 1457167
650, 325, 325, 1, 46250
1000, 500, 500, 1, 75500
2500, 1250, 1250, 1, 598667
5000, 2500, 2500, 1, 761917
8000, 4000, 4000, 1, 1319708
10000, 5000, 5000, 1, 1470958
650, 325, 325, 1, 46291
1000, 500, 500, 1, 75542
2500, 1250, 1250, 1, 602291
5000, 2500, 2500, 1, 758583
8000, 4000, 4000, 1, 1345042
10000, 5000, 5000, 1, 1513750
650, 325, 325, 1, 48000
1000, 500, 500, 1, 78291
2500, 1250, 1250, 1, 601084
5000, 2500, 2500, 1, 787042
8000, 4000, 4000, 1, 1346750
10000, 5000, 5000, 1, 1462416
650, 325, 325, 1, 46458
1000, 500, 500, 1, 75500
2500, 1250, 1250, 1, 602750
5000, 2500, 2500, 1, 759209
8000, 4000, 4000, 1, 1331541
10000, 5000, 5000, 1, 1464208
650, 325, 325, 1, 47417
1000, 500, 500, 1, 75584
2500, 1250, 1250, 1, 598458
5000, 2500, 2500, 1, 765125
8000, 4000, 4000, 1, 1352083
10000, 5000, 5000, 1, 1469917
650, 325, 325, 1, 47042
1000, 500, 500, 1, 75666
2500, 1250, 1250, 1, 604583
5000, 2500, 2500, 1, 763750
8000, 4000, 4000, 1, 1335958
10000, 5000, 5000, 1, 1464834
650, 325, 325, 1, 46459
1000, 500, 500, 1, 92833
2500, 1250, 1250, 1, 602792
5000, 2500, 2500, 1, 775292
8000, 4000, 4000, 1, 1331458
10000, 5000, 5000, 1, 1476542
650, 325, 325, 1, 46333
1000, 500, 500, 1, 75667
2500, 1250, 1250, 1, 606000
5000, 2500, 2500, 1, 765458
8000, 4000, 4000, 1, 1337500
10000, 5000, 5000, 1, 1467834
650, 325, 325, 1, 46375
1000, 500, 500, 1, 75875
2500, 1250, 1250, 1, 605083
5000, 2500, 2500, 1, 769459
8000, 4000, 4000, 1, 1336000
10000, 5000, 5000, 1, 1478250
650, 325, 325, 1, 48833
1000, 500, 500, 1, 81250
2500, 1250, 1250, 1, 608209
5000, 2500, 2500, 1, 764667
8000, 4000, 4000, 1, 1340166
10000, 5000, 5000, 1, 1471500
650, 325, 325, 1, 46459
1000, 500, 500, 1, 75750
2500, 1250, 1250, 1, 606333
5000, 2500, 2500, 1, 770875
8000, 4000, 4000, 1, 1339125
10000, 5000, 5000, 1, 1474000
650, 325, 325, 1, 46416
1000, 500, 500, 1, 75917
2500, 1250, 1250, 1, 609916
5000, 2500, 2500, 1, 769000
8000, 4000, 4000, 1, 1344125
10000, 5000, 5000, 1, 1483208
650, 325, 325, 1, 46417
1000, 500, 500, 1, 76000
2500, 1250, 1250, 1, 605416
5000, 2500, 2500, 1, 780250
8000, 4000, 4000, 1, 1369709
10000, 5000, 5000, 1, 1477250
650, 325, 325, 1, 46583
1000, 500, 500, 1, 76000
2500, 1250, 1250, 1, 611917
5000, 2500, 2500, 1, 768125
8000, 4000, 4000, 1, 1347125
10000, 5000, 5000, 1, 1478125
650, 325, 325, 1, 46458
1000, 500, 500, 1, 75958
2500, 1250, 1250, 1, 607250
5000, 2500, 2500, 1, 774459
8000, 4000, 4000, 1, 1346166
10000, 5000, 5000, 1, 1483500
650, 325, 325, 1, 46666
1000, 500, 500, 1, 76000
2500, 1250, 1250, 1, 613416
5000, 2500, 2500, 1, 772875
8000, 4000, 4000, 1, 1350125
10000, 5000, 5000, 1, 1481583
650, 325, 325, 1, 46542
1000, 500, 500, 1, 75917
2500, 1250, 1250, 1, 611667
5000, 2500, 2500, 1, 777042
8000, 4000, 4000, 1, 1346458
10000, 5000, 5000, 1, 1484250
650, 325, 325, 1, 46500
1000, 500, 500, 1, 76042
2500, 1250, 1250, 1, 615250
5000, 2500, 2500, 1, 774583
8000, 4000, 4000, 1, 1353792
10000, 5000, 5000, 1, 1485000
650, 325, 325, 1, 46500
1000, 500, 500, 1, 76125
2500, 1250, 1250, 1, 610666
5000, 2500, 2500, 1, 792875
8000, 4000, 4000, 1, 1352834
10000, 5000, 5000, 1, 1490791
650, 325, 325, 1, 46542
1000, 500, 500, 1, 76209
2500, 1250, 1250, 1, 619209
5000, 2500, 2500, 1, 774125
8000, 4000, 4000, 1, 1359958
10000, 5000, 5000, 1, 1497083
650, 325, 325, 1, 47917
1000, 500, 500, 1, 76250
2500, 1250, 1250, 1, 612667
5000, 2500, 2500, 1, 780000
8000, 4000, 4000, 1, 1355292
10000, 5000, 5000, 1, 1486250
650, 325, 325, 1, 46542
1000, 500, 500, 1, 76167
2500, 1250, 1250, 1, 614083
5000, 2500, 2500, 1, 775416
8000, 4000, 4000, 1, 1360209
10000, 5000, 5000, 1, 1494584
650, 325, 325, 1, 46375
1000, 500, 500, 1, 76083
2500, 1250, 1250, 1, 614375
5000, 2500, 2500, 1, 781375
8000, 4000, 4000, 1, 1362083
10000, 5000, 5000, 1, 1492708
650, 325, 325, 1, 46542
1000, 500, 500, 1, 80292
2500, 1250, 1250, 1, 615250
5000, 2500, 2500, 1, 777083
8000, 4000, 4000, 1, 1366791
10000, 5000, 5000, 1, 1495167
650, 325, 325, 1, 46667
1000, 500, 500, 1, 76167
2500, 1250, 1250, 1, 628500
5000, 2500, 2500, 1, 798625
8000, 4000, 4000, 1, 1365292
10000, 5000, 5000, 1, 1497791
650, 325, 325, 1, 46916
1000, 500, 500, 1, 77500
2500, 1250, 1250, 1, 619625
5000, 2500, 2500, 1, 782667
8000, 4000, 4000, 1, 1369166
10000, 5000, 5000, 1, 1584167
650, 325, 325, 1, 46459
1000, 500, 500, 1, 76250
2500, 1250, 1250, 1, 622417
5000, 2500, 2500, 1, 791041
8000, 4000, 4000, 1, 1368958
10000, 5000, 5000, 1, 1514750
650, 325, 325, 1, 46500
1000, 500, 500, 1, 76667
2500, 1250, 1250, 1, 618833
5000, 2500, 2500, 1, 786542
8000, 4000, 4000, 1, 1370750
10000, 5000, 5000, 1, 1497459
650, 325, 325, 1, 46708
1000, 500, 500, 1, 80000
2500, 1250, 1250, 1, 622708
5000, 2500, 2500, 1, 786292
8000, 4000, 4000, 1, 1372458
10000, 5000, 5000, 1, 1503542
650, 325, 325, 1, 46625
1000, 500, 500, 1, 76250
2500, 1250, 1250, 1, 648666
5000, 2500, 2500, 1, 802791
8000, 4000, 4000, 1, 1374042
10000, 5000, 5000, 1, 1502667
650, 325, 325, 1, 47042
1000, 500, 500, 1, 76375
2500, 1250, 1250, 1, 624167
5000, 2500, 2500, 1, 787041
8000, 4000, 4000, 1, 1373000
10000, 5000, 5000, 1, 1507333
650, 325, 325, 1, 46541
1000, 500, 500, 1, 76292
2500, 1250, 1250, 1, 639625
5000, 2500, 2500, 1, 787166
8000, 4000, 4000, 1, 1384875
10000, 5000, 5000, 1, 1527542
650, 325, 325, 1, 47000
1000, 500, 500, 1, 91875
2500, 1250, 1250, 1, 623333
5000, 2500, 2500, 1, 792583
8000, 4000, 4000, 1, 1373167
10000, 5000, 5000, 1, 1510209
650, 325, 325, 1, 46625
1000, 500, 500, 1, 76333
2500, 1250, 1250, 1, 629542
5000, 2500, 2500, 1, 786041
8000, 4000, 4000, 1, 1380584
10000, 5000, 5000, 1, 1512500
650, 325, 325, 1, 46792
1000, 500, 500, 1, 76375
2500, 1250, 1250, 1, 624792
5000, 2500, 2500, 1, 805292
8000, 4000, 4000, 1, 1380250
10000, 5000, 5000, 1, 1510333
650, 325, 325, 1, 46625
1000, 500, 500, 1, 76583
2500, 1250, 1250, 1, 630292
5000, 2500, 2500, 1, 788292
8000, 4000, 4000, 1, 1386750
10000, 5000, 5000, 1, 1515292
650, 325, 325, 1, 46667
1000, 500, 500, 1, 76625
2500, 1250, 1250, 1, 629250
5000, 2500, 2500, 1, 797042
8000, 4000, 4000, 1, 1391084
10000, 5000, 5000, 1, 1515083
650, 325, 325, 1, 47708
1000, 500, 500, 1, 76542
2500, 1250, 1250, 1, 627583
5000, 2500, 2500, 1, 793167
8000, 4000, 4000, 1, 1387666
10000, 5000, 5000, 1, 1522333
650, 325, 325, 1, 46875
1000, 500, 500, 1, 76584
2500, 1250, 1250, 1, 637250
5000, 2500, 2500, 1, 790542
8000, 4000, 4000, 1, 1389000
10000, 5000, 5000, 1, 1520541
650, 325, 325, 1, 46750
1000, 500, 500, 1, 76584
2500, 1250, 1250, 1, 629708
5000, 2500, 2500, 1, 799833
8000, 4000, 4000, 1, 1448042
10000, 5000, 5000, 1, 1522916
650, 325, 325, 1, 46834
1000, 500, 500, 1, 76542
2500, 1250, 1250, 1, 636291
5000, 2500, 2500, 1, 799125
8000, 4000, 4000, 1, 1395250
10000, 5000, 5000, 1, 1523209
650, 325, 325, 1, 46750
1000, 500, 500, 1, 76709
2500, 1250, 1250, 1, 631208
5000, 2500, 2500, 1, 798542
8000, 4000, 4000, 1, 1388875
10000, 5000, 5000, 1, 1518958
650, 325, 325, 1, 46708
1000, 500, 500, 1, 77834
2500, 1250, 1250, 1, 634833
5000, 2500, 2500, 1, 793708
8000, 4000, 4000, 1, 1396083
10000, 5000, 5000, 1, 1530584
650, 325, 325, 1, 46750
1000, 500, 500, 1, 76709
2500, 1250, 1250, 1, 632792
5000, 2500, 2500, 1, 802458
8000, 4000, 4000, 1, 1410292
10000, 5000, 5000, 1, 1529417
650, 325, 325, 1, 46792
1000, 500, 500, 1, 76708
2500, 1250, 1250, 1, 633792
5000, 2500, 2500, 1, 801041
8000, 4000, 4000, 1, 1495167
10000, 5000, 5000, 1, 1606000
650, 325, 325, 1, 55583
1000, 500, 500, 1, 81000
2500, 1250, 1250, 1, 662917
5000, 2500, 2500, 1, 821792
8000, 4000, 4000, 1, 1408584
10000, 5000, 5000, 1, 1559625
650, 325, 325, 1, 50625
1000, 500, 500, 1, 79250
2500, 1250, 1250, 1, 640458
5000, 2500, 2500, 1, 810000
8000, 4000, 4000, 1, 1406000
10000, 5000, 5000, 1, 1527416
650, 325, 325, 1, 49500
1000, 500, 500, 1, 76833
2500, 1250, 1250, 1, 636375
5000, 2500, 2500, 1, 798292
8000, 4000, 4000, 1, 1408834
10000, 5000, 5000, 1, 1535042
650, 325, 325, 1, 47000
1000, 500, 500, 1, 76875
2500, 1250, 1250, 1, 642584
5000, 2500, 2500, 1, 810625
8000, 4000, 4000, 1, 1406750
10000, 5000, 5000, 1, 1538333
650, 325, 325, 1, 47000
1000, 500, 500, 1, 76834
2500, 1250, 1250, 1, 638750
5000, 2500, 2500, 1, 817084
8000, 4000, 4000, 1, 1405250
10000, 5000, 5000, 1, 1539041
650, 325, 325, 1, 46833
1000, 500, 500, 1, 76917
2500, 1250, 1250, 1, 644667
5000, 2500, 2500, 1, 808500
8000, 4000, 4000, 1, 1409334
10000, 5000, 5000, 1, 1543958
650, 325, 325, 1, 46917
1000, 500, 500, 1, 77042
2500, 1250, 1250, 1, 643041
5000, 2500, 2500, 1, 807625
8000, 4000, 4000, 1, 1410625
10000, 5000, 5000, 1, 1541250
650, 325, 325, 1, 48959
1000, 500, 500, 1, 77000
2500, 1250, 1250, 1, 641083
5000, 2500, 2500, 1, 808791
8000, 4000, 4000, 1, 1409625
10000, 5000, 5000, 1, 1547584
650, 325, 325, 1, 46875
1000, 500, 500, 1, 77000
2500, 1250, 1250, 1, 647291
5000, 2500, 2500, 1, 804458
8000, 4000, 4000, 1, 1414375
10000, 5000, 5000, 1, 1546375
650, 325, 325, 1, 47084
1000, 500, 500, 1, 77041
2500, 1250, 1250, 1, 642875
5000, 2500, 2500, 1, 817083
8000, 4000, 4000, 1, 1414750
10000, 5000, 5000, 1, 1547916
650, 325, 325, 1, 46750
1000, 500, 500, 1, 77625
2500, 1250, 1250, 1, 643667
5000, 2500, 2500, 1, 809292
8000, 4000, 4000, 1, 1418417
10000, 5000, 5000, 1, 1549834
650, 325, 325, 1, 46875
1000, 500, 500, 1, 77083
2500, 1250, 1250, 1, 656416
5000, 2500, 2500, 1, 807208
8000, 4000, 4000, 1, 1439375
10000, 5000, 5000, 1, 1550583
650, 325, 325, 1, 47000
1000, 500, 500, 1, 77042
2500, 1250, 1250, 1, 645417
5000, 2500, 2500, 1, 812500
8000, 4000, 4000, 1, 1417208
10000, 5000, 5000, 1, 1550958
650, 325, 325, 1, 47125
1000, 500, 500, 1, 77166
2500, 1250, 1250, 1, 652125
5000, 2500, 2500, 1, 808833
8000, 4000, 4000, 1, 1423000
10000, 5000, 5000, 1, 1556375
650, 325, 325, 1, 46875
1000, 500, 500, 1, 77208
2500, 1250, 1250, 1, 647834
5000, 2500, 2500, 1, 815250
8000, 4000, 4000, 1, 1424708
10000, 5000, 5000, 1, 1555208
650, 325, 325, 1, 46959
1000, 500, 500, 1, 77041
2500, 1250, 1250, 1, 657625
5000, 2500, 2500, 1, 816083
8000, 4000, 4000, 1, 1424083
10000, 5000, 5000, 1, 1561416
650, 325, 325, 1, 47000
1000, 500, 500, 1, 77125
2500, 1250, 1250, 1, 655500
5000, 2500, 2500, 1, 811791
8000, 4000, 4000, 1, 1430083
10000, 5000, 5000, 1, 1573584
650, 325, 325, 1, 46875
1000, 500, 500, 1, 85209
2500, 1250, 1250, 1, 650083
5000, 2500, 2500, 1, 821125
8000, 4000, 4000, 1, 1429458
10000, 5000, 5000, 1, 1556125
650, 325, 325, 1, 48417
1000, 500, 500, 1, 77125
2500, 1250, 1250, 1, 653833
5000, 2500, 2500, 1, 813667
8000, 4000, 4000, 1, 1438875
10000, 5000, 5000, 1, 1567791
650, 325, 325, 1, 46917
1000, 500, 500, 1, 77292
2500, 1250, 1250, 1, 675959
5000, 2500, 2500, 1, 816458
8000, 4000, 4000, 1, 1431625
10000, 5000, 5000, 1, 1562458
650, 325, 325, 1, 47084
1000, 500, 500, 1, 77125
2500, 1250, 1250, 1, 652500
5000, 2500, 2500, 1, 818584
8000, 4000, 4000, 1, 1431542
10000, 5000, 5000, 1, 1575083
650, 325, 325, 1, 47083
1000, 500, 500, 1, 79542
2500, 1250, 1250, 1, 655625
5000, 2500, 2500, 1, 816417
8000, 4000, 4000, 1, 1434208
10000, 5000, 5000, 1, 1566500
650, 325, 325, 1, 47042
1000, 500, 500, 1, 77416
2500, 1250, 1250, 1, 662166
5000, 2500, 2500, 1, 817500
8000, 4000, 4000, 1, 1458083
10000, 5000, 5000, 1, 1569875
650, 325, 325, 1, 47000
1000, 500, 500, 1, 77458
2500, 1250, 1250, 1, 655875
5000, 2500, 2500, 1, 822625
8000, 4000, 4000, 1, 1434834
10000, 5000, 5000, 1, 1567292
650, 325, 325, 1, 47084
1000, 500, 500, 1, 83292
2500, 1250, 1250, 1, 664334
5000, 2500, 2500, 1, 826458
8000, 4000, 4000, 1, 1438666
10000, 5000, 5000, 1, 1573166
650, 325, 325, 1, 47041
1000, 500, 500, 1, 77291
2500, 1250, 1250, 1, 659667
5000, 2500, 2500, 1, 824625
8000, 4000, 4000, 1, 1440167
10000, 5000, 5000, 1, 1579333
650, 325, 325, 1, 47000
1000, 500, 500, 1, 77458
2500, 1250, 1250, 1, 660416
5000, 2500, 2500, 1, 833542
8000, 4000, 4000, 1, 1441750
10000, 5000, 5000, 1, 1571125
650, 325, 325, 1, 46917
1000, 500, 500, 1, 79417
2500, 1250, 1250, 1, 658416
5000, 2500, 2500, 1, 821333
8000, 4000, 4000, 1, 1444042
10000, 5000, 5000, 1, 1576875
650, 325, 325, 1, 47000
1000, 500, 500, 1, 77583
2500, 1250, 1250, 1, 662834
5000, 2500, 2500, 1, 822916
8000, 4000, 4000, 1, 1448917
10000, 5000, 5000, 1, 1582125
650, 325, 325, 1, 47166
1000, 500, 500, 1, 77667
2500, 1250, 1250, 1, 660583
5000, 2500, 2500, 1, 826667
8000, 4000, 4000, 1, 1445250
10000, 5000, 5000, 1, 1587791
650, 325, 325, 1, 47041
1000, 500, 500, 1, 78417
2500, 1250, 1250, 1, 661834
5000, 2500, 2500, 1, 824500
8000, 4000, 4000, 1, 1450666
10000, 5000, 5000, 1, 1581750
650, 325, 325, 1, 47042
1000, 500, 500, 1, 77625
2500, 1250, 1250, 1, 665208
5000, 2500, 2500, 1, 825833
8000, 4000, 4000, 1, 1451584
10000, 5000, 5000, 1, 1582875
650, 325, 325, 1, 47458
1000, 500, 500, 1, 77625
2500, 1250, 1250, 1, 663750
5000, 2500, 2500, 1, 829875
8000, 4000, 4000, 1, 1454042
10000, 5000, 5000, 1, 1584875
650, 325, 325, 1, 47084
1000, 500, 500, 1, 78625
2500, 1250, 1250, 1, 663875
5000, 2500, 2500, 1, 826458
8000, 4000, 4000, 1, 1458792
10000, 5000, 5000, 1, 1590125
650, 325, 325, 1, 47208
1000, 500, 500, 1, 77625
2500, 1250, 1250, 1, 667542
5000, 2500, 2500, 1, 827458
8000, 4000, 4000, 1, 1457042
10000, 5000, 5000, 1, 1588458
650, 325, 325, 1, 47125
1000, 500, 500, 1, 77625
2500, 1250, 1250, 1, 666042
5000, 2500, 2500, 1, 831333
8000, 4000, 4000, 1, 1455167
10000, 5000, 5000, 1, 1588167
650, 325, 325, 1, 47166
1000, 500, 500, 1, 79875
2500, 1250, 1250, 1, 666708
5000, 2500, 2500, 1, 848750
8000, 4000, 4000, 1, 1460667
10000, 5000, 5000, 1, 1599084
650, 325, 325, 1, 47041
1000, 500, 500, 1, 77625
2500, 1250, 1250, 1, 672167
5000, 2500, 2500, 1, 833166
8000, 4000, 4000, 1, 1460041
10000, 5000, 5000, 1, 1593000
650, 325, 325, 1, 47250
1000, 500, 500, 1, 77791
2500, 1250, 1250, 1, 673000
5000, 2500, 2500, 1, 834917
8000, 4000, 4000, 1, 1481875
10000, 5000, 5000, 1, 1595917
650, 325, 325, 1, 48667
1000, 500, 500, 1, 77875
2500, 1250, 1250, 1, 672333
5000, 2500, 2500, 1, 833125
8000, 4000, 4000, 1, 1463083
10000, 5000, 5000, 1, 1597208
650, 325, 325, 1, 47250
1000, 500, 500, 1, 78084
2500, 1250, 1250, 1, 673416
5000, 2500, 2500, 1, 836708
8000, 4000, 4000, 1, 1479333
10000, 5000, 5000, 1, 1600958
650, 325, 325, 1, 47292
1000, 500, 500, 1, 77875
2500, 1250, 1250, 1, 671416
5000, 2500, 2500, 1, 837584
8000, 4000, 4000, 1, 1473417
10000, 5000, 5000, 1, 1607916
650, 325, 325, 1, 47125
1000, 500, 500, 1, 77917
2500, 1250, 1250, 1, 672417
5000, 2500, 2500, 1, 840666
8000, 4000, 4000, 1, 1473417
10000, 5000, 5000, 1, 1601625
650, 325, 325, 1, 47250
1000, 500, 500, 1, 77875
2500, 1250, 1250, 1, 676250
5000, 2500, 2500, 1, 836250
8000, 4000, 4000, 1, 1474375
10000, 5000, 5000, 1, 1605334
650, 325, 325, 1, 47416
1000, 500, 500, 1, 78166
2500, 1250, 1250, 1, 677208
5000, 2500, 2500, 1, 840417
8000, 4000, 4000, 1, 1476375
10000, 5000, 5000, 1, 1605958
650, 325, 325, 1, 47292
1000, 500, 500, 1, 77917
2500, 1250, 1250, 1, 675250
5000, 2500, 2500, 1, 845584
8000, 4000, 4000, 1, 1483292
10000, 5000, 5000, 1, 1603916
650, 325, 325, 1, 47375
1000, 500, 500, 1, 80041
2500, 1250, 1250, 1, 678958
5000, 2500, 2500, 1, 839500
8000, 4000, 4000, 1, 1487083
10000, 5000, 5000, 1, 1608750
650, 325, 325, 1, 47250
1000, 500, 500, 1, 78042
2500, 1250, 1250, 1, 680125
5000, 2500, 2500, 1, 842958
8000, 4000, 4000, 1, 1477458
10000, 5000, 5000, 1, 1610792
650, 325, 325, 1, 47333
1000, 500, 500, 1, 78333
2500, 1250, 1250, 1, 680459
5000, 2500, 2500, 1, 848292
8000, 4000, 4000, 1, 1516750
10000, 5000, 5000, 1, 1610584
650, 325, 325, 1, 47375
1000, 500, 500, 1, 78000
2500, 1250, 1250, 1, 678583
5000, 2500, 2500, 1, 844750
8000, 4000, 4000, 1, 1478542
10000, 5000, 5000, 1, 1613167
650, 325, 325, 1, 47333
1000, 500, 500, 1, 78084
2500, 1250, 1250, 1, 685959
5000, 2500, 2500, 1, 845750
8000, 4000, 4000, 1, 1492167
10000, 5000, 5000, 1, 1615917
650, 325, 325, 1, 47292
1000, 500, 500, 1, 78208
2500, 1250, 1250, 1, 681500
5000, 2500, 2500, 1, 846333
8000, 4000, 4000, 1, 1493625
10000, 5000, 5000, 1, 1616916
650, 325, 325, 1, 47250
1000, 500, 500, 1, 78166
2500, 1250, 1250, 1, 681333
5000, 2500, 2500, 1, 848166
8000, 4000, 4000, 1, 1485167
10000, 5000, 5000, 1, 1616208
650, 325, 325, 1, 47333
1000, 500, 500, 1, 80000
2500, 1250, 1250, 1, 685125
5000, 2500, 2500, 1, 845416
8000, 4000, 4000, 1, 1490291
10000, 5000, 5000, 1, 1625000
650, 325, 325, 1, 47500
1000, 500, 500, 1, 78292
2500, 1250, 1250, 1, 694916
5000, 2500, 2500, 1, 851709
8000, 4000, 4000, 1, 1494250
10000, 5000, 5000, 1, 1620666
650, 325, 325, 1, 47500
1000, 500, 500, 1, 78000
2500, 1250, 1250, 1, 683625
5000, 2500, 2500, 1, 850333
8000, 4000, 4000, 1, 1524167
10000, 5000, 5000, 1, 1625625
650, 325, 325, 1, 47458
1000, 500, 500, 1, 78250
2500, 1250, 1250, 1, 684958
5000, 2500, 2500, 1, 850875
8000, 4000, 4000, 1, 1490583
10000, 5000, 5000, 1, 1627042
650, 325, 325, 1, 47417
1000, 500, 500, 1, 79208
2500, 1250, 1250, 1, 685917
5000, 2500, 2500, 1, 849208
8000, 4000, 4000, 1, 1537583
10000, 5000, 5000, 1, 1632875
650, 325, 325, 1, 47584
1000, 500, 500, 1, 78292
2500, 1250, 1250, 1, 690125
5000, 2500, 2500, 1, 850209
8000, 4000, 4000, 1, 1512416
10000, 5000, 5000, 1, 1629875
650, 325, 325, 1, 47458
1000, 500, 500, 1, 78459
2500, 1250, 1250, 1, 687708
5000, 2500, 2500, 1, 857875
8000, 4000, 4000, 1, 1499250
10000, 5000, 5000, 1, 1630583
650, 325, 325, 1, 47416
1000, 500, 500, 1, 78334
2500, 1250, 1250, 1, 688708
5000, 2500, 2500, 1, 858292
8000, 4000, 4000, 1, 1505416
10000, 5000, 5000, 1, 1634292
650, 325, 325, 1, 47334
1000, 500, 500, 1, 78625
2500, 1250, 1250, 1, 694333
5000, 2500, 2500, 1, 852625
8000, 4000, 4000, 1, 1503708
10000, 5000, 5000, 1, 1634458
650, 325, 325, 1, 47625
1000, 500, 500, 1, 78334
2500, 1250, 1250, 1, 693375
5000, 2500, 2500, 1, 853125
8000, 4000, 4000, 1, 1506083
10000, 5000, 5000, 1, 1647042
650, 325, 325, 1, 47500
1000, 500, 500, 1, 78333
2500, 1250, 1250, 1, 700958
5000, 2500, 2500, 1, 865834
8000, 4000, 4000, 1, 1504042
10000, 5000, 5000, 1, 1637625
650, 325, 325, 1, 47625
1000, 500, 500, 1, 78500
2500, 1250, 1250, 1, 692125
5000, 2500, 2500, 1, 858666
8000, 4000, 4000, 1, 1503208
10000, 5000, 5000, 1, 1642458
650, 325, 325, 1, 47459
1000, 500, 500, 1, 79917
2500, 1250, 1250, 1, 695708
5000, 2500, 2500, 1, 856459
8000, 4000, 4000, 1, 1508292
10000, 5000, 5000, 1, 1643166
650, 325, 325, 1, 47625
1000, 500, 500, 1, 78625
2500, 1250, 1250, 1, 696916
5000, 2500, 2500, 1, 857542
8000, 4000, 4000, 1, 1515041
10000, 5000, 5000, 1, 1643083
650, 325, 325, 1, 47541
1000, 500, 500, 1, 78458
2500, 1250, 1250, 1, 694792
5000, 2500, 2500, 1, 861167
8000, 4000, 4000, 1, 1511292
10000, 5000, 5000, 1, 1644542
650, 325, 325, 1, 47500
1000, 500, 500, 1, 78375
2500, 1250, 1250, 1, 695875
5000, 2500, 2500, 1, 862208
8000, 4000, 4000, 1, 1516792
10000, 5000, 5000, 1, 1642917
650, 325, 325, 1, 47500
1000, 500, 500, 1, 79542
2500, 1250, 1250, 1, 696583
5000, 2500, 2500, 1, 859833
8000, 4000, 4000, 1, 1513000
10000, 5000, 5000, 1, 1648125
650, 325, 325, 1, 47500
1000, 500, 500, 1, 78417
2500, 1250, 1250, 1, 700375
5000, 2500, 2500, 1, 863083
8000, 4000, 4000, 1, 1532875
10000, 5000, 5000, 1, 1664334
650, 325, 325, 1, 47792
1000, 500, 500, 1, 80625
2500, 1250, 1250, 1, 698500
5000, 2500, 2500, 1, 862875
8000, 4000, 4000, 1, 1518958
10000, 5000, 5000, 1, 1705334
650, 325, 325, 1, 49333
1000, 500, 500, 1, 80959
2500, 1250, 1250, 1, 726375
5000, 2500, 2500, 1, 891334
8000, 4000, 4000, 1, 1564958
10000, 5000, 5000, 1, 1701625
650, 325, 325, 1, 47666
1000, 500, 500, 1, 79375
2500, 1250, 1250, 1, 709917
5000, 2500, 2500, 1, 866958
8000, 4000, 4000, 1, 1529167
10000, 5000, 5000, 1, 1657750
650, 325, 325, 1, 47542
1000, 500, 500, 1, 78709
2500, 1250, 1250, 1, 701083
5000, 2500, 2500, 1, 865958
8000, 4000, 4000, 1, 1525083
10000, 5000, 5000, 1, 1656583
650, 325, 325, 1, 47584
1000, 500, 500, 1, 78583
2500, 1250, 1250, 1, 702000
5000, 2500, 2500, 1, 869125
8000, 4000, 4000, 1, 1534458
10000, 5000, 5000, 1, 1657916
650, 325, 325, 1, 49167
1000, 500, 500, 1, 78833
2500, 1250, 1250, 1, 705833
5000, 2500, 2500, 1, 871000
8000, 4000, 4000, 1, 1552042
10000, 5000, 5000, 1, 1664333
650, 325, 325, 1, 47542
1000, 500, 500, 1, 78875
2500, 1250, 1250, 1, 709459
5000, 2500, 2500, 1, 867417
8000, 4000, 4000, 1, 1541166
10000, 5000, 5000, 1, 1661500
650, 325, 325, 1, 47750
1000, 500, 500, 1, 78792
2500, 1250, 1250, 1, 708500
5000, 2500, 2500, 1, 870375
8000, 4000, 4000, 1, 1532625
10000, 5000, 5000, 1, 1663333
650, 325, 325, 1, 47667
1000, 500, 500, 1, 78833
2500, 1250, 1250, 1, 705708
5000, 2500, 2500, 1, 871583
8000, 4000, 4000, 1, 1532208
10000, 5000, 5000, 1, 1664291
650, 325, 325, 1, 47625
1000, 500, 500, 1, 78791
2500, 1250, 1250, 1, 708042
5000, 2500, 2500, 1, 873083
8000, 4000, 4000, 1, 1538917
10000, 5000, 5000, 1, 1663625
650, 325, 325, 1, 48250
1000, 500, 500, 1, 78750
2500, 1250, 1250, 1, 709083
5000, 2500, 2500, 1, 871250
8000, 4000, 4000, 1, 1534625
10000, 5000, 5000, 1, 1677583
650, 325, 325, 1, 47750
1000, 500, 500, 1, 78916
2500, 1250, 1250, 1, 711959
5000, 2500, 2500, 1, 872291
8000, 4000, 4000, 1, 1536500
10000, 5000, 5000, 1, 1709333
650, 325, 325, 1, 49333
1000, 500, 500, 1, 80708
2500, 1250, 1250, 1, 712208
5000, 2500, 2500, 1, 872750
8000, 4000, 4000, 1, 1543500
10000, 5000, 5000, 1, 1679916
650, 325, 325, 1, 47542
1000, 500, 500, 1, 78917
2500, 1250, 1250, 1, 731708
5000, 2500, 2500, 1, 875750
8000, 4000, 4000, 1, 1545250
10000, 5000, 5000, 1, 1674916
650, 325, 325, 1, 47750
1000, 500, 500, 1, 79042
2500, 1250, 1250, 1, 713375
5000, 2500, 2500, 1, 877291
8000, 4000, 4000, 1, 1541791
10000, 5000, 5000, 1, 1670583
650, 325, 325, 1, 47666
1000, 500, 500, 1, 78834
2500, 1250, 1250, 1, 714125
5000, 2500, 2500, 1, 880375
8000, 4000, 4000, 1, 1538959
10000, 5000, 5000, 1, 1685292
650, 325, 325, 1, 47667
1000, 500, 500, 1, 79000
2500, 1250, 1250, 1, 712834
5000, 2500, 2500, 1, 877459
8000, 4000, 4000, 1, 1546541
10000, 5000, 5000, 1, 1676375
650, 325, 325, 1, 47584
1000, 500, 500, 1, 78833
2500, 1250, 1250, 1, 716791
5000, 2500, 2500, 1, 876667
8000, 4000, 4000, 1, 1548125
10000, 5000, 5000, 1, 1678458
650, 325, 325, 1, 47417
1000, 500, 500, 1, 79125
2500, 1250, 1250, 1, 717834
5000, 2500, 2500, 1, 880625
8000, 4000, 4000, 1, 1549042
10000, 5000, 5000, 1, 1683875
650, 325, 325, 1, 47625
1000, 500, 500, 1, 79084
2500, 1250, 1250, 1, 718000
5000, 2500, 2500, 1, 892833
8000, 4000, 4000, 1, 1555167
10000, 5000, 5000, 1, 1688792
650, 325, 325, 1, 48125
1000, 500, 500, 1, 78917
2500, 1250, 1250, 1, 718458
5000, 2500, 2500, 1, 886042
8000, 4000, 4000, 1, 1549791
10000, 5000, 5000, 1, 1680541
650, 325, 325, 1, 48458
1000, 500, 500, 1, 82000
2500, 1250, 1250, 1, 716917
5000, 2500, 2500, 1, 881458
8000, 4000, 4000, 1, 1549125
10000, 5000, 5000, 1, 1693667
650, 325, 325, 1, 47916
1000, 500, 500, 1, 79334
2500, 1250, 1250, 1, 735000
5000, 2500, 2500, 1, 882250
8000, 4000, 4000, 1, 1555583
10000, 5000, 5000, 1, 1707833
650, 325, 325, 1, 48084
1000, 500, 500, 1, 79083
2500, 1250, 1250, 1, 742666
5000, 2500, 2500, 1, 923250
8000, 4000, 4000, 1, 1620000
10000, 5000, 5000, 1, 1719458
650, 325, 325, 1, 47750
1000, 500, 500, 1, 79334
2500, 1250, 1250, 1, 725625
5000, 2500, 2500, 1, 883792
8000, 4000, 4000, 1, 1593125
10000, 5000, 5000, 1, 1697166
650, 325, 325, 1, 47959
1000, 500, 500, 1, 79333
2500, 1250, 1250, 1, 721083
5000, 2500, 2500, 1, 887416
8000, 4000, 4000, 1, 1568625
10000, 5000, 5000, 1, 1700458
650, 325, 325, 1, 48083
1000, 500, 500, 1, 79417
2500, 1250, 1250, 1, 726166
5000, 2500, 2500, 1, 890334
8000, 4000, 4000, 1, 1564500
10000, 5000, 5000, 1, 1700416
650, 325, 325, 1, 47667
1000, 500, 500, 1, 79250
2500, 1250, 1250, 1, 725667
5000, 2500, 2500, 1, 894417
8000, 4000, 4000, 1, 1565000
10000, 5000, 5000, 1, 1697375
650, 325, 325, 1, 49083
1000, 500, 500, 1, 79292
2500, 1250, 1250, 1, 732709
5000, 2500, 2500, 1, 890666
8000, 4000, 4000, 1, 1562917
10000, 5000, 5000, 1, 1708750
650, 325, 325, 1, 47833
1000, 500, 500, 1, 79250
2500, 1250, 1250, 1, 728875
5000, 2500, 2500, 1, 888084
8000, 4000, 4000, 1, 1569042
10000, 5000, 5000, 1, 1707042
650, 325, 325, 1, 47833
1000, 500, 500, 1, 79250
2500, 1250, 1250, 1, 731208
5000, 2500, 2500, 1, 889583
8000, 4000, 4000, 1, 1571208
10000, 5000, 5000, 1, 1704958
650, 325, 325, 1, 47833
1000, 500, 500, 1, 79417
2500, 1250, 1250, 1, 731500
5000, 2500, 2500, 1, 890792
8000, 4000, 4000, 1, 1576625
10000, 5000, 5000, 1, 1706459
650, 325, 325, 1, 47875
1000, 500, 500, 1, 79333
2500, 1250, 1250, 1, 727250
5000, 2500, 2500, 1, 896042
8000, 4000, 4000, 1, 1574458
10000, 5000, 5000, 1, 1710750
650, 325, 325, 1, 47875
1000, 500, 500, 1, 79416
2500, 1250, 1250, 1, 728084
5000, 2500, 2500, 1, 905792
8000, 4000, 4000, 1, 1575958
10000, 5000, 5000, 1, 1710083
650, 325, 325, 1, 48042
1000, 500, 500, 1, 79583
2500, 1250, 1250, 1, 728917
5000, 2500, 2500, 1, 907792
8000, 4000, 4000, 1, 1641125
10000, 5000, 5000, 1, 1709917
650, 325, 325, 1, 47917
1000, 500, 500, 1, 79500
2500, 1250, 1250, 1, 729750
5000, 2500, 2500, 1, 899125
8000, 4000, 4000, 1, 1579375
10000, 5000, 5000, 1, 1715209
650, 325, 325, 1, 50750
1000, 500, 500, 1, 79625
2500, 1250, 1250, 1, 733625
5000, 2500, 2500, 1, 900541
8000, 4000, 4000, 1, 1578625
10000, 5000, 5000, 1, 1721375
650, 325, 325, 1, 47834
1000, 500, 500, 1, 82709
2500, 1250, 1250, 1, 732000
5000, 2500, 2500, 1, 898125
8000, 4000, 4000, 1, 1584000
10000, 5000, 5000, 1, 1717375
650, 325, 325, 1, 47834
1000, 500, 500, 1, 79500
2500, 1250, 1250, 1, 737542
5000, 2500, 2500, 1, 898333
8000, 4000, 4000, 1, 1584917
10000, 5000, 5000, 1, 1719750
650, 325, 325, 1, 47959
1000, 500, 500, 1, 79458
2500, 1250, 1250, 1, 738500
5000, 2500, 2500, 1, 896500
8000, 4000, 4000, 1, 1588041
10000, 5000, 5000, 1, 1717875
650, 325, 325, 1, 47917
1000, 500, 500, 1, 79583
2500, 1250, 1250, 1, 739291
5000, 2500, 2500, 1, 902417
8000, 4000, 4000, 1, 1586458
10000, 5000, 5000, 1, 1720584
650, 325, 325, 1, 47834
1000, 500, 500, 1, 79625
2500, 1250, 1250, 1, 734625
5000, 2500, 2500, 1, 902042
8000, 4000, 4000, 1, 1588375
10000, 5000, 5000, 1, 1731917
650, 325, 325, 1, 47959
1000, 500, 500, 1, 79708
2500, 1250, 1250, 1, 742917
5000, 2500, 2500, 1, 940292
8000, 4000, 4000, 1, 1598875
10000, 5000, 5000, 1, 1724125
650, 325, 325, 1, 51291
1000, 500, 500, 1, 79750
2500, 1250, 1250, 1, 737125
5000, 2500, 2500, 1, 904042
8000, 4000, 4000, 1, 1590750
10000, 5000, 5000, 1, 1724541
650, 325, 325, 1, 47958
1000, 500, 500, 1, 83917
2500, 1250, 1250, 1, 737583
5000, 2500, 2500, 1, 934667
8000, 4000, 4000, 1, 1592375
10000, 5000, 5000, 1, 1724583
650, 325, 325, 1, 49833
1000, 500, 500, 1, 79916
2500, 1250, 1250, 1, 738708
5000, 2500, 2500, 1, 906125
8000, 4000, 4000, 1, 1593959
10000, 5000, 5000, 1, 1731750
650, 325, 325, 1, 47959
1000, 500, 500, 1, 82042
2500, 1250, 1250, 1, 739708
5000, 2500, 2500, 1, 903792
8000, 4000, 4000, 1, 1594750
10000, 5000, 5000, 1, 1732667
650, 325, 325, 1, 47916
1000, 500, 500, 1, 79792
2500, 1250, 1250, 1, 743416
5000, 2500, 2500, 1, 907292
8000, 4000, 4000, 1, 1599833
10000, 5000, 5000, 1, 1731125
650, 325, 325, 1, 48083
1000, 500, 500, 1, 79916
2500, 1250, 1250, 1, 744333
5000, 2500, 2500, 1, 906250
8000, 4000, 4000, 1, 1603084
10000, 5000, 5000, 1, 1732875
650, 325, 325, 1, 48000
1000, 500, 500, 1, 79792
2500, 1250, 1250, 1, 745959
5000, 2500, 2500, 1, 913250
8000, 4000, 4000, 1, 1603750
10000, 5000, 5000, 1, 1735167
650, 325, 325, 1, 48000
1000, 500, 500, 1, 79875
2500, 1250, 1250, 1, 746083
5000, 2500, 2500, 1, 907750
8000, 4000, 4000, 1, 1602750
10000, 5000, 5000, 1, 1736625
650, 325, 325, 1, 48292
1000, 500, 500, 1, 79917
2500, 1250, 1250, 1, 744375
5000, 2500, 2500, 1, 909458
8000, 4000, 4000, 1, 1605750
10000, 5000, 5000, 1, 1741250
650, 325, 325, 1, 48250
1000, 500, 500, 1, 80125
2500, 1250, 1250, 1, 745250
5000, 2500, 2500, 1, 912333
8000, 4000, 4000, 1, 1606875
10000, 5000, 5000, 1, 1747000
650, 325, 325, 1, 48000
1000, 500, 500, 1, 79958
2500, 1250, 1250, 1, 746041
5000, 2500, 2500, 1, 913292
8000, 4000, 4000, 1, 1607708
10000, 5000, 5000, 1, 1760083
650, 325, 325, 1, 48167
1000, 500, 500, 1, 79958
2500, 1250, 1250, 1, 754250
5000, 2500, 2500, 1, 916875
8000, 4000, 4000, 1, 1638875
10000, 5000, 5000, 1, 1742625
650, 325, 325, 1, 48334
1000, 500, 500, 1, 80000
2500, 1250, 1250, 1, 747625
5000, 2500, 2500, 1, 915125
8000, 4000, 4000, 1, 1610875
10000, 5000, 5000, 1, 1757791
650, 325, 325, 1, 48208
1000, 500, 500, 1, 80041
2500, 1250, 1250, 1, 748625
5000, 2500, 2500, 1, 917708
8000, 4000, 4000, 1, 1625250
10000, 5000, 5000, 1, 1746500
650, 325, 325, 1, 48208
1000, 500, 500, 1, 80084
2500, 1250, 1250, 1, 749250
5000, 2500, 2500, 1, 921042
8000, 4000, 4000, 1, 1614333
10000, 5000, 5000, 1, 1749417
650, 325, 325, 1, 48125
1000, 500, 500, 1, 80042
2500, 1250, 1250, 1, 750333
5000, 2500, 2500, 1, 920500
8000, 4000, 4000, 1, 1628416
10000, 5000, 5000, 1, 1751458
650, 325, 325, 1, 48167
1000, 500, 500, 1, 82000
2500, 1250, 1250, 1, 754083
5000, 2500, 2500, 1, 918583
8000, 4000, 4000, 1, 1616375
10000, 5000, 5000, 1, 1758875
650, 325, 325, 1, 48208
1000, 500, 500, 1, 80084
2500, 1250, 1250, 1, 754959
5000, 2500, 2500, 1, 916666
8000, 4000, 4000, 1, 1622167
10000, 5000, 5000, 1, 1770083
650, 325, 325, 1, 48167
1000, 500, 500, 1, 80125
2500, 1250, 1250, 1, 757166
5000, 2500, 2500, 1, 920083
8000, 4000, 4000, 1, 1626333
10000, 5000, 5000, 1, 1755417
650, 325, 325, 1, 48125
1000, 500, 500, 1, 80458
2500, 1250, 1250, 1, 760334
5000, 2500, 2500, 1, 918333
8000, 4000, 4000, 1, 1624958
10000, 5000, 5000, 1, 1757166
650, 325, 325, 1, 48125
1000, 500, 500, 1, 80208
2500, 1250, 1250, 1, 758542
5000, 2500, 2500, 1, 919416
8000, 4000, 4000, 1, 1624333
10000, 5000, 5000, 1, 1758334
650, 325, 325, 1, 48417
1000, 500, 500, 1, 80333
2500, 1250, 1250, 1, 759333
5000, 2500, 2500, 1, 920166
8000, 4000, 4000, 1, 1626125
10000, 5000, 5000, 1, 1768375
650, 325, 325, 1, 48292
1000, 500, 500, 1, 80458
2500, 1250, 1250, 1, 759167
5000, 2500, 2500, 1, 921333
8000, 4000, 4000, 1, 1628125
10000, 5000, 5000, 1, 1769875
650, 325, 325, 1, 48416
1000, 500, 500, 1, 80208
2500, 1250, 1250, 1, 761584
5000, 2500, 2500, 1, 924958
8000, 4000, 4000, 1, 1632375
10000, 5000, 5000, 1, 1764208
650, 325, 325, 1, 48208
1000, 500, 500, 1, 80292
2500, 1250, 1250, 1, 759250
5000, 2500, 2500, 1, 926042
8000, 4000, 4000, 1, 1631250
10000, 5000, 5000, 1, 1768625
650, 325, 325, 1, 48375
1000, 500, 500, 1, 80459
2500, 1250, 1250, 1, 759291
5000, 2500, 2500, 1, 930625
8000, 4000, 4000, 1, 1632667
10000, 5000, 5000, 1, 1773042
650, 325, 325, 1, 48208
1000, 500, 500, 1, 80416
2500, 1250, 1250, 1, 762875
5000, 2500, 2500, 1, 927333
8000, 4000, 4000, 1, 1634916
10000, 5000, 5000, 1, 1773791
650, 325, 325, 1, 48375
1000, 500, 500, 1, 80584
2500, 1250, 1250, 1, 763792
5000, 2500, 2500, 1, 929333
8000, 4000, 4000, 1, 1639958
10000, 5000, 5000, 1, 1771000
650, 325, 325, 1, 48125
1000, 500, 500, 1, 80666
2500, 1250, 1250, 1, 764667
5000, 2500, 2500, 1, 929541
8000, 4000, 4000, 1, 1638000
10000, 5000, 5000, 1, 1772458
650, 325, 325, 1, 48375
1000, 500, 500, 1, 80417
2500, 1250, 1250, 1, 763334
5000, 2500, 2500, 1, 948125
8000, 4000, 4000, 1, 1640500
10000, 5000, 5000, 1, 1773583
650, 325, 325, 1, 48417
1000, 500, 500, 1, 80625
2500, 1250, 1250, 1, 763917
5000, 2500, 2500, 1, 930958
8000, 4000, 4000, 1, 1642917
10000, 5000, 5000, 1, 1775208
650, 325, 325, 1, 48291
1000, 500, 500, 1, 80542
2500, 1250, 1250, 1, 765417
5000, 2500, 2500, 1, 935375
8000, 4000, 4000, 1, 1649500
10000, 5000, 5000, 1, 1777708
650, 325, 325, 1, 48375
1000, 500, 500, 1, 80541
2500, 1250, 1250, 1, 769375
5000, 2500, 2500, 1, 933083
8000, 4000, 4000, 1, 1644875
10000, 5000, 5000, 1, 1778750
650, 325, 325, 1, 48333
1000, 500, 500, 1, 80708
2500, 1250, 1250, 1, 766708
5000, 2500, 2500, 1, 934792
8000, 4000, 4000, 1, 1649458
10000, 5000, 5000, 1, 1794500
650, 325, 325, 1, 49542
1000, 500, 500, 1, 80791
2500, 1250, 1250, 1, 770791
5000, 2500, 2500, 1, 936458
8000, 4000, 4000, 1, 1649125
10000, 5000, 5000, 1, 1789125
650, 325, 325, 1, 49459
1000, 500, 500, 1, 80708
2500, 1250, 1250, 1, 768500
5000, 2500, 2500, 1, 936666
8000, 4000, 4000, 1, 1649666
10000, 5000, 5000, 1, 1789041
650, 325, 325, 1, 48541
1000, 500, 500, 1, 80625
2500, 1250, 1250, 1, 771708
5000, 2500, 2500, 1, 936917
8000, 4000, 4000, 1, 1650291
10000, 5000, 5000, 1, 1783083
650, 325, 325, 1, 48209
1000, 500, 500, 1, 80625
2500, 1250, 1250, 1, 772417
5000, 2500, 2500, 1, 937125
8000, 4000, 4000, 1, 1652750
10000, 5000, 5000, 1, 1783375
650, 325, 325, 1, 48584
1000, 500, 500, 1, 80833
2500, 1250, 1250, 1, 773417
5000, 2500, 2500, 1, 938666
8000, 4000, 4000, 1, 1654333
10000, 5000, 5000, 1, 1789417
650, 325, 325, 1, 48250
1000, 500, 500, 1, 80708
2500, 1250, 1250, 1, 775208
5000, 2500, 2500, 1, 939834
8000, 4000, 4000, 1, 1655875
10000, 5000, 5000, 1, 1788000
650, 325, 325, 1, 48875
1000, 500, 500, 1, 80666
2500, 1250, 1250, 1, 772750
5000, 2500, 2500, 1, 940333
8000, 4000, 4000, 1, 1656958
10000, 5000, 5000, 1, 1793542
650, 325, 325, 1, 48458
1000, 500, 500, 1, 84834
2500, 1250, 1250, 1, 774125
5000, 2500, 2500, 1, 950167
8000, 4000, 4000, 1, 1658583
10000, 5000, 5000, 1, 1794292
650, 325, 325, 1, 49583
1000, 500, 500, 1, 80917
2500, 1250, 1250, 1, 777250
5000, 2500, 2500, 1, 950333
8000, 4000, 4000, 1, 1665417
10000, 5000, 5000, 1, 1792542
650, 325, 325, 1, 48500
1000, 500, 500, 1, 81083
2500, 1250, 1250, 1, 778167
5000, 2500, 2500, 1, 946208
8000, 4000, 4000, 1, 1662208
10000, 5000, 5000, 1, 1802875
650, 325, 325, 1, 49041
1000, 500, 500, 1, 80917
2500, 1250, 1250, 1, 779500
5000, 2500, 2500, 1, 943958
8000, 4000, 4000, 1, 1665125
10000, 5000, 5000, 1, 1799875
650, 325, 325, 1, 48542
1000, 500, 500, 1, 81000
2500, 1250, 1250, 1, 779875
5000, 2500, 2500, 1, 951208
8000, 4000, 4000, 1, 1684083
10000, 5000, 5000, 1, 1803167
650, 325, 325, 1, 48416
1000, 500, 500, 1, 80875
2500, 1250, 1250, 1, 778208
5000, 2500, 2500, 1, 948833
8000, 4000, 4000, 1, 1669208
10000, 5000, 5000, 1, 1802875
650, 325, 325, 1, 48375
1000, 500, 500, 1, 81000
2500, 1250, 1250, 1, 779167
5000, 2500, 2500, 1, 949834
8000, 4000, 4000, 1, 1674333
10000, 5000, 5000, 1, 1806000
650, 325, 325, 1, 48625
1000, 500, 500, 1, 81041
2500, 1250, 1250, 1, 782750
5000, 2500, 2500, 1, 947459
8000, 4000, 4000, 1, 1672000
10000, 5000, 5000, 1, 1827792
650, 325, 325, 1, 48459
1000, 500, 500, 1, 81125
2500, 1250, 1250, 1, 780834
5000, 2500, 2500, 1, 951667
8000, 4000, 4000, 1, 1687416
10000, 5000, 5000, 1, 1810167
650, 325, 325, 1, 48625
1000, 500, 500, 1, 81208
2500, 1250, 1250, 1, 781750
5000, 2500, 2500, 1, 959916
8000, 4000, 4000, 1, 1675167
10000, 5000, 5000, 1, 1811000
650, 325, 325, 1, 48542
1000, 500, 500, 1, 81125
2500, 1250, 1250, 1, 782750
5000, 2500, 2500, 1, 973666
8000, 4000, 4000, 1, 1676125
10000, 5000, 5000, 1, 1825792
650, 325, 325, 1, 48875
1000, 500, 500, 1, 81208
2500, 1250, 1250, 1, 786375
5000, 2500, 2500, 1, 970458
8000, 4000, 4000, 1, 1678583
10000, 5000, 5000, 1, 1812500
650, 325, 325, 1, 48417
1000, 500, 500, 1, 81000
2500, 1250, 1250, 1, 784708
5000, 2500, 2500, 1, 976709
8000, 4000, 4000, 1, 1695792
10000, 5000, 5000, 1, 1817458
650, 325, 325, 1, 48417
1000, 500, 500, 1, 81000
2500, 1250, 1250, 1, 814917
5000, 2500, 2500, 1, 960625
8000, 4000, 4000, 1, 1684292
10000, 5000, 5000, 1, 1822291
650, 325, 325, 1, 48416
1000, 500, 500, 1, 81209
2500, 1250, 1250, 1, 786208
5000, 2500, 2500, 1, 963042
8000, 4000, 4000, 1, 1701209
10000, 5000, 5000, 1, 1818417
650, 325, 325, 1, 48541
1000, 500, 500, 1, 81291
2500, 1250, 1250, 1, 795625
5000, 2500, 2500, 1, 953916
8000, 4000, 4000, 1, 1686000
10000, 5000, 5000, 1, 1834958
650, 325, 325, 1, 48417
1000, 500, 500, 1, 81459
2500, 1250, 1250, 1, 788458
5000, 2500, 2500, 1, 953125
8000, 4000, 4000, 1, 1688625
10000, 5000, 5000, 1, 1826334
650, 325, 325, 1, 48416
1000, 500, 500, 1, 81167
2500, 1250, 1250, 1, 792000
5000, 2500, 2500, 1, 955041
8000, 4000, 4000, 1, 1692333
10000, 5000, 5000, 1, 1825042
650, 325, 325, 1, 48833
1000, 500, 500, 1, 81375
2500, 1250, 1250, 1, 792792
5000, 2500, 2500, 1, 954500
8000, 4000, 4000, 1, 1692750
10000, 5000, 5000, 1, 1840750
650, 325, 325, 1, 48541
1000, 500, 500, 1, 81583
2500, 1250, 1250, 1, 793916
5000, 2500, 2500, 1, 957542
8000, 4000, 4000, 1, 1692250
10000, 5000, 5000, 1, 1826833
650, 325, 325, 1, 48750
1000, 500, 500, 1, 81375
2500, 1250, 1250, 1, 794917
5000, 2500, 2500, 1, 956375
8000, 4000, 4000, 1, 1696084
10000, 5000, 5000, 1, 1838125
650, 325, 325, 1, 48542
1000, 500, 500, 1, 81375
2500, 1250, 1250, 1, 796166
5000, 2500, 2500, 1, 957584
8000, 4000, 4000, 1, 1706958
10000, 5000, 5000, 1, 1832791
650, 325, 325, 1, 48667
1000, 500, 500, 1, 81208
2500, 1250, 1250, 1, 810042
5000, 2500, 2500, 1, 958083
8000, 4000, 4000, 1, 1708625
10000, 5000, 5000, 1, 1862958
650, 325, 325, 1, 48667
1000, 500, 500, 1, 81292
2500, 1250, 1250, 1, 799750
5000, 2500, 2500, 1, 959458
8000, 4000, 4000, 1, 1708666
10000, 5000, 5000, 1, 1847292
650, 325, 325, 1, 48667
1000, 500, 500, 1, 81500
2500, 1250, 1250, 1, 809292
5000, 2500, 2500, 1, 1051750
8000, 4000, 4000, 1, 1762500
10000, 5000, 5000, 1, 1866125
650, 325, 325, 1, 49375
1000, 500, 500, 1, 81542
2500, 1250, 1250, 1, 807500
5000, 2500, 2500, 1, 969958
8000, 4000, 4000, 1, 1720958
10000, 5000, 5000, 1, 1836541
650, 325, 325, 1, 48792
1000, 500, 500, 1, 81416
2500, 1250, 1250, 1, 796875
5000, 2500, 2500, 1, 964666
8000, 4000, 4000, 1, 1703291
10000, 5000, 5000, 1, 1844375
650, 325, 325, 1, 48625
1000, 500, 500, 1, 81500
2500, 1250, 1250, 1, 798500
5000, 2500, 2500, 1, 982416
8000, 4000, 4000, 1, 1704959
10000, 5000, 5000, 1, 1851167
650, 325, 325, 1, 48708
1000, 500, 500, 1, 81625
2500, 1250, 1250, 1, 813792
5000, 2500, 2500, 1, 1005458
8000, 4000, 4000, 1, 1715416
10000, 5000, 5000, 1, 1844875
650, 325, 325, 1, 48875
1000, 500, 500, 1, 81750
2500, 1250, 1250, 1, 802708
5000, 2500, 2500, 1, 971791
8000, 4000, 4000, 1, 1713583
10000, 5000, 5000, 1, 1852834
650, 325, 325, 1, 48708
1000, 500, 500, 1, 81750
2500, 1250, 1250, 1, 803000
5000, 2500, 2500, 1, 966167
8000, 4000, 4000, 1, 1712750
10000, 5000, 5000, 1, 1847792
650, 325, 325, 1, 48791
1000, 500, 500, 1, 81625
2500, 1250, 1250, 1, 810042
5000, 2500, 2500, 1, 973125
8000, 4000, 4000, 1, 1717792
10000, 5000, 5000, 1, 1852041
650, 325, 325, 1, 48750
1000, 500, 500, 1, 81625
2500, 1250, 1250, 1, 817208
5000, 2500, 2500, 1, 967625
8000, 4000, 4000, 1, 1719083
10000, 5000, 5000, 1, 1853625
650, 325, 325, 1, 48834
1000, 500, 500, 1, 81708
2500, 1250, 1250, 1, 809042
5000, 2500, 2500, 1, 970042
8000, 4000, 4000, 1, 1717041
10000, 5000, 5000, 1, 1866292
650, 325, 325, 1, 48875
1000, 500, 500, 1, 81916
2500, 1250, 1250, 1, 810459
5000, 2500, 2500, 1, 969583
8000, 4000, 4000, 1, 1719875
10000, 5000, 5000, 1, 1852291
650, 325, 325, 1, 48750
1000, 500, 500, 1, 82000
2500, 1250, 1250, 1, 808750
5000, 2500, 2500, 1, 970667
8000, 4000, 4000, 1, 1719458
10000, 5000, 5000, 1, 1853875
650, 325, 325, 1, 48875
1000, 500, 500, 1, 82000
2500, 1250, 1250, 1, 809375
5000, 2500, 2500, 1, 984500
8000, 4000, 4000, 1, 1734875
10000, 5000, 5000, 1, 1865292
650, 325, 325, 1, 48791
1000, 500, 500, 1, 81917
2500, 1250, 1250, 1, 816834
5000, 2500, 2500, 1, 1005541
8000, 4000, 4000, 1, 1727833
10000, 5000, 5000, 1, 1858041
650, 325, 325, 1, 48750
1000, 500, 500, 1, 82000
2500, 1250, 1250, 1, 812208
5000, 2500, 2500, 1, 973459
8000, 4000, 4000, 1, 1736125
10000, 5000, 5000, 1, 1862125
650, 325, 325, 1, 48833
1000, 500, 500, 1, 82875
2500, 1250, 1250, 1, 811042
5000, 2500, 2500, 1, 977250
8000, 4000, 4000, 1, 1725792
10000, 5000, 5000, 1, 1891833
650, 325, 325, 1, 48916
1000, 500, 500, 1, 81709
2500, 1250, 1250, 1, 809667
5000, 2500, 2500, 1, 978291
8000, 4000, 4000, 1, 1727292
10000, 5000, 5000, 1, 1862375
650, 325, 325, 1, 48875
1000, 500, 500, 1, 81791
2500, 1250, 1250, 1, 811042
5000, 2500, 2500, 1, 978958
8000, 4000, 4000, 1, 1730708
10000, 5000, 5000, 1, 1863708
650, 325, 325, 1, 48750
1000, 500, 500, 1, 81875
2500, 1250, 1250, 1, 813917
5000, 2500, 2500, 1, 979959
8000, 4000, 4000, 1, 1730792
10000, 5000, 5000, 1, 1868750
650, 325, 325, 1, 48709
1000, 500, 500, 1, 86292
2500, 1250, 1250, 1, 815000
5000, 2500, 2500, 1, 978042
8000, 4000, 4000, 1, 1735333
10000, 5000, 5000, 1, 1866916
650, 325, 325, 1, 48833
1000, 500, 500, 1, 82125
2500, 1250, 1250, 1, 837833
5000, 2500, 2500, 1, 981875
8000, 4000, 4000, 1, 1734458
10000, 5000, 5000, 1, 1872542
650, 325, 325, 1, 49042
1000, 500, 500, 1, 82209
2500, 1250, 1250, 1, 816917
5000, 2500, 2500, 1, 980209
8000, 4000, 4000, 1, 1738667
10000, 5000, 5000, 1, 1871375
650, 325, 325, 1, 49041
1000, 500, 500, 1, 81917
2500, 1250, 1250, 1, 817834
5000, 2500, 2500, 1, 983125
8000, 4000, 4000, 1, 1741416
10000, 5000, 5000, 1, 1878458
650, 325, 325, 1, 49083
1000, 500, 500, 1, 82042
2500, 1250, 1250, 1, 816042
5000, 2500, 2500, 1, 982125
8000, 4000, 4000, 1, 1739917
10000, 5000, 5000, 1, 1877125
650, 325, 325, 1, 50458
1000, 500, 500, 1, 82125
2500, 1250, 1250, 1, 816750
5000, 2500, 2500, 1, 985167
8000, 4000, 4000, 1, 1740959
10000, 5000, 5000, 1, 1875833
650, 325, 325, 1, 49000
1000, 500, 500, 1, 81958
2500, 1250, 1250, 1, 817666
5000, 2500, 2500, 1, 986875
8000, 4000, 4000, 1, 1742667
10000, 5000, 5000, 1, 1877459
650, 325, 325, 1, 48959
1000, 500, 500, 1, 82166
2500, 1250, 1250, 1, 818292
5000, 2500, 2500, 1, 988166
8000, 4000, 4000, 1, 1744042
10000, 5000, 5000, 1, 1878875
650, 325, 325, 1, 49125
1000, 500, 500, 1, 82167
2500, 1250, 1250, 1, 819458
5000, 2500, 2500, 1, 987333
8000, 4000, 4000, 1, 1745625
10000, 5000, 5000, 1, 1889416
650, 325, 325, 1, 49000
1000, 500, 500, 1, 82167
2500, 1250, 1250, 1, 823292
5000, 2500, 2500, 1, 987834
8000, 4000, 4000, 1, 1749000
10000, 5000, 5000, 1, 1884875
650, 325, 325, 1, 49083
1000, 500, 500, 1, 82125
2500, 1250, 1250, 1, 824250
5000, 2500, 2500, 1, 989750
8000, 4000, 4000, 1, 1749166
10000, 5000, 5000, 1, 1886000
650, 325, 325, 1, 48958
1000, 500, 500, 1, 82166
2500, 1250, 1250, 1, 826375
5000, 2500, 2500, 1, 990583
8000, 4000, 4000, 1, 1749375
10000, 5000, 5000, 1, 1885667
650, 325, 325, 1, 50417
1000, 500, 500, 1, 82375
2500, 1250, 1250, 1, 823167
5000, 2500, 2500, 1, 991291
8000, 4000, 4000, 1, 1753625
10000, 5000, 5000, 1, 1887875
650, 325, 325, 1, 49041
1000, 500, 500, 1, 82250
2500, 1250, 1250, 1, 823792
5000, 2500, 2500, 1, 993708
8000, 4000, 4000, 1, 1753667
10000, 5000, 5000, 1, 1889417
650, 325, 325, 1, 49041
1000, 500, 500, 1, 82208
2500, 1250, 1250, 1, 826541
5000, 2500, 2500, 1, 995667
8000, 4000, 4000, 1, 1756292
10000, 5000, 5000, 1, 1890709
650, 325, 325, 1, 49042
1000, 500, 500, 1, 82291
2500, 1250, 1250, 1, 829792
5000, 2500, 2500, 1, 994375
8000, 4000, 4000, 1, 1760291
10000, 5000, 5000, 1, 1894750
650, 325, 325, 1, 49000
1000, 500, 500, 1, 82458
2500, 1250, 1250, 1, 829083
5000, 2500, 2500, 1, 992500
8000, 4000, 4000, 1, 1759708
10000, 5000, 5000, 1, 1894333
650, 325, 325, 1, 49959
1000, 500, 500, 1, 92792
2500, 1250, 1250, 1, 831500
5000, 2500, 2500, 1, 993333
8000, 4000, 4000, 1, 1770583
10000, 5000, 5000, 1, 1934917
650, 325, 325, 1, 50583
1000, 500, 500, 1, 82416
2500, 1250, 1250, 1, 831084
5000, 2500, 2500, 1, 1000125
8000, 4000, 4000, 1, 1764250
10000, 5000, 5000, 1, 1898000
650, 325, 325, 1, 49000
1000, 500, 500, 1, 82417
2500, 1250, 1250, 1, 829166
5000, 2500, 2500, 1, 998166
8000, 4000, 4000, 1, 1767209
10000, 5000, 5000, 1, 1899417
650, 325, 325, 1, 49083
1000, 500, 500, 1, 82583
2500, 1250, 1250, 1, 832583
5000, 2500, 2500, 1, 1013792
8000, 4000, 4000, 1, 1765458
10000, 5000, 5000, 1, 1904292
650, 325, 325, 1, 49166
1000, 500, 500, 1, 82375
2500, 1250, 1250, 1, 842792
5000, 2500, 2500, 1, 997459
8000, 4000, 4000, 1, 1767625
10000, 5000, 5000, 1, 1906250
650, 325, 325, 1, 49209
1000, 500, 500, 1, 82708
2500, 1250, 1250, 1, 834959
5000, 2500, 2500, 1, 1000750
8000, 4000, 4000, 1, 1768708
10000, 5000, 5000, 1, 1907875
650, 325, 325, 1, 49000
1000, 500, 500, 1, 82584
2500, 1250, 1250, 1, 834875
5000, 2500, 2500, 1, 1014208
8000, 4000, 4000, 1, 1771792
10000, 5000, 5000, 1, 1905833
650, 325, 325, 1, 50500
1000, 500, 500, 1, 82792
2500, 1250, 1250, 1, 836500
5000, 2500, 2500, 1, 1002041
8000, 4000, 4000, 1, 1775708
10000, 5000, 5000, 1, 1910791
650, 325, 325, 1, 49125
1000, 500, 500, 1, 82708
2500, 1250, 1250, 1, 834750
5000, 2500, 2500, 1, 1003583
8000, 4000, 4000, 1, 1776583
10000, 5000, 5000, 1, 1909792
650, 325, 325, 1, 49167
1000, 500, 500, 1, 82625
2500, 1250, 1250, 1, 838167
5000, 2500, 2500, 1, 1005000
8000, 4000, 4000, 1, 1777542
10000, 5000, 5000, 1, 1911625
650, 325, 325, 1, 49125
1000, 500, 500, 1, 82792
2500, 1250, 1250, 1, 839459
5000, 2500, 2500, 1, 1002208
8000, 4000, 4000, 1, 1777875
10000, 5000, 5000, 1, 1913542
650, 325, 325, 1, 49041
1000, 500, 500, 1, 82667
2500, 1250, 1250, 1, 840042
5000, 2500, 2500, 1, 1006500
8000, 4000, 4000, 1, 1779250
10000, 5000, 5000, 1, 1916042
650, 325, 325, 1, 49250
1000, 500, 500, 1, 85541
2500, 1250, 1250, 1, 838167
5000, 2500, 2500, 1, 1007041
8000, 4000, 4000, 1, 1780625
10000, 5000, 5000, 1, 1919292
650, 325, 325, 1, 49125
1000, 500, 500, 1, 82667
2500, 1250, 1250, 1, 849500
5000, 2500, 2500, 1, 1009458
8000, 4000, 4000, 1, 1783750
10000, 5000, 5000, 1, 1922417
650, 325, 325, 1, 49167
1000, 500, 500, 1, 82792
2500, 1250, 1250, 1, 840000
5000, 2500, 2500, 1, 1011583
8000, 4000, 4000, 1, 1789541
10000, 5000, 5000, 1, 1920542
650, 325, 325, 1, 49291
1000, 500, 500, 1, 82709
2500, 1250, 1250, 1, 844750
5000, 2500, 2500, 1, 1006667
8000, 4000, 4000, 1, 1789042
10000, 5000, 5000, 1, 1927250
650, 325, 325, 1, 49083
1000, 500, 500, 1, 83000
2500, 1250, 1250, 1, 844542
5000, 2500, 2500, 1, 1008166
8000, 4000, 4000, 1, 1791042
10000, 5000, 5000, 1, 1923041
650, 325, 325, 1, 49292
1000, 500, 500, 1, 84625
2500, 1250, 1250, 1, 867792
5000, 2500, 2500, 1, 1025000
8000, 4000, 4000, 1, 1788750
10000, 5000, 5000, 1, 1924959
650, 325, 325, 1, 49417
1000, 500, 500, 1, 83125
2500, 1250, 1250, 1, 843542
5000, 2500, 2500, 1, 1012583
8000, 4000, 4000, 1, 1791042
10000, 5000, 5000, 1, 1930458
650, 325, 325, 1, 49250
1000, 500, 500, 1, 82875
2500, 1250, 1250, 1, 844458
5000, 2500, 2500, 1, 1013125
8000, 4000, 4000, 1, 1793167
10000, 5000, 5000, 1, 1928292
650, 325, 325, 1, 49250
1000, 500, 500, 1, 82959
2500, 1250, 1250, 1, 848292
5000, 2500, 2500, 1, 1015542
8000, 4000, 4000, 1, 1797417
10000, 5000, 5000, 1, 1930750
650, 325, 325, 1, 49208
1000, 500, 500, 1, 85000
2500, 1250, 1250, 1, 848875
5000, 2500, 2500, 1, 1015084
8000, 4000, 4000, 1, 1798959
10000, 5000, 5000, 1, 1935000
650, 325, 325, 1, 49292
1000, 500, 500, 1, 84500
2500, 1250, 1250, 1, 847458
5000, 2500, 2500, 1, 1015958
8000, 4000, 4000, 1, 1797792
10000, 5000, 5000, 1, 1933333
650, 325, 325, 1, 49125
1000, 500, 500, 1, 83042
2500, 1250, 1250, 1, 847958
5000, 2500, 2500, 1, 1017625
8000, 4000, 4000, 1, 1801458
10000, 5000, 5000, 1, 1935250
650, 325, 325, 1, 49667
1000, 500, 500, 1, 85541
2500, 1250, 1250, 1, 875333
5000, 2500, 2500, 1, 1015375
8000, 4000, 4000, 1, 1802333
10000, 5000, 5000, 1, 1937042
650, 325, 325, 1, 50375
1000, 500, 500, 1, 83042
2500, 1250, 1250, 1, 855500
5000, 2500, 2500, 1, 1019959
8000, 4000, 4000, 1, 1802709
10000, 5000, 5000, 1, 1939542
650, 325, 325, 1, 49250
1000, 500, 500, 1, 83333
2500, 1250, 1250, 1, 853042
5000, 2500, 2500, 1, 1018167
8000, 4000, 4000, 1, 1804208
10000, 5000, 5000, 1, 1942625
650, 325, 325, 1, 49250
1000, 500, 500, 1, 83167
2500, 1250, 1250, 1, 852292
5000, 2500, 2500, 1, 1021125
8000, 4000, 4000, 1, 1806875
10000, 5000, 5000, 1, 1943125
650, 325, 325, 1, 49333
1000, 500, 500, 1, 83375
2500, 1250, 1250, 1, 854459
5000, 2500, 2500, 1, 1019583
8000, 4000, 4000, 1, 1808542
10000, 5000, 5000, 1, 1943958
650, 325, 325, 1, 49166
1000, 500, 500, 1, 83250
2500, 1250, 1250, 1, 856709
5000, 2500, 2500, 1, 1019917
8000, 4000, 4000, 1, 1810292
10000, 5000, 5000, 1, 1947458
650, 325, 325, 1, 49625
1000, 500, 500, 1, 83500
2500, 1250, 1250, 1, 855917
5000, 2500, 2500, 1, 1022667
8000, 4000, 4000, 1, 1809000
10000, 5000, 5000, 1, 1947375
650, 325, 325, 1, 49417
1000, 500, 500, 1, 83167
2500, 1250, 1250, 1, 855458
5000, 2500, 2500, 1, 1026375
8000, 4000, 4000, 1, 1816000
10000, 5000, 5000, 1, 1949458
650, 325, 325, 1, 49417
1000, 500, 500, 1, 83167
2500, 1250, 1250, 1, 856000
5000, 2500, 2500, 1, 1025083
8000, 4000, 4000, 1, 1824625
10000, 5000, 5000, 1, 1956292
650, 325, 325, 1, 49375
1000, 500, 500, 1, 83500
2500, 1250, 1250, 1, 860541
5000, 2500, 2500, 1, 1023584
8000, 4000, 4000, 1, 1837750
10000, 5000, 5000, 1, 1955333
650, 325, 325, 1, 49583
1000, 500, 500, 1, 83250
2500, 1250, 1250, 1, 862792
5000, 2500, 2500, 1, 1025500
8000, 4000, 4000, 1, 1815750
10000, 5000, 5000, 1, 1956208
650, 325, 325, 1, 49416
1000, 500, 500, 1, 83500
2500, 1250, 1250, 1, 859042
5000, 2500, 2500, 1, 1030583
8000, 4000, 4000, 1, 1822583
10000, 5000, 5000, 1, 1961291
650, 325, 325, 1, 49458
1000, 500, 500, 1, 83375
2500, 1250, 1250, 1, 860000
5000, 2500, 2500, 1, 1032458
8000, 4000, 4000, 1, 1825375
10000, 5000, 5000, 1, 1963791
650, 325, 325, 1, 49459
1000, 500, 500, 1, 83709
2500, 1250, 1250, 1, 866042
5000, 2500, 2500, 1, 1027208
8000, 4000, 4000, 1, 1826417
10000, 5000, 5000, 1, 1961625
650, 325, 325, 1, 49583
1000, 500, 500, 1, 83500
2500, 1250, 1250, 1, 865042
5000, 2500, 2500, 1, 1034417
8000, 4000, 4000, 1, 1824000
10000, 5000, 5000, 1, 1963709
650, 325, 325, 1, 49583
1000, 500, 500, 1, 83708
2500, 1250, 1250, 1, 862584
5000, 2500, 2500, 1, 1034167
8000, 4000, 4000, 1, 1829625
10000, 5000, 5000, 1, 1967000
650, 325, 325, 1, 49417
1000, 500, 500, 1, 83625
2500, 1250, 1250, 1, 863291
5000, 2500, 2500, 1, 1030750
8000, 4000, 4000, 1, 1831500
10000, 5000, 5000, 1, 1967833
650, 325, 325, 1, 49333
1000, 500, 500, 1, 83542
2500, 1250, 1250, 1, 870084
5000, 2500, 2500, 1, 1030958
8000, 4000, 4000, 1, 1834541
10000, 5000, 5000, 1, 1968792
650, 325, 325, 1, 49584
1000, 500, 500, 1, 88167
2500, 1250, 1250, 1, 865334
5000, 2500, 2500, 1, 1037583
8000, 4000, 4000, 1, 1834666
10000, 5000, 5000, 1, 1971917
650, 325, 325, 1, 49625
1000, 500, 500, 1, 83709
2500, 1250, 1250, 1, 866375
5000, 2500, 2500, 1, 1056209
8000, 4000, 4000, 1, 1841500
10000, 5000, 5000, 1, 1983125
650, 325, 325, 1, 49458
1000, 500, 500, 1, 83584
2500, 1250, 1250, 1, 873167
5000, 2500, 2500, 1, 1033917
8000, 4000, 4000, 1, 1838334
10000, 5000, 5000, 1, 1975666
650, 325, 325, 1, 51500
1000, 500, 500, 1, 83708
2500, 1250, 1250, 1, 886083
5000, 2500, 2500, 1, 1035000
8000, 4000, 4000, 1, 1837875
10000, 5000, 5000, 1, 1976458
650, 325, 325, 1, 49458
1000, 500, 500, 1, 83708
2500, 1250, 1250, 1, 868875
5000, 2500, 2500, 1, 1040500
8000, 4000, 4000, 1, 1855000
10000, 5000, 5000, 1, 1977084
650, 325, 325, 1, 49625
1000, 500, 500, 1, 83625
2500, 1250, 1250, 1, 869792
5000, 2500, 2500, 1, 1040500
8000, 4000, 4000, 1, 1845542
10000, 5000, 5000, 1, 1979792
650, 325, 325, 1, 49667
1000, 500, 500, 1, 83750
2500, 1250, 1250, 1, 877875
5000, 2500, 2500, 1, 1037459
8000, 4000, 4000, 1, 1844833
10000, 5000, 5000, 1, 1980459
650, 325, 325, 1, 49666
1000, 500, 500, 1, 87958
2500, 1250, 1250, 1, 871250
5000, 2500, 2500, 1, 1043583
8000, 4000, 4000, 1, 1846708
10000, 5000, 5000, 1, 2008416
650, 325, 325, 1, 49792
1000, 500, 500, 1, 83792
2500, 1250, 1250, 1, 872542
5000, 2500, 2500, 1, 1042625
8000, 4000, 4000, 1, 1845333
10000, 5000, 5000, 1, 1980708
650, 325, 325, 1, 49667
1000, 500, 500, 1, 83833
2500, 1250, 1250, 1, 876000
5000, 2500, 2500, 1, 1039958
8000, 4000, 4000, 1, 1849375
10000, 5000, 5000, 1, 1983750
650, 325, 325, 1, 49583
1000, 500, 500, 1, 84041
2500, 1250, 1250, 1, 877041
5000, 2500, 2500, 1, 1040750
8000, 4000, 4000, 1, 1845917
10000, 5000, 5000, 1, 1985458
650, 325, 325, 1, 49584
1000, 500, 500, 1, 83834
2500, 1250, 1250, 1, 874750
5000, 2500, 2500, 1, 1044625
8000, 4000, 4000, 1, 1851250
10000, 5000, 5000, 1, 1993375
650, 325, 325, 1, 49750
1000, 500, 500, 1, 84125
2500, 1250, 1250, 1, 876292
5000, 2500, 2500, 1, 1042417
8000, 4000, 4000, 1, 1855083
10000, 5000, 5000, 1, 1987625
650, 325, 325, 1, 49708
1000, 500, 500, 1, 83833
2500, 1250, 1250, 1, 880625
5000, 2500, 2500, 1, 1043667
8000, 4000, 4000, 1, 1854666
10000, 5000, 5000, 1, 1989709
650, 325, 325, 1, 51041
1000, 500, 500, 1, 83917
2500, 1250, 1250, 1, 878208
5000, 2500, 2500, 1, 1047709
8000, 4000, 4000, 1, 1855125
10000, 5000, 5000, 1, 1992084
650, 325, 325, 1, 49834
1000, 500, 500, 1, 84041
2500, 1250, 1250, 1, 878583
5000, 2500, 2500, 1, 1048958
8000, 4000, 4000, 1, 1857833
10000, 5000, 5000, 1, 1993333
650, 325, 325, 1, 49667
1000, 500, 500, 1, 84166
2500, 1250, 1250, 1, 882250
5000, 2500, 2500, 1, 1046333
8000, 4000, 4000, 1, 1858708
10000, 5000, 5000, 1, 2001000
650, 325, 325, 1, 49833
1000, 500, 500, 1, 86375
2500, 1250, 1250, 1, 881916
5000, 2500, 2500, 1, 1050666
8000, 4000, 4000, 1, 1860416
10000, 5000, 5000, 1, 1996750
650, 325, 325, 1, 49875
1000, 500, 500, 1, 83959
2500, 1250, 1250, 1, 881083
5000, 2500, 2500, 1, 1050875
8000, 4000, 4000, 1, 1862708
10000, 5000, 5000, 1, 1998208
650, 325, 325, 1, 49833
1000, 500, 500, 1, 84208
2500, 1250, 1250, 1, 885458
5000, 2500, 2500, 1, 1049209
8000, 4000, 4000, 1, 1866875
10000, 5000, 5000, 1, 2000208
650, 325, 325, 1, 49792
1000, 500, 500, 1, 84416
2500, 1250, 1250, 1, 883166
5000, 2500, 2500, 1, 1053750
8000, 4000, 4000, 1, 1865000
10000, 5000, 5000, 1, 2008833
650, 325, 325, 1, 50916
1000, 500, 500, 1, 86416
2500, 1250, 1250, 1, 905417
5000, 2500, 2500, 1, 1079083
8000, 4000, 4000, 1, 1918458
10000, 5000, 5000, 1, 2059708
650, 325, 325, 1, 51333
1000, 500, 500, 1, 86583
2500, 1250, 1250, 1, 925417
5000, 2500, 2500, 1, 1071875
8000, 4000, 4000, 1, 1907042
10000, 5000, 5000, 1, 2071250
650, 325, 325, 1, 52000
1000, 500, 500, 1, 86250
2500, 1250, 1250, 1, 930917
5000, 2500, 2500, 1, 1082958
8000, 4000, 4000, 1, 1906167
10000, 5000, 5000, 1, 2050333
650, 325, 325, 1, 51500
1000, 500, 500, 1, 85250
2500, 1250, 1250, 1, 907750
5000, 2500, 2500, 1, 1078041
8000, 4000, 4000, 1, 1919792
10000, 5000, 5000, 1, 2061375
650, 325, 325, 1, 51458
1000, 500, 500, 1, 86625
2500, 1250, 1250, 1, 975958
5000, 2500, 2500, 1, 1168083
8000, 4000, 4000, 1, 2067709
10000, 5000, 5000, 1, 2203250
650, 325, 325, 1, 57167
1000, 500, 500, 1, 91417
2500, 1250, 1250, 1, 975791
5000, 2500, 2500, 1, 1150416
8000, 4000, 4000, 1, 2051000
10000, 5000, 5000, 1, 2125167
650, 325, 325, 1, 51500
1000, 500, 500, 1, 90667
2500, 1250, 1250, 1, 961791
5000, 2500, 2500, 1, 1135167
8000, 4000, 4000, 1, 2014250
10000, 5000, 5000, 1, 2019041
650, 325, 325, 1, 49792
1000, 500, 500, 1, 87667
2500, 1250, 1250, 1, 907250
5000, 2500, 2500, 1, 1056917
8000, 4000, 4000, 1, 1881375
10000, 5000, 5000, 1, 2037375
650, 325, 325, 1, 51167
1000, 500, 500, 1, 84166
2500, 1250, 1250, 1, 894250
5000, 2500, 2500, 1, 1079709
8000, 4000, 4000, 1, 1887042
10000, 5000, 5000, 1, 2019958
650, 325, 325, 1, 51375
1000, 500, 500, 1, 84333
2500, 1250, 1250, 1, 891833
5000, 2500, 2500, 1, 1070958
8000, 4000, 4000, 1, 1896666
10000, 5000, 5000, 1, 2021583
650, 325, 325, 1, 49792
1000, 500, 500, 1, 85250
2500, 1250, 1250, 1, 914250
5000, 2500, 2500, 1, 1090125
8000, 4000, 4000, 1, 1889041
10000, 5000, 5000, 1, 2052500
650, 325, 325, 1, 49875
1000, 500, 500, 1, 84208
2500, 1250, 1250, 1, 893708
5000, 2500, 2500, 1, 1065791
8000, 4000, 4000, 1, 1903291
10000, 5000, 5000, 1, 2071292
650, 325, 325, 1, 49875
1000, 500, 500, 1, 86792
2500, 1250, 1250, 1, 905916
5000, 2500, 2500, 1, 1067500
8000, 4000, 4000, 1, 1892666
10000, 5000, 5000, 1, 2032084
650, 325, 325, 1, 49916
1000, 500, 500, 1, 84458
2500, 1250, 1250, 1, 899583
5000, 2500, 2500, 1, 1082167
8000, 4000, 4000, 1, 1891125
10000, 5000, 5000, 1, 2032291
650, 325, 325, 1, 51709
1000, 500, 500, 1, 84459
2500, 1250, 1250, 1, 902125
5000, 2500, 2500, 1, 1071500
8000, 4000, 4000, 1, 1916792
10000, 5000, 5000, 1, 2030000
650, 325, 325, 1, 50000
1000, 500, 500, 1, 84375
2500, 1250, 1250, 1, 904792
5000, 2500, 2500, 1, 1074417
8000, 4000, 4000, 1, 1894625
10000, 5000, 5000, 1, 2043000
650, 325, 325, 1, 52000
1000, 500, 500, 1, 84500
2500, 1250, 1250, 1, 898333
5000, 2500, 2500, 1, 1071250
8000, 4000, 4000, 1, 1904167
10000, 5000, 5000, 1, 2035500
650, 325, 325, 1, 50041
1000, 500, 500, 1, 86417
2500, 1250, 1250, 1, 906833
5000, 2500, 2500, 1, 1066000
8000, 4000, 4000, 1, 1920584
10000, 5000, 5000, 1, 2045583
650, 325, 325, 1, 49875
1000, 500, 500, 1, 84666
2500, 1250, 1250, 1, 946708
5000, 2500, 2500, 1, 1072292
8000, 4000, 4000, 1, 1915000
10000, 5000, 5000, 1, 2035834
650, 325, 325, 1, 49875
1000, 500, 500, 1, 84667
2500, 1250, 1250, 1, 902208
5000, 2500, 2500, 1, 1082000
8000, 4000, 4000, 1, 1902167
10000, 5000, 5000, 1, 2038750
650, 325, 325, 1, 49833
1000, 500, 500, 1, 84584
2500, 1250, 1250, 1, 913709
5000, 2500, 2500, 1, 1071250
8000, 4000, 4000, 1, 1904708
10000, 5000, 5000, 1, 2042291
650, 325, 325, 1, 49958
1000, 500, 500, 1, 87625
2500, 1250, 1250, 1, 902667
5000, 2500, 2500, 1, 1074792
8000, 4000, 4000, 1, 1905167
10000, 5000, 5000, 1, 2044416
650, 325, 325, 1, 49750
1000, 500, 500, 1, 84791
2500, 1250, 1250, 1, 907000
5000, 2500, 2500, 1, 1077166
8000, 4000, 4000, 1, 1911875
10000, 5000, 5000, 1, 2046125
650, 325, 325, 1, 50000
1000, 500, 500, 1, 84708
2500, 1250, 1250, 1, 909750
5000, 2500, 2500, 1, 1071917
8000, 4000, 4000, 1, 1909625
10000, 5000, 5000, 1, 2046625
650, 325, 325, 1, 49875
1000, 500, 500, 1, 84750
2500, 1250, 1250, 1, 905208
5000, 2500, 2500, 1, 1077750
8000, 4000, 4000, 1, 1910917
10000, 5000, 5000, 1, 2047333
650, 325, 325, 1, 50042
1000, 500, 500, 1, 84750
2500, 1250, 1250, 1, 913209
5000, 2500, 2500, 1, 1073792
8000, 4000, 4000, 1, 1911667
10000, 5000, 5000, 1, 2059333
650, 325, 325, 1, 49875
1000, 500, 500, 1, 87250
2500, 1250, 1250, 1, 907000
5000, 2500, 2500, 1, 1079084
8000, 4000, 4000, 1, 1914792
10000, 5000, 5000, 1, 2050125
650, 325, 325, 1, 50042
1000, 500, 500, 1, 84833
2500, 1250, 1250, 1, 908333
5000, 2500, 2500, 1, 1083000
8000, 4000, 4000, 1, 1917125
10000, 5000, 5000, 1, 2065875
650, 325, 325, 1, 50042
1000, 500, 500, 1, 87792
2500, 1250, 1250, 1, 915541
5000, 2500, 2500, 1, 1076083
8000, 4000, 4000, 1, 1919542
10000, 5000, 5000, 1, 2057417
650, 325, 325, 1, 50000
1000, 500, 500, 1, 84791
2500, 1250, 1250, 1, 909958
5000, 2500, 2500, 1, 1081917
8000, 4000, 4000, 1, 1927417
10000, 5000, 5000, 1, 2059750
650, 325, 325, 1, 49833
1000, 500, 500, 1, 84834
2500, 1250, 1250, 1, 916542
5000, 2500, 2500, 1, 1080000
8000, 4000, 4000, 1, 1923292
10000, 5000, 5000, 1, 2062125
650, 325, 325, 1, 49958
1000, 500, 500, 1, 87334
2500, 1250, 1250, 1, 912792
5000, 2500, 2500, 1, 1083959
8000, 4000, 4000, 1, 1941333
10000, 5000, 5000, 1, 2058583
650, 325, 325, 1, 50167
1000, 500, 500, 1, 84833
2500, 1250, 1250, 1, 915875
5000, 2500, 2500, 1, 1079708
8000, 4000, 4000, 1, 1924916
10000, 5000, 5000, 1, 2062500
650, 325, 325, 1, 50209
1000, 500, 500, 1, 84958
2500, 1250, 1250, 1, 918792
5000, 2500, 2500, 1, 1082458
8000, 4000, 4000, 1, 1924916
10000, 5000, 5000, 1, 2064917
650, 325, 325, 1, 50166
1000, 500, 500, 1, 86750
2500, 1250, 1250, 1, 1004959
5000, 2500, 2500, 1, 1089333
8000, 4000, 4000, 1, 1940458
10000, 5000, 5000, 1, 2066000
650, 325, 325, 1, 50125
1000, 500, 500, 1, 87792
2500, 1250, 1250, 1, 917666
5000, 2500, 2500, 1, 1082500
8000, 4000, 4000, 1, 2085708
10000, 5000, 5000, 1, 2078167
650, 325, 325, 1, 50167
1000, 500, 500, 1, 87792
2500, 1250, 1250, 1, 916250
5000, 2500, 2500, 1, 1091333
8000, 4000, 4000, 1, 1934292
10000, 5000, 5000, 1, 2068541
650, 325, 325, 1, 50166
1000, 500, 500, 1, 87000
2500, 1250, 1250, 1, 924583
5000, 2500, 2500, 1, 1087292
8000, 4000, 4000, 1, 1956875
10000, 5000, 5000, 1, 2074833
650, 325, 325, 1, 50166
1000, 500, 500, 1, 87333
2500, 1250, 1250, 1, 917917
5000, 2500, 2500, 1, 1093166
8000, 4000, 4000, 1, 1934834
10000, 5000, 5000, 1, 2073000
650, 325, 325, 1, 50125
1000, 500, 500, 1, 85000
2500, 1250, 1250, 1, 923916
5000, 2500, 2500, 1, 1086209
8000, 4000, 4000, 1, 1938292
10000, 5000, 5000, 1, 2073917
650, 325, 325, 1, 50250
1000, 500, 500, 1, 89458
2500, 1250, 1250, 1, 922584
5000, 2500, 2500, 1, 1092209
8000, 4000, 4000, 1, 1936750
10000, 5000, 5000, 1, 2076125
650, 325, 325, 1, 50166
1000, 500, 500, 1, 85041
2500, 1250, 1250, 1, 920833
5000, 2500, 2500, 1, 1088042
8000, 4000, 4000, 1, 1956042
10000, 5000, 5000, 1, 2075375
650, 325, 325, 1, 50167
1000, 500, 500, 1, 85166
2500, 1250, 1250, 1, 929541
5000, 2500, 2500, 1, 1093917
8000, 4000, 4000, 1, 1940083
10000, 5000, 5000, 1, 2089083
650, 325, 325, 1, 50125
1000, 500, 500, 1, 85083
2500, 1250, 1250, 1, 922500
5000, 2500, 2500, 1, 1095667
8000, 4000, 4000, 1, 1941292
10000, 5000, 5000, 1, 2078625
650, 325, 325, 1, 50167
1000, 500, 500, 1, 85292
2500, 1250, 1250, 1, 928375
5000, 2500, 2500, 1, 1092458
8000, 4000, 4000, 1, 1946917
10000, 5000, 5000, 1, 2085500
650, 325, 325, 1, 50042
1000, 500, 500, 1, 85333
2500, 1250, 1250, 1, 924375
5000, 2500, 2500, 1, 1099459
8000, 4000, 4000, 1, 1945208
10000, 5000, 5000, 1, 2087542
650, 325, 325, 1, 50166
1000, 500, 500, 1, 85416
2500, 1250, 1250, 1, 933667
5000, 2500, 2500, 1, 1110833
8000, 4000, 4000, 1, 1946834
10000, 5000, 5000, 1, 2110125
650, 325, 325, 1, 50042
1000, 500, 500, 1, 85125
2500, 1250, 1250, 1, 933667
5000, 2500, 2500, 1, 1099875
8000, 4000, 4000, 1, 1948291
10000, 5000, 5000, 1, 2086000
650, 325, 325, 1, 50333
1000, 500, 500, 1, 85417
2500, 1250, 1250, 1, 932250
5000, 2500, 2500, 1, 1094208
8000, 4000, 4000, 1, 1960750
10000, 5000, 5000, 1, 2089000
650, 325, 325, 1, 51542
1000, 500, 500, 1, 85375
2500, 1250, 1250, 1, 928083
5000, 2500, 2500, 1, 1102958
8000, 4000, 4000, 1, 1984750
10000, 5000, 5000, 1, 2096750
650, 325, 325, 1, 52333
1000, 500, 500, 1, 85333
2500, 1250, 1250, 1, 934250
5000, 2500, 2500, 1, 1096542
8000, 4000, 4000, 1, 1958917
10000, 5000, 5000, 1, 2099417
650, 325, 325, 1, 50042
1000, 500, 500, 1, 89416
2500, 1250, 1250, 1, 929209
5000, 2500, 2500, 1, 1102750
8000, 4000, 4000, 1, 1955000
10000, 5000, 5000, 1, 2096500
650, 325, 325, 1, 50041
1000, 500, 500, 1, 85458
2500, 1250, 1250, 1, 934792
5000, 2500, 2500, 1, 1102750
8000, 4000, 4000, 1, 1957416
10000, 5000, 5000, 1, 2097208
650, 325, 325, 1, 50292
1000, 500, 500, 1, 85541
2500, 1250, 1250, 1, 933541
5000, 2500, 2500, 1, 1104375
8000, 4000, 4000, 1, 1958750
10000, 5000, 5000, 1, 2099292
650, 325, 325, 1, 52458
1000, 500, 500, 1, 85584
2500, 1250, 1250, 1, 932375
5000, 2500, 2500, 1, 1101792
8000, 4000, 4000, 1, 1960291
10000, 5000, 5000, 1, 2100459
650, 325, 325, 1, 50208
1000, 500, 500, 1, 85542
2500, 1250, 1250, 1, 954834
5000, 2500, 2500, 1, 1130834
8000, 4000, 4000, 1, 1962125
10000, 5000, 5000, 1, 2102000
650, 325, 325, 1, 50417
1000, 500, 500, 1, 85583
2500, 1250, 1250, 1, 936708
5000, 2500, 2500, 1, 1106375
8000, 4000, 4000, 1, 1972125
10000, 5000, 5000, 1, 2101042
650, 325, 325, 1, 50209
1000, 500, 500, 1, 85500
2500, 1250, 1250, 1, 942875
5000, 2500, 2500, 1, 1107375
8000, 4000, 4000, 1, 1965667
10000, 5000, 5000, 1, 2118208
650, 325, 325, 1, 50333
1000, 500, 500, 1, 85584
2500, 1250, 1250, 1, 935542
5000, 2500, 2500, 1, 1111834
8000, 4000, 4000, 1, 1966916
10000, 5000, 5000, 1, 2104042
650, 325, 325, 1, 50208
1000, 500, 500, 1, 85875
2500, 1250, 1250, 1, 943875
5000, 2500, 2500, 1, 1105583
8000, 4000, 4000, 1, 1972250
10000, 5000, 5000, 1, 2105791
650, 325, 325, 1, 50334
1000, 500, 500, 1, 85709
2500, 1250, 1250, 1, 937625
5000, 2500, 2500, 1, 1113167
8000, 4000, 4000, 1, 1973375
10000, 5000, 5000, 1, 2112833
650, 325, 325, 1, 50292
1000, 500, 500, 1, 85625
2500, 1250, 1250, 1, 951542
5000, 2500, 2500, 1, 1106500
8000, 4000, 4000, 1, 1972084
10000, 5000, 5000, 1, 2109917
650, 325, 325, 1, 50417
1000, 500, 500, 1, 85584
2500, 1250, 1250, 1, 941958
5000, 2500, 2500, 1, 1116042
8000, 4000, 4000, 1, 1976916
10000, 5000, 5000, 1, 2111333
650, 325, 325, 1, 50167
1000, 500, 500, 1, 85959
2500, 1250, 1250, 1, 948041
5000, 2500, 2500, 1, 1108334
8000, 4000, 4000, 1, 1975250
10000, 5000, 5000, 1, 2115084
650, 325, 325, 1, 50375
1000, 500, 500, 1, 85625
2500, 1250, 1250, 1, 941209
5000, 2500, 2500, 1, 1117500
8000, 4000, 4000, 1, 2027792
10000, 5000, 5000, 1, 2153959
650, 325, 325, 1, 50416
1000, 500, 500, 1, 86042
2500, 1250, 1250, 1, 953875
5000, 2500, 2500, 1, 1147417
8000, 4000, 4000, 1, 2025083
10000, 5000, 5000, 1, 2196292
650, 325, 325, 1, 52625
1000, 500, 500, 1, 86042
2500, 1250, 1250, 1, 972250
5000, 2500, 2500, 1, 1157000
8000, 4000, 4000, 1, 2013583
10000, 5000, 5000, 1, 2205416
650, 325, 325, 1, 52125
1000, 500, 500, 1, 89750
2500, 1250, 1250, 1, 977750
5000, 2500, 2500, 1, 1154166
8000, 4000, 4000, 1, 2052834
10000, 5000, 5000, 1, 2195500
650, 325, 325, 1, 52250
1000, 500, 500, 1, 88875
2500, 1250, 1250, 1, 983000
5000, 2500, 2500, 1, 1150083
8000, 4000, 4000, 1, 2058750
10000, 5000, 5000, 1, 2203458
650, 325, 325, 1, 53875
1000, 500, 500, 1, 91583
2500, 1250, 1250, 1, 1008542
5000, 2500, 2500, 1, 1188833
8000, 4000, 4000, 1, 2068500
10000, 5000, 5000, 1, 2194084
650, 325, 325, 1, 52291
1000, 500, 500, 1, 90500
2500, 1250, 1250, 1, 981041
5000, 2500, 2500, 1, 1155625
8000, 4000, 4000, 1, 2070416
10000, 5000, 5000, 1, 2225833
650, 325, 325, 1, 52334
1000, 500, 500, 1, 89208
2500, 1250, 1250, 1, 999084
5000, 2500, 2500, 1, 1168417
8000, 4000, 4000, 1, 2095875
10000, 5000, 5000, 1, 2167166
650, 325, 325, 1, 50583
1000, 500, 500, 1, 85875
2500, 1250, 1250, 1, 948417
5000, 2500, 2500, 1, 1124792
8000, 4000, 4000, 1, 1993458
10000, 5000, 5000, 1, 2143292
650, 325, 325, 1, 50917
1000, 500, 500, 1, 86208
2500, 1250, 1250, 1, 954209
5000, 2500, 2500, 1, 1119666
8000, 4000, 4000, 1, 1992292
10000, 5000, 5000, 1, 2130459
650, 325, 325, 1, 50416
1000, 500, 500, 1, 86042
2500, 1250, 1250, 1, 953083
5000, 2500, 2500, 1, 1126041
8000, 4000, 4000, 1, 1996250
10000, 5000, 5000, 1, 2134250
650, 325, 325, 1, 50542
1000, 500, 500, 1, 85875
2500, 1250, 1250, 1, 964125
5000, 2500, 2500, 1, 1123792
8000, 4000, 4000, 1, 1995583
10000, 5000, 5000, 1, 2136583
650, 325, 325, 1, 50792
1000, 500, 500, 1, 86625
2500, 1250, 1250, 1, 953084
5000, 2500, 2500, 1, 1128083
8000, 4000, 4000, 1, 1997667
10000, 5000, 5000, 1, 2150750
650, 325, 325, 1, 52208
1000, 500, 500, 1, 87833
2500, 1250, 1250, 1, 957000
5000, 2500, 2500, 1, 1160125
8000, 4000, 4000, 1, 2001958
10000, 5000, 5000, 1, 2136375
650, 325, 325, 1, 50583
1000, 500, 500, 1, 88917
2500, 1250, 1250, 1, 967958
5000, 2500, 2500, 1, 1124416
8000, 4000, 4000, 1, 2011333
10000, 5000, 5000, 1, 2165042
650, 325, 325, 1, 50875
1000, 500, 500, 1, 88458
2500, 1250, 1250, 1, 960625
5000, 2500, 2500, 1, 1129250
8000, 4000, 4000, 1, 2000083
10000, 5000, 5000, 1, 2139667
650, 325, 325, 1, 50416
1000, 500, 500, 1, 86250
2500, 1250, 1250, 1, 964375
5000, 2500, 2500, 1, 1123708
8000, 4000, 4000, 1, 2004792
10000, 5000, 5000, 1, 2142375
650, 325, 325, 1, 51583
1000, 500, 500, 1, 86250
2500, 1250, 1250, 1, 958917
5000, 2500, 2500, 1, 1128125
8000, 4000, 4000, 1, 2008375
10000, 5000, 5000, 1, 2141125
650, 325, 325, 1, 50708
1000, 500, 500, 1, 86375
2500, 1250, 1250, 1, 960208
5000, 2500, 2500, 1, 1125125
8000, 4000, 4000, 1, 2005708
10000, 5000, 5000, 1, 2145583
650, 325, 325, 1, 50625
1000, 500, 500, 1, 89500
2500, 1250, 1250, 1, 958125
5000, 2500, 2500, 1, 1131042
8000, 4000, 4000, 1, 2006583
10000, 5000, 5000, 1, 2147583
650, 325, 325, 1, 50708
1000, 500, 500, 1, 86250
2500, 1250, 1250, 1, 964750
5000, 2500, 2500, 1, 1145292
8000, 4000, 4000, 1, 2010291
10000, 5000, 5000, 1, 2147709
650, 325, 325, 1, 50625
1000, 500, 500, 1, 86125
2500, 1250, 1250, 1, 962625
5000, 2500, 2500, 1, 1129375
8000, 4000, 4000, 1, 2010250
10000, 5000, 5000, 1, 2152042
650, 325, 325, 1, 50708
1000, 500, 500, 1, 86583
2500, 1250, 1250, 1, 960792
5000, 2500, 2500, 1, 1134875
8000, 4000, 4000, 1, 2011708
10000, 5000, 5000, 1, 2150791
650, 325, 325, 1, 50625
1000, 500, 500, 1, 86458
2500, 1250, 1250, 1, 964125
5000, 2500, 2500, 1, 1131541
8000, 4000, 4000, 1, 2013583
10000, 5000, 5000, 1, 2151250
650, 325, 325, 1, 53375
1000, 500, 500, 1, 86375
2500, 1250, 1250, 1, 965208
5000, 2500, 2500, 1, 1133833
8000, 4000, 4000, 1, 2023208
10000, 5000, 5000, 1, 2165041
650, 325, 325, 1, 50500
1000, 500, 500, 1, 86375
2500, 1250, 1250, 1, 974000
5000, 2500, 2500, 1, 1132167
8000, 4000, 4000, 1, 2019583
10000, 5000, 5000, 1, 2157791
650, 325, 325, 1, 50708
1000, 500, 500, 1, 86500
2500, 1250, 1250, 1, 965541
5000, 2500, 2500, 1, 1157250
8000, 4000, 4000, 1, 2025541
10000, 5000, 5000, 1, 2157084
650, 325, 325, 1, 50750
1000, 500, 500, 1, 86625
2500, 1250, 1250, 1, 968042
5000, 2500, 2500, 1, 1134000
8000, 4000, 4000, 1, 2023959
10000, 5000, 5000, 1, 2161750
650, 325, 325, 1, 50625
1000, 500, 500, 1, 86458
2500, 1250, 1250, 1, 966500
5000, 2500, 2500, 1, 1140291
8000, 4000, 4000, 1, 2022458
10000, 5000, 5000, 1, 2173791
650, 325, 325, 1, 50708
1000, 500, 500, 1, 86625
2500, 1250, 1250, 1, 972459
5000, 2500, 2500, 1, 1158083
8000, 4000, 4000, 1, 2064500
10000, 5000, 5000, 1, 2164542
650, 325, 325, 1, 50750
1000, 500, 500, 1, 86417
2500, 1250, 1250, 1, 970917
5000, 2500, 2500, 1, 1136500
8000, 4000, 4000, 1, 2025500
10000, 5000, 5000, 1, 2166958
650, 325, 325, 1, 51834
1000, 500, 500, 1, 86459
2500, 1250, 1250, 1, 971708
5000, 2500, 2500, 1, 1140542
8000, 4000, 4000, 1, 2032167
10000, 5000, 5000, 1, 2164917
650, 325, 325, 1, 50834
1000, 500, 500, 1, 86791
2500, 1250, 1250, 1, 974084
5000, 2500, 2500, 1, 1140834
8000, 4000, 4000, 1, 2029375
10000, 5000, 5000, 1, 2166959
650, 325, 325, 1, 50833
1000, 500, 500, 1, 86708
2500, 1250, 1250, 1, 970625
5000, 2500, 2500, 1, 1142292
8000, 4000, 4000, 1, 2035125
10000, 5000, 5000, 1, 2167833
650, 325, 325, 1, 50791
1000, 500, 500, 1, 86416
2500, 1250, 1250, 1, 977291
5000, 2500, 2500, 1, 1142667
8000, 4000, 4000, 1, 2032292
10000, 5000, 5000, 1, 2181708
650, 325, 325, 1, 50709
1000, 500, 500, 1, 86875
2500, 1250, 1250, 1, 974083
5000, 2500, 2500, 1, 1140792
8000, 4000, 4000, 1, 2037417
10000, 5000, 5000, 1, 2174584
650, 325, 325, 1, 50709
1000, 500, 500, 1, 88125
2500, 1250, 1250, 1, 973291
5000, 2500, 2500, 1, 1145500
8000, 4000, 4000, 1, 2037917
10000, 5000, 5000, 1, 2173541
650, 325, 325, 1, 50875
1000, 500, 500, 1, 86791
2500, 1250, 1250, 1, 976708
5000, 2500, 2500, 1, 1142625
8000, 4000, 4000, 1, 2040209
10000, 5000, 5000, 1, 2183333
650, 325, 325, 1, 50792
1000, 500, 500, 1, 86750
2500, 1250, 1250, 1, 975042
5000, 2500, 2500, 1, 1147084
8000, 4000, 4000, 1, 2064584
10000, 5000, 5000, 1, 2176333
650, 325, 325, 1, 50875
1000, 500, 500, 1, 86791
2500, 1250, 1250, 1, 979291
5000, 2500, 2500, 1, 1148500
8000, 4000, 4000, 1, 2040458
10000, 5000, 5000, 1, 2179334
650, 325, 325, 1, 50917
1000, 500, 500, 1, 86875
2500, 1250, 1250, 1, 980041
5000, 2500, 2500, 1, 1145292
8000, 4000, 4000, 1, 2046125
10000, 5000, 5000, 1, 2182584
650, 325, 325, 1, 52416
1000, 500, 500, 1, 86875
2500, 1250, 1250, 1, 980375
5000, 2500, 2500, 1, 1149375
8000, 4000, 4000, 1, 2043500
10000, 5000, 5000, 1, 2182292
650, 325, 325, 1, 50792
1000, 500, 500, 1, 87042
2500, 1250, 1250, 1, 981250
5000, 2500, 2500, 1, 1147292
8000, 4000, 4000, 1, 2049167
10000, 5000, 5000, 1, 2183625
650, 325, 325, 1, 50667
1000, 500, 500, 1, 86959
2500, 1250, 1250, 1, 979666
5000, 2500, 2500, 1, 1150667
8000, 4000, 4000, 1, 2066334
10000, 5000, 5000, 1, 2185000
650, 325, 325, 1, 50833
1000, 500, 500, 1, 86958
2500, 1250, 1250, 1, 1079750
5000, 2500, 2500, 1, 1162084
8000, 4000, 4000, 1, 2059792
10000, 5000, 5000, 1, 2199458
650, 325, 325, 1, 53916
1000, 500, 500, 1, 89792
2500, 1250, 1250, 1, 981750
5000, 2500, 2500, 1, 1152500
8000, 4000, 4000, 1, 2220042
10000, 5000, 5000, 1, 2203834
650, 325, 325, 1, 53584
1000, 500, 500, 1, 89875
2500, 1250, 1250, 1, 982583
5000, 2500, 2500, 1, 1157333
8000, 4000, 4000, 1, 2056833
10000, 5000, 5000, 1, 2201916
650, 325, 325, 1, 53209
1000, 500, 500, 1, 92083
2500, 1250, 1250, 1, 984417
5000, 2500, 2500, 1, 1154834
8000, 4000, 4000, 1, 2065125
10000, 5000, 5000, 1, 2208458
650, 325, 325, 1, 53084
1000, 500, 500, 1, 89333
2500, 1250, 1250, 1, 987083
5000, 2500, 2500, 1, 1159333
8000, 4000, 4000, 1, 2056458
10000, 5000, 5000, 1, 2199208
650, 325, 325, 1, 53000
1000, 500, 500, 1, 89125
2500, 1250, 1250, 1, 984916
5000, 2500, 2500, 1, 1158959
8000, 4000, 4000, 1, 2057291
10000, 5000, 5000, 1, 2201542
650, 325, 325, 1, 50875
1000, 500, 500, 1, 89334
2500, 1250, 1250, 1, 989833
5000, 2500, 2500, 1, 1157334
8000, 4000, 4000, 1, 2059041
10000, 5000, 5000, 1, 2196458
650, 325, 325, 1, 50875
1000, 500, 500, 1, 87250
2500, 1250, 1250, 1, 994083
5000, 2500, 2500, 1, 1155084
8000, 4000, 4000, 1, 2060584
10000, 5000, 5000, 1, 2201917
650, 325, 325, 1, 52583
1000, 500, 500, 1, 87292
2500, 1250, 1250, 1, 987917
5000, 2500, 2500, 1, 1161875
8000, 4000, 4000, 1, 2067250
10000, 5000, 5000, 1, 2200834
650, 325, 325, 1, 50875
1000, 500, 500, 1, 87209
2500, 1250, 1250, 1, 994042
5000, 2500, 2500, 1, 1160083
8000, 4000, 4000, 1, 2067500
10000, 5000, 5000, 1, 2204250
650, 325, 325, 1, 50875
1000, 500, 500, 1, 87041
2500, 1250, 1250, 1, 989875
5000, 2500, 2500, 1, 1160250
8000, 4000, 4000, 1, 2066417
10000, 5000, 5000, 1, 2203833
650, 325, 325, 1, 51083
1000, 500, 500, 1, 93625
2500, 1250, 1250, 1, 995791
5000, 2500, 2500, 1, 1167125
8000, 4000, 4000, 1, 2074500
10000, 5000, 5000, 1, 2208250
650, 325, 325, 1, 50792
1000, 500, 500, 1, 87208
2500, 1250, 1250, 1, 994500
5000, 2500, 2500, 1, 1162417
8000, 4000, 4000, 1, 2074000
10000, 5000, 5000, 1, 2242000
650, 325, 325, 1, 50959
1000, 500, 500, 1, 87250
2500, 1250, 1250, 1, 992125
5000, 2500, 2500, 1, 1164041
8000, 4000, 4000, 1, 2070666
10000, 5000, 5000, 1, 2212834
650, 325, 325, 1, 50958
1000, 500, 500, 1, 87292
2500, 1250, 1250, 1, 994875
5000, 2500, 2500, 1, 1164625
8000, 4000, 4000, 1, 2073042
10000, 5000, 5000, 1, 2242166
650, 325, 325, 1, 53250
1000, 500, 500, 1, 90125
2500, 1250, 1250, 1, 996750
5000, 2500, 2500, 1, 1165917
8000, 4000, 4000, 1, 2074667
10000, 5000, 5000, 1, 2218875
650, 325, 325, 1, 51042
1000, 500, 500, 1, 87458
2500, 1250, 1250, 1, 1001750
5000, 2500, 2500, 1, 1169292
8000, 4000, 4000, 1, 2078958
10000, 5000, 5000, 1, 2216792
650, 325, 325, 1, 53750
1000, 500, 500, 1, 87250
2500, 1250, 1250, 1, 998625
5000, 2500, 2500, 1, 1167666
8000, 4000, 4000, 1, 2079459
10000, 5000, 5000, 1, 2216375
650, 325, 325, 1, 51000
1000, 500, 500, 1, 87500
2500, 1250, 1250, 1, 999584
5000, 2500, 2500, 1, 1180708
8000, 4000, 4000, 1, 2081708
10000, 5000, 5000, 1, 2237625
650, 325, 325, 1, 50917
1000, 500, 500, 1, 87208
2500, 1250, 1250, 1, 1006042
5000, 2500, 2500, 1, 1190750
8000, 4000, 4000, 1, 2081792
10000, 5000, 5000, 1, 2219542
650, 325, 325, 1, 51167
1000, 500, 500, 1, 87417
2500, 1250, 1250, 1, 1000541
5000, 2500, 2500, 1, 1170750
8000, 4000, 4000, 1, 2096041
10000, 5000, 5000, 1, 2223625
650, 325, 325, 1, 51125
1000, 500, 500, 1, 87458
2500, 1250, 1250, 1, 1001958
5000, 2500, 2500, 1, 1168708
8000, 4000, 4000, 1, 2096875
10000, 5000, 5000, 1, 2260542
650, 325, 325, 1, 51166
1000, 500, 500, 1, 87583
2500, 1250, 1250, 1, 1003250
5000, 2500, 2500, 1, 1172042
8000, 4000, 4000, 1, 2086583
10000, 5000, 5000, 1, 2224750
650, 325, 325, 1, 51166
1000, 500, 500, 1, 90250
2500, 1250, 1250, 1, 1003333
5000, 2500, 2500, 1, 1176209
8000, 4000, 4000, 1, 2088084
10000, 5000, 5000, 1, 2228834
650, 325, 325, 1, 51125
1000, 500, 500, 1, 87625
2500, 1250, 1250, 1, 1005167
5000, 2500, 2500, 1, 1171334
8000, 4000, 4000, 1, 2092042
10000, 5000, 5000, 1, 2233125
650, 325, 325, 1, 51167
1000, 500, 500, 1, 87625
2500, 1250, 1250, 1, 1002834
5000, 2500, 2500, 1, 1175041
8000, 4000, 4000, 1, 2090875
10000, 5000, 5000, 1, 2230250
650, 325, 325, 1, 51166
1000, 500, 500, 1, 87666
2500, 1250, 1250, 1, 1007333
5000, 2500, 2500, 1, 1176375
8000, 4000, 4000, 1, 2095458
10000, 5000, 5000, 1, 2236750
650, 325, 325, 1, 51083
1000, 500, 500, 1, 87625
2500, 1250, 1250, 1, 1012917
5000, 2500, 2500, 1, 1176375
8000, 4000, 4000, 1, 2099958
10000, 5000, 5000, 1, 2307875
650, 325, 325, 1, 51125
1000, 500, 500, 1, 87667
2500, 1250, 1250, 1, 1005750
5000, 2500, 2500, 1, 1176166
8000, 4000, 4000, 1, 2098834
10000, 5000, 5000, 1, 2238750
650, 325, 325, 1, 51250
1000, 500, 500, 1, 87917
2500, 1250, 1250, 1, 1007125
5000, 2500, 2500, 1, 1196291
8000, 4000, 4000, 1, 2104208
10000, 5000, 5000, 1, 2238375
650, 325, 325, 1, 51250
1000, 500, 500, 1, 87708
2500, 1250, 1250, 1, 1012958
5000, 2500, 2500, 1, 1179375
8000, 4000, 4000, 1, 2105708
10000, 5000, 5000, 1, 2237583
650, 325, 325, 1, 51125
1000, 500, 500, 1, 87708
2500, 1250, 1250, 1, 1012541
5000, 2500, 2500, 1, 1179958
8000, 4000, 4000, 1, 2101167
10000, 5000, 5000, 1, 2242667
650, 325, 325, 1, 51166
1000, 500, 500, 1, 87834
2500, 1250, 1250, 1, 1012417
5000, 2500, 2500, 1, 1184125
8000, 4000, 4000, 1, 2105667
10000, 5000, 5000, 1, 2241750
650, 325, 325, 1, 51375
1000, 500, 500, 1, 87875
2500, 1250, 1250, 1, 1013625
5000, 2500, 2500, 1, 1182000
8000, 4000, 4000, 1, 2107959
10000, 5000, 5000, 1, 2243208
650, 325, 325, 1, 51291
1000, 500, 500, 1, 87792
2500, 1250, 1250, 1, 1013875
5000, 2500, 2500, 1, 1180000
8000, 4000, 4000, 1, 2106875
10000, 5000, 5000, 1, 2257209
650, 325, 325, 1, 51417
1000, 500, 500, 1, 88000
2500, 1250, 1250, 1, 1012167
5000, 2500, 2500, 1, 1183625
8000, 4000, 4000, 1, 2109209
10000, 5000, 5000, 1, 2247541
650, 325, 325, 1, 51375
1000, 500, 500, 1, 87833
2500, 1250, 1250, 1, 1016500
5000, 2500, 2500, 1, 1184792
8000, 4000, 4000, 1, 2109875
10000, 5000, 5000, 1, 2248125
650, 325, 325, 1, 51166
1000, 500, 500, 1, 87916
2500, 1250, 1250, 1, 1016625
5000, 2500, 2500, 1, 1182875
8000, 4000, 4000, 1, 2113667
10000, 5000, 5000, 1, 2263625
650, 325, 325, 1, 51209
1000, 500, 500, 1, 88000
2500, 1250, 1250, 1, 1014791
5000, 2500, 2500, 1, 1186375
8000, 4000, 4000, 1, 2112666
10000, 5000, 5000, 1, 2261833
650, 325, 325, 1, 51792
1000, 500, 500, 1, 87916
2500, 1250, 1250, 1, 1015208
5000, 2500, 2500, 1, 1188084
8000, 4000, 4000, 1, 2118583
10000, 5000, 5000, 1, 2253750
650, 325, 325, 1, 51375
1000, 500, 500, 1, 87750
2500, 1250, 1250, 1, 1019167
5000, 2500, 2500, 1, 1189917
8000, 4000, 4000, 1, 2116166
10000, 5000, 5000, 1, 2258208
650, 325, 325, 1, 51250
1000, 500, 500, 1, 87917
2500, 1250, 1250, 1, 1020416
5000, 2500, 2500, 1, 1186833
8000, 4000, 4000, 1, 2128458
10000, 5000, 5000, 1, 2259583
650, 325, 325, 1, 51208
1000, 500, 500, 1, 87958
2500, 1250, 1250, 1, 1018166
5000, 2500, 2500, 1, 1192750
8000, 4000, 4000, 1, 2119708
10000, 5000, 5000, 1, 2262666
650, 325, 325, 1, 51208
1000, 500, 500, 1, 87959
2500, 1250, 1250, 1, 1020333
5000, 2500, 2500, 1, 1195958
8000, 4000, 4000, 1, 2162791
10000, 5000, 5000, 1, 2268708
650, 325, 325, 1, 51166
1000, 500, 500, 1, 88000
2500, 1250, 1250, 1, 1022875
5000, 2500, 2500, 1, 1189042
8000, 4000, 4000, 1, 2126958
10000, 5000, 5000, 1, 2332333
650, 325, 325, 1, 51416
1000, 500, 500, 1, 88166
2500, 1250, 1250, 1, 1032667
5000, 2500, 2500, 1, 1190291
8000, 4000, 4000, 1, 2127917
10000, 5000, 5000, 1, 2266500
650, 325, 325, 1, 51542
1000, 500, 500, 1, 88209
2500, 1250, 1250, 1, 1033875
5000, 2500, 2500, 1, 1198958
8000, 4000, 4000, 1, 2128916
10000, 5000, 5000, 1, 2267958
650, 325, 325, 1, 51041
1000, 500, 500, 1, 88042
2500, 1250, 1250, 1, 1026959
5000, 2500, 2500, 1, 1205958
8000, 4000, 4000, 1, 2128000
10000, 5000, 5000, 1, 2269291
650, 325, 325, 1, 51375
1000, 500, 500, 1, 88083
2500, 1250, 1250, 1, 1026292
5000, 2500, 2500, 1, 1197958
8000, 4000, 4000, 1, 2154125
10000, 5000, 5000, 1, 2271084
650, 325, 325, 1, 51500
1000, 500, 500, 1, 88167
2500, 1250, 1250, 1, 1026459
5000, 2500, 2500, 1, 1208167
8000, 4000, 4000, 1, 2135375
10000, 5000, 5000, 1, 2272667
650, 325, 325, 1, 54000
1000, 500, 500, 1, 88333
2500, 1250, 1250, 1, 1025334
5000, 2500, 2500, 1, 1197584
8000, 4000, 4000, 1, 2140791
10000, 5000, 5000, 1, 2271959
650, 325, 325, 1, 51375
1000, 500, 500, 1, 88083
2500, 1250, 1250, 1, 1032292
5000, 2500, 2500, 1, 1198250
8000, 4000, 4000, 1, 2135208
10000, 5000, 5000, 1, 2292750
650, 325, 325, 1, 51500
1000, 500, 500, 1, 88417
2500, 1250, 1250, 1, 1030166
5000, 2500, 2500, 1, 1199458
8000, 4000, 4000, 1, 2140667
10000, 5000, 5000, 1, 2275250
650, 325, 325, 1, 51500
1000, 500, 500, 1, 88250
2500, 1250, 1250, 1, 1041959
5000, 2500, 2500, 1, 1197334
8000, 4000, 4000, 1, 2138375
10000, 5000, 5000, 1, 2324958
650, 325, 325, 1, 51416
1000, 500, 500, 1, 88209
2500, 1250, 1250, 1, 1041500
5000, 2500, 2500, 1, 1206916
8000, 4000, 4000, 1, 2146291
10000, 5000, 5000, 1, 2281833
650, 325, 325, 1, 51417
1000, 500, 500, 1, 88333
2500, 1250, 1250, 1, 1035916
5000, 2500, 2500, 1, 1202125
8000, 4000, 4000, 1, 2141750
10000, 5000, 5000, 1, 2285625
650, 325, 325, 1, 51500
1000, 500, 500, 1, 88458
2500, 1250, 1250, 1, 1041708
5000, 2500, 2500, 1, 1203375
8000, 4000, 4000, 1, 2171041
10000, 5000, 5000, 1, 2283375
650, 325, 325, 1, 51416
1000, 500, 500, 1, 88625
2500, 1250, 1250, 1, 1054042
5000, 2500, 2500, 1, 1221917
8000, 4000, 4000, 1, 2150000
10000, 5000, 5000, 1, 2289709
650, 325, 325, 1, 51416
1000, 500, 500, 1, 88416
2500, 1250, 1250, 1, 1035708
5000, 2500, 2500, 1, 1204959
8000, 4000, 4000, 1, 2150416
10000, 5000, 5000, 1, 2285708
650, 325, 325, 1, 51417
1000, 500, 500, 1, 89625
2500, 1250, 1250, 1, 1047084
5000, 2500, 2500, 1, 1206084
8000, 4000, 4000, 1, 2148708
10000, 5000, 5000, 1, 2296208
650, 325, 325, 1, 51500
1000, 500, 500, 1, 88583
2500, 1250, 1250, 1, 1037584
5000, 2500, 2500, 1, 1206208
8000, 4000, 4000, 1, 2149667
10000, 5000, 5000, 1, 2290000
650, 325, 325, 1, 51584
1000, 500, 500, 1, 88667
2500, 1250, 1250, 1, 1038500
5000, 2500, 2500, 1, 1207584
8000, 4000, 4000, 1, 2151833
10000, 5000, 5000, 1, 2290917
650, 325, 325, 1, 51541
1000, 500, 500, 1, 88417
2500, 1250, 1250, 1, 1036167
5000, 2500, 2500, 1, 1208250
8000, 4000, 4000, 1, 2166833
10000, 5000, 5000, 1, 2292834
650, 325, 325, 1, 51750
1000, 500, 500, 1, 91375
2500, 1250, 1250, 1, 1039667
5000, 2500, 2500, 1, 1209750
8000, 4000, 4000, 1, 2155042
10000, 5000, 5000, 1, 2298917
650, 325, 325, 1, 51625
1000, 500, 500, 1, 88666
2500, 1250, 1250, 1, 1041250
5000, 2500, 2500, 1, 1210584
8000, 4000, 4000, 1, 2156667
10000, 5000, 5000, 1, 2295916
650, 325, 325, 1, 51750
1000, 500, 500, 1, 88750
2500, 1250, 1250, 1, 1044666
5000, 2500, 2500, 1, 1213250
8000, 4000, 4000, 1, 2160084
10000, 5000, 5000, 1, 2328666
650, 325, 325, 1, 51417
1000, 500, 500, 1, 88625
2500, 1250, 1250, 1, 1045084
5000, 2500, 2500, 1, 1208958
8000, 4000, 4000, 1, 2162500
10000, 5000, 5000, 1, 2302333
650, 325, 325, 1, 51500
1000, 500, 500, 1, 88500
2500, 1250, 1250, 1, 1040875
5000, 2500, 2500, 1, 1215250
8000, 4000, 4000, 1, 2162625
10000, 5000, 5000, 1, 2305334
650, 325, 325, 1, 51709
1000, 500, 500, 1, 90166
2500, 1250, 1250, 1, 1041416
5000, 2500, 2500, 1, 1213583
8000, 4000, 4000, 1, 2163542
10000, 5000, 5000, 1, 2302625
650, 325, 325, 1, 51625
1000, 500, 500, 1, 88750
2500, 1250, 1250, 1, 1046041
5000, 2500, 2500, 1, 1218917
8000, 4000, 4000, 1, 2164875
10000, 5000, 5000, 1, 2303916
650, 325, 325, 1, 51584
1000, 500, 500, 1, 88708
2500, 1250, 1250, 1, 1049042
5000, 2500, 2500, 1, 1212625
8000, 4000, 4000, 1, 2172125
10000, 5000, 5000, 1, 2308333
650, 325, 325, 1, 51750
1000, 500, 500, 1, 91750
2500, 1250, 1250, 1, 1046791
5000, 2500, 2500, 1, 1235334
8000, 4000, 4000, 1, 2168209
10000, 5000, 5000, 1, 2310292
650, 325, 325, 1, 51542
1000, 500, 500, 1, 88708
2500, 1250, 1250, 1, 1045208
5000, 2500, 2500, 1, 1218334
8000, 4000, 4000, 1, 2176042
10000, 5000, 5000, 1, 2319375
650, 325, 325, 1, 51625
1000, 500, 500, 1, 89416
2500, 1250, 1250, 1, 1049333
5000, 2500, 2500, 1, 1218542
8000, 4000, 4000, 1, 2174542
10000, 5000, 5000, 1, 2316584
650, 325, 325, 1, 51584
1000, 500, 500, 1, 89000
2500, 1250, 1250, 1, 1049541
5000, 2500, 2500, 1, 1219500
8000, 4000, 4000, 1, 2190083
10000, 5000, 5000, 1, 2312458
650, 325, 325, 1, 51708
1000, 500, 500, 1, 89208
2500, 1250, 1250, 1, 1050375
5000, 2500, 2500, 1, 1220542
8000, 4000, 4000, 1, 2177667
10000, 5000, 5000, 1, 2314792
650, 325, 325, 1, 51625
1000, 500, 500, 1, 88875
2500, 1250, 1250, 1, 1051333
5000, 2500, 2500, 1, 1228916
8000, 4000, 4000, 1, 2182041
10000, 5000, 5000, 1, 2319959
650, 325, 325, 1, 51667
1000, 500, 500, 1, 88833
2500, 1250, 1250, 1, 1052167
5000, 2500, 2500, 1, 1227458
8000, 4000, 4000, 1, 2195416
10000, 5000, 5000, 1, 2322209
650, 325, 325, 1, 52583
1000, 500, 500, 1, 88833
2500, 1250, 1250, 1, 1050417
5000, 2500, 2500, 1, 1223375
8000, 4000, 4000, 1, 2180625
10000, 5000, 5000, 1, 2324500
650, 325, 325, 1, 51708
1000, 500, 500, 1, 91833
2500, 1250, 1250, 1, 1053041
5000, 2500, 2500, 1, 1223834
8000, 4000, 4000, 1, 2182417
10000, 5000, 5000, 1, 2320875
650, 325, 325, 1, 51750
1000, 500, 500, 1, 89209
2500, 1250, 1250, 1, 1057042
5000, 2500, 2500, 1, 1231375
8000, 4000, 4000, 1, 2184000
10000, 5000, 5000, 1, 2322500
650, 325, 325, 1, 51625
1000, 500, 500, 1, 89084
2500, 1250, 1250, 1, 1074000
5000, 2500, 2500, 1, 1233583
8000, 4000, 4000, 1, 2191542
10000, 5000, 5000, 1, 2324625
650, 325, 325, 1, 51667
1000, 500, 500, 1, 89000
2500, 1250, 1250, 1, 1056250
5000, 2500, 2500, 1, 1223959
8000, 4000, 4000, 1, 2190000
10000, 5000, 5000, 1, 2334084
650, 325, 325, 1, 51667
1000, 500, 500, 1, 89083
2500, 1250, 1250, 1, 1072541
5000, 2500, 2500, 1, 1227583
8000, 4000, 4000, 1, 2189250
10000, 5000, 5000, 1, 2331250
650, 325, 325, 1, 53000
1000, 500, 500, 1, 89042
2500, 1250, 1250, 1, 1058916
5000, 2500, 2500, 1, 1228750
8000, 4000, 4000, 1, 2209750
10000, 5000, 5000, 1, 2330166
650, 325, 325, 1, 51917
1000, 500, 500, 1, 89208
2500, 1250, 1250, 1, 1062458
5000, 2500, 2500, 1, 1242208
8000, 4000, 4000, 1, 2239583
10000, 5000, 5000, 1, 2336125
650, 325, 325, 1, 51917
1000, 500, 500, 1, 89250
2500, 1250, 1250, 1, 1060167
5000, 2500, 2500, 1, 1230416
8000, 4000, 4000, 1, 2200500
10000, 5000, 5000, 1, 2336667
650, 325, 325, 1, 51833
1000, 500, 500, 1, 89292
2500, 1250, 1250, 1, 1062875
5000, 2500, 2500, 1, 1231292
8000, 4000, 4000, 1, 2198583
10000, 5000, 5000, 1, 2346208
650, 325, 325, 1, 51834
1000, 500, 500, 1, 92000
2500, 1250, 1250, 1, 1062250
5000, 2500, 2500, 1, 1232000
8000, 4000, 4000, 1, 2203792
10000, 5000, 5000, 1, 2339958
650, 325, 325, 1, 51750
1000, 500, 500, 1, 89125
2500, 1250, 1250, 1, 1062917
5000, 2500, 2500, 1, 1233250
8000, 4000, 4000, 1, 2201875
10000, 5000, 5000, 1, 2343334
650, 325, 325, 1, 51792
1000, 500, 500, 1, 92041
2500, 1250, 1250, 1, 1061041
5000, 2500, 2500, 1, 1234333
8000, 4000, 4000, 1, 2200917
10000, 5000, 5000, 1, 2340542
650, 325, 325, 1, 51792
1000, 500, 500, 1, 92250
2500, 1250, 1250, 1, 1066291
5000, 2500, 2500, 1, 1234875
8000, 4000, 4000, 1, 2202833
10000, 5000, 5000, 1, 2365750
650, 325, 325, 1, 51875
1000, 500, 500, 1, 89459
2500, 1250, 1250, 1, 1064000
5000, 2500, 2500, 1, 1235584
8000, 4000, 4000, 1, 2223250
10000, 5000, 5000, 1, 2350125
650, 325, 325, 1, 51667
1000, 500, 500, 1, 92125
2500, 1250, 1250, 1, 1067375
5000, 2500, 2500, 1, 1236459
8000, 4000, 4000, 1, 2209000
10000, 5000, 5000, 1, 2346500
650, 325, 325, 1, 51750
1000, 500, 500, 1, 89500
2500, 1250, 1250, 1, 1067875
5000, 2500, 2500, 1, 1235167
8000, 4000, 4000, 1, 2209458
10000, 5000, 5000, 1, 2347042
650, 325, 325, 1, 51958
1000, 500, 500, 1, 89666
2500, 1250, 1250, 1, 1072750
5000, 2500, 2500, 1, 1236000
8000, 4000, 4000, 1, 2212666
10000, 5000, 5000, 1, 2350917
650, 325, 325, 1, 51833
1000, 500, 500, 1, 89375
2500, 1250, 1250, 1, 1067833
5000, 2500, 2500, 1, 1239500
8000, 4000, 4000, 1, 2213792
10000, 5000, 5000, 1, 2353291
650, 325, 325, 1, 51917
1000, 500, 500, 1, 89625
2500, 1250, 1250, 1, 1069917
5000, 2500, 2500, 1, 1240375
8000, 4000, 4000, 1, 2212125
10000, 5000, 5000, 1, 2381000
650, 325, 325, 1, 52583
1000, 500, 500, 1, 89708
2500, 1250, 1250, 1, 1068667
5000, 2500, 2500, 1, 1244333
8000, 4000, 4000, 1, 2216167
10000, 5000, 5000, 1, 2353875
650, 325, 325, 1, 51875
1000, 500, 500, 1, 92167
2500, 1250, 1250, 1, 1073125
5000, 2500, 2500, 1, 1255042
8000, 4000, 4000, 1, 2220417
10000, 5000, 5000, 1, 2358584
650, 325, 325, 1, 51958
1000, 500, 500, 1, 89500
2500, 1250, 1250, 1, 1075834
5000, 2500, 2500, 1, 1246208
8000, 4000, 4000, 1, 2221958
10000, 5000, 5000, 1, 2359750
650, 325, 325, 1, 51917
1000, 500, 500, 1, 89375
2500, 1250, 1250, 1, 1074750
5000, 2500, 2500, 1, 1246292
8000, 4000, 4000, 1, 2221584
10000, 5000, 5000, 1, 2363417
650, 325, 325, 1, 51833
1000, 500, 500, 1, 89625
2500, 1250, 1250, 1, 1074625
5000, 2500, 2500, 1, 1241917
8000, 4000, 4000, 1, 2223666
10000, 5000, 5000, 1, 2361375
650, 325, 325, 1, 52000
1000, 500, 500, 1, 89625
2500, 1250, 1250, 1, 1079833
5000, 2500, 2500, 1, 1242625
8000, 4000, 4000, 1, 2224750
10000, 5000, 5000, 1, 2362250
650, 325, 325, 1, 51875
1000, 500, 500, 1, 89750
2500, 1250, 1250, 1, 1077041
5000, 2500, 2500, 1, 1247875
8000, 4000, 4000, 1, 2224708
10000, 5000, 5000, 1, 2374667
650, 325, 325, 1, 52000
1000, 500, 500, 1, 89875
2500, 1250, 1250, 1, 1074583
5000, 2500, 2500, 1, 1247958
8000, 4000, 4000, 1, 2227542
10000, 5000, 5000, 1, 2377708
650, 325, 325, 1, 51958
1000, 500, 500, 1, 89625
2500, 1250, 1250, 1, 1075125
5000, 2500, 2500, 1, 1245541
8000, 4000, 4000, 1, 2230417
10000, 5000, 5000, 1, 2386666
650, 325, 325, 1, 52208
1000, 500, 500, 1, 89750
2500, 1250, 1250, 1, 1078917
5000, 2500, 2500, 1, 1252250
8000, 4000, 4000, 1, 2236333
10000, 5000, 5000, 1, 2372125
650, 325, 325, 1, 51833
1000, 500, 500, 1, 89791
2500, 1250, 1250, 1, 1079917
5000, 2500, 2500, 1, 1247833
8000, 4000, 4000, 1, 2236375
10000, 5000, 5000, 1, 2372125
650, 325, 325, 1, 52000
1000, 500, 500, 1, 89791
2500, 1250, 1250, 1, 1080875
5000, 2500, 2500, 1, 1251166
8000, 4000, 4000, 1, 2235875
10000, 5000, 5000, 1, 2376875
650, 325, 325, 1, 52042
1000, 500, 500, 1, 89917
2500, 1250, 1250, 1, 1081958
5000, 2500, 2500, 1, 1255541
8000, 4000, 4000, 1, 2237625
10000, 5000, 5000, 1, 2406166
650, 325, 325, 1, 52084
1000, 500, 500, 1, 90042
2500, 1250, 1250, 1, 1082708
5000, 2500, 2500, 1, 1255209
8000, 4000, 4000, 1, 2244583
10000, 5000, 5000, 1, 2381041
650, 325, 325, 1, 52000
1000, 500, 500, 1, 89958
2500, 1250, 1250, 1, 1082209
5000, 2500, 2500, 1, 1256250
8000, 4000, 4000, 1, 2240209
10000, 5000, 5000, 1, 2382792
650, 325, 325, 1, 52167
1000, 500, 500, 1, 92375
2500, 1250, 1250, 1, 1081666
5000, 2500, 2500, 1, 1260125
8000, 4000, 4000, 1, 2246958
10000, 5000, 5000, 1, 2381167
650, 325, 325, 1, 51958
1000, 500, 500, 1, 90750
2500, 1250, 1250, 1, 1082334
5000, 2500, 2500, 1, 1258208
8000, 4000, 4000, 1, 2247125
10000, 5000, 5000, 1, 2390041
650, 325, 325, 1, 52083
1000, 500, 500, 1, 89917
2500, 1250, 1250, 1, 1088792
5000, 2500, 2500, 1, 1258917
8000, 4000, 4000, 1, 2246292
10000, 5000, 5000, 1, 2385209
650, 325, 325, 1, 52042
1000, 500, 500, 1, 90208
2500, 1250, 1250, 1, 1091292
5000, 2500, 2500, 1, 1260583
8000, 4000, 4000, 1, 2246833
10000, 5000, 5000, 1, 2386792
650, 325, 325, 1, 52042
1000, 500, 500, 1, 89917
2500, 1250, 1250, 1, 1097000
5000, 2500, 2500, 1, 1261375
8000, 4000, 4000, 1, 2251750
10000, 5000, 5000, 1, 2388625
650, 325, 325, 1, 52250
1000, 500, 500, 1, 90208
2500, 1250, 1250, 1, 1091625
5000, 2500, 2500, 1, 1258958
8000, 4000, 4000, 1, 2266250
10000, 5000, 5000, 1, 2401083
650, 325, 325, 1, 52125
1000, 500, 500, 1, 90125
2500, 1250, 1250, 1, 1109875
5000, 2500, 2500, 1, 1260208
8000, 4000, 4000, 1, 2253250
10000, 5000, 5000, 1, 2400542
650, 325, 325, 1, 52125
1000, 500, 500, 1, 90042
2500, 1250, 1250, 1, 1091042
5000, 2500, 2500, 1, 1261541
8000, 4000, 4000, 1, 2254625
10000, 5000, 5000, 1, 2391750
650, 325, 325, 1, 52208
1000, 500, 500, 1, 90167
2500, 1250, 1250, 1, 1096167
5000, 2500, 2500, 1, 1261875
8000, 4000, 4000, 1, 2255959
10000, 5000, 5000, 1, 2392792
650, 325, 325, 1, 52167
1000, 500, 500, 1, 90292
2500, 1250, 1250, 1, 1092458
5000, 2500, 2500, 1, 1260209
8000, 4000, 4000, 1, 2261041
10000, 5000, 5000, 1, 2397292
650, 325, 325, 1, 52083
1000, 500, 500, 1, 90208
2500, 1250, 1250, 1, 1093125
5000, 2500, 2500, 1, 1261750
8000, 4000, 4000, 1, 2259292
10000, 5000, 5000, 1, 2403750
650, 325, 325, 1, 52250
1000, 500, 500, 1, 90291
2500, 1250, 1250, 1, 1091459
5000, 2500, 2500, 1, 1264959
8000, 4000, 4000, 1, 2295250
10000, 5000, 5000, 1, 2402375
650, 325, 325, 1, 52042
1000, 500, 500, 1, 90292
2500, 1250, 1250, 1, 1092250
5000, 2500, 2500, 1, 1266625
8000, 4000, 4000, 1, 2262958
10000, 5000, 5000, 1, 2406250
650, 325, 325, 1, 52125
1000, 500, 500, 1, 90292
2500, 1250, 1250, 1, 1093333
5000, 2500, 2500, 1, 1277042
8000, 4000, 4000, 1, 2261750
10000, 5000, 5000, 1, 2401167
650, 325, 325, 1, 52208
1000, 500, 500, 1, 90209
2500, 1250, 1250, 1, 1096708
5000, 2500, 2500, 1, 1268125
8000, 4000, 4000, 1, 2262625
10000, 5000, 5000, 1, 2403375
650, 325, 325, 1, 53917
1000, 500, 500, 1, 90417
2500, 1250, 1250, 1, 1095166
5000, 2500, 2500, 1, 1273209
8000, 4000, 4000, 1, 2264875
10000, 5000, 5000, 1, 2407791
650, 325, 325, 1, 52125
1000, 500, 500, 1, 91334
2500, 1250, 1250, 1, 1096000
5000, 2500, 2500, 1, 1269709
8000, 4000, 4000, 1, 2269541
10000, 5000, 5000, 1, 2407042
650, 325, 325, 1, 52167
1000, 500, 500, 1, 91792
2500, 1250, 1250, 1, 1096916
5000, 2500, 2500, 1, 1270750
8000, 4000, 4000, 1, 2270708
10000, 5000, 5000, 1, 2412791
650, 325, 325, 1, 52166
1000, 500, 500, 1, 90333
2500, 1250, 1250, 1, 1098750
5000, 2500, 2500, 1, 1271667
8000, 4000, 4000, 1, 2272250
10000, 5000, 5000, 1, 2410084
650, 325, 325, 1, 52333
1000, 500, 500, 1, 90459
2500, 1250, 1250, 1, 1104500
5000, 2500, 2500, 1, 1272083
8000, 4000, 4000, 1, 2274292
10000, 5000, 5000, 1, 2411625
650, 325, 325, 1, 52084
1000, 500, 500, 1, 90542
2500, 1250, 1250, 1, 1102375
5000, 2500, 2500, 1, 1281125
8000, 4000, 4000, 1, 2276292
10000, 5000, 5000, 1, 2414042
650, 325, 325, 1, 52459
1000, 500, 500, 1, 90792
2500, 1250, 1250, 1, 1103250
5000, 2500, 2500, 1, 1274208
8000, 4000, 4000, 1, 2275250
10000, 5000, 5000, 1, 2416500
650, 325, 325, 1, 52291
1000, 500, 500, 1, 90625
2500, 1250, 1250, 1, 1104709
5000, 2500, 2500, 1, 1275375
8000, 4000, 4000, 1, 2275875
10000, 5000, 5000, 1, 2418667
650, 325, 325, 1, 52875
1000, 500, 500, 1, 90542
2500, 1250, 1250, 1, 1105334
5000, 2500, 2500, 1, 1276166
8000, 4000, 4000, 1, 2278000
10000, 5000, 5000, 1, 2437458
650, 325, 325, 1, 52333
1000, 500, 500, 1, 90667
2500, 1250, 1250, 1, 1108459
5000, 2500, 2500, 1, 1278125
8000, 4000, 4000, 1, 2280000
10000, 5000, 5000, 1, 2450958
650, 325, 325, 1, 52583
1000, 500, 500, 1, 90584
2500, 1250, 1250, 1, 1113542
5000, 2500, 2500, 1, 1278375
8000, 4000, 4000, 1, 2282167
10000, 5000, 5000, 1, 2422417
650, 325, 325, 1, 52333
1000, 500, 500, 1, 90542
2500, 1250, 1250, 1, 1113667
5000, 2500, 2500, 1, 1278375
8000, 4000, 4000, 1, 2284167
10000, 5000, 5000, 1, 2424750
650, 325, 325, 1, 52250
1000, 500, 500, 1, 90792
2500, 1250, 1250, 1, 1109583
5000, 2500, 2500, 1, 1278458
8000, 4000, 4000, 1, 2287958
10000, 5000, 5000, 1, 2426000
650, 325, 325, 1, 52292
1000, 500, 500, 1, 90833
2500, 1250, 1250, 1, 1110042
5000, 2500, 2500, 1, 1281416
8000, 4000, 4000, 1, 2314167
10000, 5000, 5000, 1, 2429583
650, 325, 325, 1, 52292
1000, 500, 500, 1, 90750
2500, 1250, 1250, 1, 1110584
5000, 2500, 2500, 1, 1281500
8000, 4000, 4000, 1, 2289708
10000, 5000, 5000, 1, 2432667
650, 325, 325, 1, 52250
1000, 500, 500, 1, 90583
2500, 1250, 1250, 1, 1111417
5000, 2500, 2500, 1, 1280083
8000, 4000, 4000, 1, 2290041
10000, 5000, 5000, 1, 2431167
650, 325, 325, 1, 52459
1000, 500, 500, 1, 93583
2500, 1250, 1250, 1, 1113375
5000, 2500, 2500, 1, 1285833
8000, 4000, 4000, 1, 2291667
10000, 5000, 5000, 1, 2441458
650, 325, 325, 1, 52292
1000, 500, 500, 1, 90958
2500, 1250, 1250, 1, 1113083
5000, 2500, 2500, 1, 1280917
8000, 4000, 4000, 1, 2299458
10000, 5000, 5000, 1, 2434125
650, 325, 325, 1, 52459
1000, 500, 500, 1, 90625
2500, 1250, 1250, 1, 1114208
5000, 2500, 2500, 1, 1282209
8000, 4000, 4000, 1, 2299208
10000, 5000, 5000, 1, 2438208
650, 325, 325, 1, 52333
1000, 500, 500, 1, 90750
2500, 1250, 1250, 1, 1115833
5000, 2500, 2500, 1, 1283792
8000, 4000, 4000, 1, 2297375
10000, 5000, 5000, 1, 2440458
650, 325, 325, 1, 52458
1000, 500, 500, 1, 90667
2500, 1250, 1250, 1, 1120792
5000, 2500, 2500, 1, 1284834
8000, 4000, 4000, 1, 2298708
10000, 5000, 5000, 1, 2448959
650, 325, 325, 1, 52209
1000, 500, 500, 1, 90709
2500, 1250, 1250, 1, 1116875
5000, 2500, 2500, 1, 1288750
8000, 4000, 4000, 1, 2303667
10000, 5000, 5000, 1, 2475875
650, 325, 325, 1, 52541
1000, 500, 500, 1, 91041
2500, 1250, 1250, 1, 1118292
5000, 2500, 2500, 1, 1288500
8000, 4000, 4000, 1, 2337250
10000, 5000, 5000, 1, 2442292
650, 325, 325, 1, 52500
1000, 500, 500, 1, 91084
2500, 1250, 1250, 1, 1121208
5000, 2500, 2500, 1, 1300917
8000, 4000, 4000, 1, 2303792
10000, 5000, 5000, 1, 2455375
650, 325, 325, 1, 52500
1000, 500, 500, 1, 90875
2500, 1250, 1250, 1, 1122041
5000, 2500, 2500, 1, 1290250
8000, 4000, 4000, 1, 2305417
10000, 5000, 5000, 1, 2463959
650, 325, 325, 1, 52458
1000, 500, 500, 1, 93625
2500, 1250, 1250, 1, 1122667
5000, 2500, 2500, 1, 1292167
8000, 4000, 4000, 1, 2306959
10000, 5000, 5000, 1, 2448000
650, 325, 325, 1, 52417
1000, 500, 500, 1, 90958
2500, 1250, 1250, 1, 1122667
5000, 2500, 2500, 1, 1292250
8000, 4000, 4000, 1, 2308291
10000, 5000, 5000, 1, 2449292
650, 325, 325, 1, 52458
1000, 500, 500, 1, 91167
2500, 1250, 1250, 1, 1121916
5000, 2500, 2500, 1, 1297667
8000, 4000, 4000, 1, 2310291
10000, 5000, 5000, 1, 2453458
650, 325, 325, 1, 52500
1000, 500, 500, 1, 90833
2500, 1250, 1250, 1, 1125333
5000, 2500, 2500, 1, 1297750
8000, 4000, 4000, 1, 2316250
10000, 5000, 5000, 1, 2455250
650, 325, 325, 1, 52625
1000, 500, 500, 1, 91209
2500, 1250, 1250, 1, 1123542
5000, 2500, 2500, 1, 1295041
8000, 4000, 4000, 1, 2313542
10000, 5000, 5000, 1, 2460500
650, 325, 325, 1, 52625
1000, 500, 500, 1, 108750
2500, 1250, 1250, 1, 1132333
5000, 2500, 2500, 1, 1314916
8000, 4000, 4000, 1, 2314750
10000, 5000, 5000, 1, 2456041
650, 325, 325, 1, 52500
1000, 500, 500, 1, 91083
2500, 1250, 1250, 1, 1127875
5000, 2500, 2500, 1, 1296625
8000, 4000, 4000, 1, 2319917
10000, 5000, 5000, 1, 2457875
650, 325, 325, 1, 52541
1000, 500, 500, 1, 91208
2500, 1250, 1250, 1, 1123875
5000, 2500, 2500, 1, 1298792
8000, 4000, 4000, 1, 2318792
10000, 5000, 5000, 1, 2459083
650, 325, 325, 1, 52584
1000, 500, 500, 1, 93125
2500, 1250, 1250, 1, 1127042
5000, 2500, 2500, 1, 1298709
8000, 4000, 4000, 1, 2324791
10000, 5000, 5000, 1, 2461375
650, 325, 325, 1, 52500
1000, 500, 500, 1, 92208
2500, 1250, 1250, 1, 1128125
5000, 2500, 2500, 1, 1302208
8000, 4000, 4000, 1, 2322834
10000, 5000, 5000, 1, 2467666
650, 325, 325, 1, 53833
1000, 500, 500, 1, 91291
2500, 1250, 1250, 1, 1126208
5000, 2500, 2500, 1, 1300167
8000, 4000, 4000, 1, 2326250
10000, 5000, 5000, 1, 2464958
650, 325, 325, 1, 64875
1000, 500, 500, 1, 91459
2500, 1250, 1250, 1, 1127208
5000, 2500, 2500, 1, 1301042
8000, 4000, 4000, 1, 2325875
10000, 5000, 5000, 1, 2468583
650, 325, 325, 1, 52542
1000, 500, 500, 1, 91375
2500, 1250, 1250, 1, 1128250
5000, 2500, 2500, 1, 1304125
8000, 4000, 4000, 1, 2327708
10000, 5000, 5000, 1, 2470292
650, 325, 325, 1, 52750
1000, 500, 500, 1, 91417
2500, 1250, 1250, 1, 1142625
5000, 2500, 2500, 1, 1306084
8000, 4000, 4000, 1, 2333167
10000, 5000, 5000, 1, 2472500
650, 325, 325, 1, 52584
1000, 500, 500, 1, 91333
2500, 1250, 1250, 1, 1129958
5000, 2500, 2500, 1, 1307125
8000, 4000, 4000, 1, 2332834
10000, 5000, 5000, 1, 2475834
650, 325, 325, 1, 52458
1000, 500, 500, 1, 91250
2500, 1250, 1250, 1, 1133792
5000, 2500, 2500, 1, 1301917
8000, 4000, 4000, 1, 2345083
10000, 5000, 5000, 1, 2475667
650, 325, 325, 1, 53958
1000, 500, 500, 1, 91209
2500, 1250, 1250, 1, 1137250
5000, 2500, 2500, 1, 1303000
8000, 4000, 4000, 1, 2335167
10000, 5000, 5000, 1, 2474750
650, 325, 325, 1, 52750
1000, 500, 500, 1, 91541
2500, 1250, 1250, 1, 1136208
5000, 2500, 2500, 1, 1305708
8000, 4000, 4000, 1, 2349375
10000, 5000, 5000, 1, 2476375
650, 325, 325, 1, 52584
1000, 500, 500, 1, 91459
2500, 1250, 1250, 1, 1139166
5000, 2500, 2500, 1, 1304791
8000, 4000, 4000, 1, 2344792
10000, 5000, 5000, 1, 2480459
650, 325, 325, 1, 52625
1000, 500, 500, 1, 91500
2500, 1250, 1250, 1, 1137583
5000, 2500, 2500, 1, 1308375
8000, 4000, 4000, 1, 2346208
10000, 5000, 5000, 1, 2480958
650, 325, 325, 1, 55416
1000, 500, 500, 1, 91459
2500, 1250, 1250, 1, 1138500
5000, 2500, 2500, 1, 1309334
8000, 4000, 4000, 1, 2340583
10000, 5000, 5000, 1, 2481709
650, 325, 325, 1, 52708
1000, 500, 500, 1, 94125
2500, 1250, 1250, 1, 1142167
5000, 2500, 2500, 1, 1324041
8000, 4000, 4000, 1, 2345625
10000, 5000, 5000, 1, 2485667
650, 325, 325, 1, 52666
1000, 500, 500, 1, 91875
2500, 1250, 1250, 1, 1153667
5000, 2500, 2500, 1, 1316708
8000, 4000, 4000, 1, 2344292
10000, 5000, 5000, 1, 2484500
650, 325, 325, 1, 52833
1000, 500, 500, 1, 91541
2500, 1250, 1250, 1, 1143875
5000, 2500, 2500, 1, 1312625
8000, 4000, 4000, 1, 2347875
10000, 5000, 5000, 1, 2486791
650, 325, 325, 1, 52667
1000, 500, 500, 1, 92750
2500, 1250, 1250, 1, 1165334
5000, 2500, 2500, 1, 1312917
8000, 4000, 4000, 1, 2347542
10000, 5000, 5000, 1, 2491209
650, 325, 325, 1, 53750
1000, 500, 500, 1, 91584
2500, 1250, 1250, 1, 1142541
5000, 2500, 2500, 1, 1319750
8000, 4000, 4000, 1, 2349583
10000, 5000, 5000, 1, 2491458
650, 325, 325, 1, 52791
1000, 500, 500, 1, 91583
2500, 1250, 1250, 1, 1140791
5000, 2500, 2500, 1, 1315500
8000, 4000, 4000, 1, 2356500
10000, 5000, 5000, 1, 2494000
650, 325, 325, 1, 52792
1000, 500, 500, 1, 91625
2500, 1250, 1250, 1, 1141625
5000, 2500, 2500, 1, 1318333
8000, 4000, 4000, 1, 2355709
10000, 5000, 5000, 1, 2498375
650, 325, 325, 1, 52791
1000, 500, 500, 1, 91583
2500, 1250, 1250, 1, 1142750
5000, 2500, 2500, 1, 1314000
8000, 4000, 4000, 1, 2354500
10000, 5000, 5000, 1, 2496041
650, 325, 325, 1, 52833
1000, 500, 500, 1, 91750
2500, 1250, 1250, 1, 1153250
5000, 2500, 2500, 1, 1317584
8000, 4000, 4000, 1, 2358916
10000, 5000, 5000, 1, 2499917
650, 325, 325, 1, 52875
1000, 500, 500, 1, 91875
2500, 1250, 1250, 1, 1147125
5000, 2500, 2500, 1, 1319875
8000, 4000, 4000, 1, 2361209
10000, 5000, 5000, 1, 2498375
650, 325, 325, 1, 52875
1000, 500, 500, 1, 91542
2500, 1250, 1250, 1, 1147542
5000, 2500, 2500, 1, 1319625
8000, 4000, 4000, 1, 2366250
10000, 5000, 5000, 1, 2503542
650, 325, 325, 1, 52917
1000, 500, 500, 1, 91833
2500, 1250, 1250, 1, 1151709
5000, 2500, 2500, 1, 1321459
8000, 4000, 4000, 1, 2360542
10000, 5000, 5000, 1, 2503667
650, 325, 325, 1, 53000
1000, 500, 500, 1, 91833
2500, 1250, 1250, 1, 1154792
5000, 2500, 2500, 1, 1321500
8000, 4000, 4000, 1, 2362416
10000, 5000, 5000, 1, 2504125
650, 325, 325, 1, 52875
1000, 500, 500, 1, 92208
2500, 1250, 1250, 1, 1150333
5000, 2500, 2500, 1, 1322000
8000, 4000, 4000, 1, 2364083
10000, 5000, 5000, 1, 2511708
650, 325, 325, 1, 54042
1000, 500, 500, 1, 92125
2500, 1250, 1250, 1, 1151333
5000, 2500, 2500, 1, 1328125
8000, 4000, 4000, 1, 2368084
10000, 5000, 5000, 1, 2509417
650, 325, 325, 1, 53000
1000, 500, 500, 1, 91833
2500, 1250, 1250, 1, 1152375
5000, 2500, 2500, 1, 1324167
8000, 4000, 4000, 1, 2371375
10000, 5000, 5000, 1, 2512833
650, 325, 325, 1, 52875
1000, 500, 500, 1, 91916
2500, 1250, 1250, 1, 1178459
5000, 2500, 2500, 1, 1340542
8000, 4000, 4000, 1, 2372000
10000, 5000, 5000, 1, 2519667
650, 325, 325, 1, 52792
1000, 500, 500, 1, 92000
2500, 1250, 1250, 1, 1155125
5000, 2500, 2500, 1, 1325042
8000, 4000, 4000, 1, 2374167
10000, 5000, 5000, 1, 2512291
650, 325, 325, 1, 52833
1000, 500, 500, 1, 91916
2500, 1250, 1250, 1, 1157917
5000, 2500, 2500, 1, 1326500
8000, 4000, 4000, 1, 2376625
10000, 5000, 5000, 1, 2513125
650, 325, 325, 1, 52916
1000, 500, 500, 1, 91917
2500, 1250, 1250, 1, 1158917
5000, 2500, 2500, 1, 1327584
8000, 4000, 4000, 1, 2377333
10000, 5000, 5000, 1, 2520083
650, 325, 325, 1, 52959
1000, 500, 500, 1, 92125
2500, 1250, 1250, 1, 1159542
5000, 2500, 2500, 1, 1329083
8000, 4000, 4000, 1, 2383708
10000, 5000, 5000, 1, 2516708
650, 325, 325, 1, 53000
1000, 500, 500, 1, 92000
2500, 1250, 1250, 1, 1156875
5000, 2500, 2500, 1, 1329000
8000, 4000, 4000, 1, 2392167
10000, 5000, 5000, 1, 2519292
650, 325, 325, 1, 54500
1000, 500, 500, 1, 92042
2500, 1250, 1250, 1, 1156000
5000, 2500, 2500, 1, 1332625
8000, 4000, 4000, 1, 2379333
10000, 5000, 5000, 1, 2523166
650, 325, 325, 1, 53000
1000, 500, 500, 1, 92333
2500, 1250, 1250, 1, 1156625
5000, 2500, 2500, 1, 1334500
8000, 4000, 4000, 1, 2381875
10000, 5000, 5000, 1, 2525542
650, 325, 325, 1, 52917
1000, 500, 500, 1, 92208
2500, 1250, 1250, 1, 1160458
5000, 2500, 2500, 1, 1347459
8000, 4000, 4000, 1, 2386875
10000, 5000, 5000, 1, 2524542
650, 325, 325, 1, 53125
1000, 500, 500, 1, 92250
2500, 1250, 1250, 1, 1161416
5000, 2500, 2500, 1, 1333584
8000, 4000, 4000, 1, 2383959
10000, 5000, 5000, 1, 2540917
650, 325, 325, 1, 53000
1000, 500, 500, 1, 91917
2500, 1250, 1250, 1, 1162625
5000, 2500, 2500, 1, 1336833
8000, 4000, 4000, 1, 2386125
10000, 5000, 5000, 1, 2530125
650, 325, 325, 1, 53084
1000, 500, 500, 1, 92167
2500, 1250, 1250, 1, 1164875
5000, 2500, 2500, 1, 1335083
8000, 4000, 4000, 1, 2390416
10000, 5000, 5000, 1, 2533167
650, 325, 325, 1, 53083
1000, 500, 500, 1, 93208
2500, 1250, 1250, 1, 1161292
5000, 2500, 2500, 1, 1336291
8000, 4000, 4000, 1, 2410708
10000, 5000, 5000, 1, 2533833
650, 325, 325, 1, 53042
1000, 500, 500, 1, 92333
2500, 1250, 1250, 1, 1164958
5000, 2500, 2500, 1, 1338375
8000, 4000, 4000, 1, 2391250
10000, 5000, 5000, 1, 2539250
650, 325, 325, 1, 52916
1000, 500, 500, 1, 92417
2500, 1250, 1250, 1, 1164666
5000, 2500, 2500, 1, 1335208
8000, 4000, 4000, 1, 2400584
10000, 5000, 5000, 1, 2543000
650, 325, 325, 1, 60459
1000, 500, 500, 1, 92291
2500, 1250, 1250, 1, 1172334
5000, 2500, 2500, 1, 1338291
8000, 4000, 4000, 1, 2397375
10000, 5000, 5000, 1, 2535500
650, 325, 325, 1, 52917
1000, 500, 500, 1, 92375
2500, 1250, 1250, 1, 1179333
5000, 2500, 2500, 1, 1339583
8000, 4000, 4000, 1, 2403500
10000, 5000, 5000, 1, 2540334
650, 325, 325, 1, 53084
1000, 500, 500, 1, 92375
2500, 1250, 1250, 1, 1168750
5000, 2500, 2500, 1, 1340292
8000, 4000, 4000, 1, 2399875
10000, 5000, 5000, 1, 2538792
650, 325, 325, 1, 53000
1000, 500, 500, 1, 92459
2500, 1250, 1250, 1, 1176500
5000, 2500, 2500, 1, 1341458
8000, 4000, 4000, 1, 2405042
10000, 5000, 5000, 1, 2544208
650, 325, 325, 1, 53167
1000, 500, 500, 1, 92417
2500, 1250, 1250, 1, 1170208
5000, 2500, 2500, 1, 1342250
8000, 4000, 4000, 1, 2401875
10000, 5000, 5000, 1, 2549250
650, 325, 325, 1, 53083
1000, 500, 500, 1, 92333
2500, 1250, 1250, 1, 1171042
5000, 2500, 2500, 1, 1340333
8000, 4000, 4000, 1, 2406583
10000, 5000, 5000, 1, 2544541
650, 325, 325, 1, 53250
1000, 500, 500, 1, 94583
2500, 1250, 1250, 1, 1183875
5000, 2500, 2500, 1, 1362875
8000, 4000, 4000, 1, 2404583
10000, 5000, 5000, 1, 2548958
650, 325, 325, 1, 53167
1000, 500, 500, 1, 92458
2500, 1250, 1250, 1, 1176750
5000, 2500, 2500, 1, 1346667
8000, 4000, 4000, 1, 2426500
10000, 5000, 5000, 1, 2550958
650, 325, 325, 1, 53042
1000, 500, 500, 1, 92666
2500, 1250, 1250, 1, 1172083
5000, 2500, 2500, 1, 1346625
8000, 4000, 4000, 1, 2419459
10000, 5000, 5000, 1, 2556000
650, 325, 325, 1, 55959
1000, 500, 500, 1, 92542
2500, 1250, 1250, 1, 1215834
5000, 2500, 2500, 1, 1346959
8000, 4000, 4000, 1, 2411750
10000, 5000, 5000, 1, 2582000
650, 325, 325, 1, 53000
1000, 500, 500, 1, 92667
2500, 1250, 1250, 1, 1174084
5000, 2500, 2500, 1, 1344875
8000, 4000, 4000, 1, 2413166
10000, 5000, 5000, 1, 2559750
650, 325, 325, 1, 53084
1000, 500, 500, 1, 92500
2500, 1250, 1250, 1, 1176875
5000, 2500, 2500, 1, 1345667
8000, 4000, 4000, 1, 2416917
10000, 5000, 5000, 1, 2563583
650, 325, 325, 1, 53167
1000, 500, 500, 1, 92750
2500, 1250, 1250, 1, 1181167
5000, 2500, 2500, 1, 1349333
8000, 4000, 4000, 1, 2417833
10000, 5000, 5000, 1, 2558875
650, 325, 325, 1, 53292
1000, 500, 500, 1, 92666
2500, 1250, 1250, 1, 1179000
5000, 2500, 2500, 1, 1358625
8000, 4000, 4000, 1, 2419834
10000, 5000, 5000, 1, 2560292
650, 325, 325, 1, 54459
1000, 500, 500, 1, 92667
2500, 1250, 1250, 1, 1176500
5000, 2500, 2500, 1, 1351667
8000, 4000, 4000, 1, 2420125
10000, 5000, 5000, 1, 2562375
650, 325, 325, 1, 53208
1000, 500, 500, 1, 92875
2500, 1250, 1250, 1, 1180333
5000, 2500, 2500, 1, 1351208
8000, 4000, 4000, 1, 2427125
10000, 5000, 5000, 1, 2567541
650, 325, 325, 1, 53208
1000, 500, 500, 1, 92667
2500, 1250, 1250, 1, 1183834
5000, 2500, 2500, 1, 1353000
8000, 4000, 4000, 1, 2425041
10000, 5000, 5000, 1, 2571667
650, 325, 325, 1, 56000
1000, 500, 500, 1, 92667
2500, 1250, 1250, 1, 1211417
5000, 2500, 2500, 1, 1354292
8000, 4000, 4000, 1, 2423500
10000, 5000, 5000, 1, 2571500
650, 325, 325, 1, 53167
1000, 500, 500, 1, 92958
2500, 1250, 1250, 1, 1187459
5000, 2500, 2500, 1, 1362916
8000, 4000, 4000, 1, 2435625
10000, 5000, 5000, 1, 2569708
650, 325, 325, 1, 54666
1000, 500, 500, 1, 106500
2500, 1250, 1250, 1, 1182208
5000, 2500, 2500, 1, 1356375
8000, 4000, 4000, 1, 2426334
10000, 5000, 5000, 1, 2571125
650, 325, 325, 1, 53291
1000, 500, 500, 1, 95542
2500, 1250, 1250, 1, 1182250
5000, 2500, 2500, 1, 1353709
8000, 4000, 4000, 1, 2431459
10000, 5000, 5000, 1, 2569542
650, 325, 325, 1, 53167
1000, 500, 500, 1, 92917
2500, 1250, 1250, 1, 1185875
5000, 2500, 2500, 1, 1357208
8000, 4000, 4000, 1, 2433541
10000, 5000, 5000, 1, 2576000
650, 325, 325, 1, 53291
1000, 500, 500, 1, 92875
2500, 1250, 1250, 1, 1186750
5000, 2500, 2500, 1, 1358125
8000, 4000, 4000, 1, 2534375
10000, 5000, 5000, 1, 2599084
650, 325, 325, 1, 53333
1000, 500, 500, 1, 93208
2500, 1250, 1250, 1, 1187083
5000, 2500, 2500, 1, 1359500
8000, 4000, 4000, 1, 2540542
10000, 5000, 5000, 1, 2701209
650, 325, 325, 1, 53333
1000, 500, 500, 1, 95333
2500, 1250, 1250, 1, 1197959
5000, 2500, 2500, 1, 1391125
8000, 4000, 4000, 1, 2455959
10000, 5000, 5000, 1, 2634292
650, 325, 325, 1, 53041
1000, 500, 500, 1, 92833
2500, 1250, 1250, 1, 1219750
5000, 2500, 2500, 1, 1362167
8000, 4000, 4000, 1, 2439333
10000, 5000, 5000, 1, 2620584
650, 325, 325, 1, 53166
1000, 500, 500, 1, 93042
2500, 1250, 1250, 1, 1199416
5000, 2500, 2500, 1, 1362750
8000, 4000, 4000, 1, 2441667
10000, 5000, 5000, 1, 2619750
650, 325, 325, 1, 55833
1000, 500, 500, 1, 93000
2500, 1250, 1250, 1, 1199208
5000, 2500, 2500, 1, 1369125
8000, 4000, 4000, 1, 2444333
10000, 5000, 5000, 1, 2608917
650, 325, 325, 1, 53334
1000, 500, 500, 1, 93083
2500, 1250, 1250, 1, 1192375
5000, 2500, 2500, 1, 1362625
8000, 4000, 4000, 1, 2444916
10000, 5000, 5000, 1, 2587958
650, 325, 325, 1, 53250
1000, 500, 500, 1, 92917
2500, 1250, 1250, 1, 1193167
5000, 2500, 2500, 1, 1364792
8000, 4000, 4000, 1, 2448291
10000, 5000, 5000, 1, 2585834
650, 325, 325, 1, 53417
1000, 500, 500, 1, 93167
2500, 1250, 1250, 1, 1200375
5000, 2500, 2500, 1, 1367750
8000, 4000, 4000, 1, 2451666
10000, 5000, 5000, 1, 2593375
650, 325, 325, 1, 54083
1000, 500, 500, 1, 93166
2500, 1250, 1250, 1, 1193708
5000, 2500, 2500, 1, 1366625
8000, 4000, 4000, 1, 2451875
10000, 5000, 5000, 1, 2596875
650, 325, 325, 1, 53375
1000, 500, 500, 1, 93125
2500, 1250, 1250, 1, 1197125
5000, 2500, 2500, 1, 1364959
8000, 4000, 4000, 1, 2466125
10000, 5000, 5000, 1, 2590792
650, 325, 325, 1, 53584
1000, 500, 500, 1, 93375
2500, 1250, 1250, 1, 1202000
5000, 2500, 2500, 1, 1368750
8000, 4000, 4000, 1, 2453333
10000, 5000, 5000, 1, 2595750
650, 325, 325, 1, 53334
1000, 500, 500, 1, 93250
2500, 1250, 1250, 1, 1196958
5000, 2500, 2500, 1, 1370750
8000, 4000, 4000, 1, 2470958
10000, 5000, 5000, 1, 2605791
650, 325, 325, 1, 54042
1000, 500, 500, 1, 93250
2500, 1250, 1250, 1, 1197791
5000, 2500, 2500, 1, 1372958
8000, 4000, 4000, 1, 2458541
10000, 5000, 5000, 1, 2604000
650, 325, 325, 1, 53417
1000, 500, 500, 1, 93333
2500, 1250, 1250, 1, 1202000
5000, 2500, 2500, 1, 1383000
8000, 4000, 4000, 1, 2473250
10000, 5000, 5000, 1, 2597792
650, 325, 325, 1, 53417
1000, 500, 500, 1, 93375
2500, 1250, 1250, 1, 1200584
5000, 2500, 2500, 1, 1372208
8000, 4000, 4000, 1, 2459500
10000, 5000, 5000, 1, 2600417
650, 325, 325, 1, 53417
1000, 500, 500, 1, 93417
2500, 1250, 1250, 1, 1202625
5000, 2500, 2500, 1, 1373583
8000, 4000, 4000, 1, 2463459
10000, 5000, 5000, 1, 2603166
650, 325, 325, 1, 53417
1000, 500, 500, 1, 93375
2500, 1250, 1250, 1, 1201583
5000, 2500, 2500, 1, 1374709
8000, 4000, 4000, 1, 2468625
10000, 5000, 5000, 1, 2609667
650, 325, 325, 1, 53334
1000, 500, 500, 1, 93333
2500, 1250, 1250, 1, 1204958
5000, 2500, 2500, 1, 1373458
8000, 4000, 4000, 1, 2467291
10000, 5000, 5000, 1, 2614708
650, 325, 325, 1, 53500
1000, 500, 500, 1, 93958
2500, 1250, 1250, 1, 1206667
5000, 2500, 2500, 1, 1379458
8000, 4000, 4000, 1, 2465375
10000, 5000, 5000, 1, 2615167
650, 325, 325, 1, 53500
1000, 500, 500, 1, 95334
2500, 1250, 1250, 1, 1208541
5000, 2500, 2500, 1, 1410125
8000, 4000, 4000, 1, 2540917
10000, 5000, 5000, 1, 2664042
650, 325, 325, 1, 53417
1000, 500, 500, 1, 93791
2500, 1250, 1250, 1, 1208166
5000, 2500, 2500, 1, 1393208
8000, 4000, 4000, 1, 2507958
10000, 5000, 5000, 1, 2614583
650, 325, 325, 1, 53625
1000, 500, 500, 1, 94042
2500, 1250, 1250, 1, 1237500
5000, 2500, 2500, 1, 1392083
8000, 4000, 4000, 1, 2475958
10000, 5000, 5000, 1, 2624250
650, 325, 325, 1, 53500
1000, 500, 500, 1, 93416
2500, 1250, 1250, 1, 1206167
5000, 2500, 2500, 1, 1388416
8000, 4000, 4000, 1, 2516708
10000, 5000, 5000, 1, 2658000
650, 325, 325, 1, 53333
1000, 500, 500, 1, 93459
2500, 1250, 1250, 1, 1205125
5000, 2500, 2500, 1, 1381834
8000, 4000, 4000, 1, 2477792
10000, 5000, 5000, 1, 2655000
650, 325, 325, 1, 53625
1000, 500, 500, 1, 93583
2500, 1250, 1250, 1, 1211166
5000, 2500, 2500, 1, 1382000
8000, 4000, 4000, 1, 2476625
10000, 5000, 5000, 1, 2643417
650, 325, 325, 1, 53375
1000, 500, 500, 1, 93625
2500, 1250, 1250, 1, 1213584
5000, 2500, 2500, 1, 1385125
8000, 4000, 4000, 1, 2477959
10000, 5000, 5000, 1, 2623875
650, 325, 325, 1, 53583
1000, 500, 500, 1, 93583
2500, 1250, 1250, 1, 1207958
5000, 2500, 2500, 1, 1392250
8000, 4000, 4000, 1, 2479292
10000, 5000, 5000, 1, 2626833
650, 325, 325, 1, 53667
1000, 500, 500, 1, 93541
2500, 1250, 1250, 1, 1214458
5000, 2500, 2500, 1, 1383625
8000, 4000, 4000, 1, 2491291
10000, 5000, 5000, 1, 2622834
650, 325, 325, 1, 53583
1000, 500, 500, 1, 93791
2500, 1250, 1250, 1, 1215166
5000, 2500, 2500, 1, 1390375
8000, 4000, 4000, 1, 2485709
10000, 5000, 5000, 1, 2632042
650, 325, 325, 1, 54041
1000, 500, 500, 1, 94042
2500, 1250, 1250, 1, 1210834
5000, 2500, 2500, 1, 1388500
8000, 4000, 4000, 1, 2487958
10000, 5000, 5000, 1, 2635208
650, 325, 325, 1, 53583
1000, 500, 500, 1, 93916
2500, 1250, 1250, 1, 1216625
5000, 2500, 2500, 1, 1387042
8000, 4000, 4000, 1, 2492334
10000, 5000, 5000, 1, 2631417
650, 325, 325, 1, 53708
1000, 500, 500, 1, 93709
2500, 1250, 1250, 1, 1221708
5000, 2500, 2500, 1, 1390834
8000, 4000, 4000, 1, 2490792
10000, 5000, 5000, 1, 2632708
650, 325, 325, 1, 53708
1000, 500, 500, 1, 94667
2500, 1250, 1250, 1, 1215917
5000, 2500, 2500, 1, 1395583
8000, 4000, 4000, 1, 2495042
10000, 5000, 5000, 1, 2651833
650, 325, 325, 1, 54292
1000, 500, 500, 1, 93875
2500, 1250, 1250, 1, 1217458
5000, 2500, 2500, 1, 1388041
8000, 4000, 4000, 1, 2496500
10000, 5000, 5000, 1, 2633333
650, 325, 325, 1, 53709
1000, 500, 500, 1, 93708
2500, 1250, 1250, 1, 1225084
5000, 2500, 2500, 1, 1392916
8000, 4000, 4000, 1, 2496583
10000, 5000, 5000, 1, 2635000
650, 325, 325, 1, 53542
1000, 500, 500, 1, 93750
2500, 1250, 1250, 1, 1224625
5000, 2500, 2500, 1, 1394584
8000, 4000, 4000, 1, 2497833
10000, 5000, 5000, 1, 2642666
650, 325, 325, 1, 53833
1000, 500, 500, 1, 93708
2500, 1250, 1250, 1, 1219333
5000, 2500, 2500, 1, 1480250
8000, 4000, 4000, 1, 2516875
10000, 5000, 5000, 1, 2640000
650, 325, 325, 1, 53542
1000, 500, 500, 1, 94042
2500, 1250, 1250, 1, 1220125
5000, 2500, 2500, 1, 1394375
8000, 4000, 4000, 1, 2639958
10000, 5000, 5000, 1, 2676125
650, 325, 325, 1, 53791
1000, 500, 500, 1, 98542
2500, 1250, 1250, 1, 1271958
5000, 2500, 2500, 1, 1398833
8000, 4000, 4000, 1, 2560500
10000, 5000, 5000, 1, 2707542
650, 325, 325, 1, 53708
1000, 500, 500, 1, 94084
2500, 1250, 1250, 1, 1246625
5000, 2500, 2500, 1, 1392167
8000, 4000, 4000, 1, 2506625
10000, 5000, 5000, 1, 2649750
650, 325, 325, 1, 53875
1000, 500, 500, 1, 94083
2500, 1250, 1250, 1, 1241583
5000, 2500, 2500, 1, 1401625
8000, 4000, 4000, 1, 2513916
10000, 5000, 5000, 1, 2650125
650, 325, 325, 1, 57792
1000, 500, 500, 1, 94041
2500, 1250, 1250, 1, 1240834
5000, 2500, 2500, 1, 1399167
8000, 4000, 4000, 1, 2505667
10000, 5000, 5000, 1, 2684208
650, 325, 325, 1, 53584
1000, 500, 500, 1, 94041
2500, 1250, 1250, 1, 1229500
5000, 2500, 2500, 1, 1395125
8000, 4000, 4000, 1, 2506875
10000, 5000, 5000, 1, 2646500
650, 325, 325, 1, 53666
1000, 500, 500, 1, 94125
2500, 1250, 1250, 1, 1237458
5000, 2500, 2500, 1, 1414041
8000, 4000, 4000, 1, 2508125
10000, 5000, 5000, 1, 2748875
650, 325, 325, 1, 55500
1000, 500, 500, 1, 98667
2500, 1250, 1250, 1, 1249375
5000, 2500, 2500, 1, 1402833
8000, 4000, 4000, 1, 2508250
10000, 5000, 5000, 1, 2657958
650, 325, 325, 1, 53792
1000, 500, 500, 1, 94167
2500, 1250, 1250, 1, 1228000
5000, 2500, 2500, 1, 1401000
8000, 4000, 4000, 1, 2509833
10000, 5000, 5000, 1, 2658959
650, 325, 325, 1, 53792
1000, 500, 500, 1, 94125
2500, 1250, 1250, 1, 1234709
5000, 2500, 2500, 1, 1401166
8000, 4000, 4000, 1, 2510792
10000, 5000, 5000, 1, 2658416
650, 325, 325, 1, 53666
1000, 500, 500, 1, 94292
2500, 1250, 1250, 1, 1229333
5000, 2500, 2500, 1, 1405709
8000, 4000, 4000, 1, 2516459
10000, 5000, 5000, 1, 2669792
650, 325, 325, 1, 53917
1000, 500, 500, 1, 94458
2500, 1250, 1250, 1, 1253875
5000, 2500, 2500, 1, 1405875
8000, 4000, 4000, 1, 2516917
10000, 5000, 5000, 1, 2657583
650, 325, 325, 1, 53875
1000, 500, 500, 1, 96792
2500, 1250, 1250, 1, 1234916
5000, 2500, 2500, 1, 1407750
8000, 4000, 4000, 1, 2519167
10000, 5000, 5000, 1, 2661334
650, 325, 325, 1, 53916
1000, 500, 500, 1, 94333
2500, 1250, 1250, 1, 1232166
5000, 2500, 2500, 1, 1403875
8000, 4000, 4000, 1, 2523792
10000, 5000, 5000, 1, 2692583
650, 325, 325, 1, 53833
1000, 500, 500, 1, 94459
2500, 1250, 1250, 1, 1236875
5000, 2500, 2500, 1, 1405833
8000, 4000, 4000, 1, 2529833
10000, 5000, 5000, 1, 2662125
650, 325, 325, 1, 53916
1000, 500, 500, 1, 96208
2500, 1250, 1250, 1, 1231333
5000, 2500, 2500, 1, 1409291
8000, 4000, 4000, 1, 2521958
10000, 5000, 5000, 1, 2682375
650, 325, 325, 1, 53875
1000, 500, 500, 1, 94167
2500, 1250, 1250, 1, 1236625
5000, 2500, 2500, 1, 1405292
8000, 4000, 4000, 1, 2542042
10000, 5000, 5000, 1, 2668959
650, 325, 325, 1, 53875
1000, 500, 500, 1, 97125
2500, 1250, 1250, 1, 1235458
5000, 2500, 2500, 1, 1409333
8000, 4000, 4000, 1, 2524458
10000, 5000, 5000, 1, 2666958
650, 325, 325, 1, 55125
1000, 500, 500, 1, 94417
2500, 1250, 1250, 1, 1245375
5000, 2500, 2500, 1, 1409792
8000, 4000, 4000, 1, 2527042
10000, 5000, 5000, 1, 2680833
650, 325, 325, 1, 53792
1000, 500, 500, 1, 94416
2500, 1250, 1250, 1, 1240208
5000, 2500, 2500, 1, 1409291
8000, 4000, 4000, 1, 2551167
10000, 5000, 5000, 1, 2688541
650, 325, 325, 1, 56042
1000, 500, 500, 1, 95791
2500, 1250, 1250, 1, 1243416
5000, 2500, 2500, 1, 1418292
8000, 4000, 4000, 1, 2551042
10000, 5000, 5000, 1, 2701750
650, 325, 325, 1, 54209
1000, 500, 500, 1, 95750
2500, 1250, 1250, 1, 1242834
5000, 2500, 2500, 1, 1411333
8000, 4000, 4000, 1, 2541125
10000, 5000, 5000, 1, 2677250
650, 325, 325, 1, 54417
1000, 500, 500, 1, 94541
2500, 1250, 1250, 1, 1244917
5000, 2500, 2500, 1, 1414334
8000, 4000, 4000, 1, 2535083
10000, 5000, 5000, 1, 2676875
650, 325, 325, 1, 53709
1000, 500, 500, 1, 97167
2500, 1250, 1250, 1, 1238625
5000, 2500, 2500, 1, 1441000
8000, 4000, 4000, 1, 2539500
10000, 5000, 5000, 1, 2683000
650, 325, 325, 1, 53750
1000, 500, 500, 1, 94500
2500, 1250, 1250, 1, 1249459
5000, 2500, 2500, 1, 1412000
8000, 4000, 4000, 1, 2540750
10000, 5000, 5000, 1, 2678125
650, 325, 325, 1, 54042
1000, 500, 500, 1, 94584
2500, 1250, 1250, 1, 1243250
5000, 2500, 2500, 1, 1416000
8000, 4000, 4000, 1, 2541792
10000, 5000, 5000, 1, 2713791
650, 325, 325, 1, 53875
1000, 500, 500, 1, 94583
2500, 1250, 1250, 1, 1240917
5000, 2500, 2500, 1, 1419750
8000, 4000, 4000, 1, 2541792
10000, 5000, 5000, 1, 2683375
650, 325, 325, 1, 54042
1000, 500, 500, 1, 94541
2500, 1250, 1250, 1, 1245167
5000, 2500, 2500, 1, 1426083
8000, 4000, 4000, 1, 2543125
10000, 5000, 5000, 1, 2685584
650, 325, 325, 1, 53917
1000, 500, 500, 1, 94542
2500, 1250, 1250, 1, 1247917
5000, 2500, 2500, 1, 1421834
8000, 4000, 4000, 1, 2547541
10000, 5000, 5000, 1, 2694000
650, 325, 325, 1, 53958
1000, 500, 500, 1, 94583
2500, 1250, 1250, 1, 1248958
5000, 2500, 2500, 1, 1427542
8000, 4000, 4000, 1, 2587083
10000, 5000, 5000, 1, 2692167
650, 325, 325, 1, 54208
1000, 500, 500, 1, 94792
2500, 1250, 1250, 1, 1248333
5000, 2500, 2500, 1, 1420417
8000, 4000, 4000, 1, 2549625
10000, 5000, 5000, 1, 2732792
650, 325, 325, 1, 54042
1000, 500, 500, 1, 94792
2500, 1250, 1250, 1, 1245417
5000, 2500, 2500, 1, 1423584
8000, 4000, 4000, 1, 2562416
10000, 5000, 5000, 1, 2691916
650, 325, 325, 1, 54041
1000, 500, 500, 1, 94917
2500, 1250, 1250, 1, 1252167
5000, 2500, 2500, 1, 1423041
8000, 4000, 4000, 1, 2552917
10000, 5000, 5000, 1, 2693417
650, 325, 325, 1, 56250
1000, 500, 500, 1, 95000
2500, 1250, 1250, 1, 1248458
5000, 2500, 2500, 1, 1454917
8000, 4000, 4000, 1, 2551166
10000, 5000, 5000, 1, 2697042
650, 325, 325, 1, 53833
1000, 500, 500, 1, 94750
2500, 1250, 1250, 1, 1252250
5000, 2500, 2500, 1, 1426000
8000, 4000, 4000, 1, 2553500
10000, 5000, 5000, 1, 2704125
650, 325, 325, 1, 54000
1000, 500, 500, 1, 94792
2500, 1250, 1250, 1, 1251792
5000, 2500, 2500, 1, 1425459
8000, 4000, 4000, 1, 2566625
10000, 5000, 5000, 1, 2704375
650, 325, 325, 1, 54083
1000, 500, 500, 1, 94958
2500, 1250, 1250, 1, 1251958
5000, 2500, 2500, 1, 1422333
8000, 4000, 4000, 1, 2591584
10000, 5000, 5000, 1, 2700709
650, 325, 325, 1, 54083
1000, 500, 500, 1, 94875
2500, 1250, 1250, 1, 1256292
5000, 2500, 2500, 1, 1426500
8000, 4000, 4000, 1, 2556875
10000, 5000, 5000, 1, 2700375
650, 325, 325, 1, 53958
1000, 500, 500, 1, 94834
2500, 1250, 1250, 1, 1256000
5000, 2500, 2500, 1, 1430000
8000, 4000, 4000, 1, 2560083
10000, 5000, 5000, 1, 2700834
650, 325, 325, 1, 54083
1000, 500, 500, 1, 95125
2500, 1250, 1250, 1, 1255625
5000, 2500, 2500, 1, 1431458
8000, 4000, 4000, 1, 2560459
10000, 5000, 5000, 1, 2704417
650, 325, 325, 1, 54166
1000, 500, 500, 1, 97500
2500, 1250, 1250, 1, 1256417
5000, 2500, 2500, 1, 1429750
8000, 4000, 4000, 1, 2604041
10000, 5000, 5000, 1, 2718042
650, 325, 325, 1, 54125
1000, 500, 500, 1, 94917
2500, 1250, 1250, 1, 1257708
5000, 2500, 2500, 1, 1427875
8000, 4000, 4000, 1, 2571791
10000, 5000, 5000, 1, 2710875
650, 325, 325, 1, 53916
1000, 500, 500, 1, 95084
2500, 1250, 1250, 1, 1258083
5000, 2500, 2500, 1, 1432250
8000, 4000, 4000, 1, 2566958
10000, 5000, 5000, 1, 2715084
650, 325, 325, 1, 54083
1000, 500, 500, 1, 95042
2500, 1250, 1250, 1, 1257916
5000, 2500, 2500, 1, 1446375
8000, 4000, 4000, 1, 2571125
10000, 5000, 5000, 1, 2715708
650, 325, 325, 1, 54208
1000, 500, 500, 1, 95083
2500, 1250, 1250, 1, 1260250
5000, 2500, 2500, 1, 1441416
8000, 4000, 4000, 1, 2570375
10000, 5000, 5000, 1, 2714291
650, 325, 325, 1, 54167
1000, 500, 500, 1, 95041
2500, 1250, 1250, 1, 1257875
5000, 2500, 2500, 1, 1436875
8000, 4000, 4000, 1, 2574250
10000, 5000, 5000, 1, 2717250
650, 325, 325, 1, 54250
1000, 500, 500, 1, 95208
2500, 1250, 1250, 1, 1262125
5000, 2500, 2500, 1, 1435125
8000, 4000, 4000, 1, 2572667
10000, 5000, 5000, 1, 2716667
650, 325, 325, 1, 54291
1000, 500, 500, 1, 96167
2500, 1250, 1250, 1, 1259750
5000, 2500, 2500, 1, 1440042
8000, 4000, 4000, 1, 2598417
10000, 5000, 5000, 1, 2723500
650, 325, 325, 1, 54167
1000, 500, 500, 1, 95083
2500, 1250, 1250, 1, 1267333
5000, 2500, 2500, 1, 1448250
8000, 4000, 4000, 1, 2588917
10000, 5000, 5000, 1, 2718959
650, 325, 325, 1, 54333
1000, 500, 500, 1, 95416
2500, 1250, 1250, 1, 1261625
5000, 2500, 2500, 1, 1437458
8000, 4000, 4000, 1, 2582041
10000, 5000, 5000, 1, 2751709
650, 325, 325, 1, 54208
1000, 500, 500, 1, 95375
2500, 1250, 1250, 1, 1264875
5000, 2500, 2500, 1, 1438708
8000, 4000, 4000, 1, 2582584
10000, 5000, 5000, 1, 2739000
650, 325, 325, 1, 54125
1000, 500, 500, 1, 95417
2500, 1250, 1250, 1, 1266208
5000, 2500, 2500, 1, 1440042
8000, 4000, 4000, 1, 2581458
10000, 5000, 5000, 1, 2730125
650, 325, 325, 1, 54333
1000, 500, 500, 1, 95250
2500, 1250, 1250, 1, 1267875
5000, 2500, 2500, 1, 1437875
8000, 4000, 4000, 1, 2588375
10000, 5000, 5000, 1, 2738875
650, 325, 325, 1, 54375
1000, 500, 500, 1, 95333
2500, 1250, 1250, 1, 1272958
5000, 2500, 2500, 1, 1441417
8000, 4000, 4000, 1, 2586583
10000, 5000, 5000, 1, 2731709
650, 325, 325, 1, 54208
1000, 500, 500, 1, 95250
2500, 1250, 1250, 1, 1268583
5000, 2500, 2500, 1, 1444417
8000, 4000, 4000, 1, 2615667
10000, 5000, 5000, 1, 2732833
650, 325, 325, 1, 54125
1000, 500, 500, 1, 95583
2500, 1250, 1250, 1, 1273708
5000, 2500, 2500, 1, 1443416
8000, 4000, 4000, 1, 2595125
10000, 5000, 5000, 1, 2734917
650, 325, 325, 1, 54334
1000, 500, 500, 1, 95458
2500, 1250, 1250, 1, 1270583
5000, 2500, 2500, 1, 1445291
8000, 4000, 4000, 1, 2601958
10000, 5000, 5000, 1, 2738959
650, 325, 325, 1, 54542
1000, 500, 500, 1, 95584
2500, 1250, 1250, 1, 1272458
5000, 2500, 2500, 1, 1445334
8000, 4000, 4000, 1, 2600208
10000, 5000, 5000, 1, 2741625
650, 325, 325, 1, 56083
1000, 500, 500, 1, 98000
2500, 1250, 1250, 1, 1270083
5000, 2500, 2500, 1, 1446375
8000, 4000, 4000, 1, 2597250
10000, 5000, 5000, 1, 2740958
650, 325, 325, 1, 54167
1000, 500, 500, 1, 95583
2500, 1250, 1250, 1, 1273625
5000, 2500, 2500, 1, 1449667
8000, 4000, 4000, 1, 2614500
10000, 5000, 5000, 1, 2739750
650, 325, 325, 1, 54583
1000, 500, 500, 1, 95833
2500, 1250, 1250, 1, 1274459
5000, 2500, 2500, 1, 1448416
8000, 4000, 4000, 1, 2598958
10000, 5000, 5000, 1, 2755416
650, 325, 325, 1, 54208
1000, 500, 500, 1, 95458
2500, 1250, 1250, 1, 1276416
5000, 2500, 2500, 1, 1478542
8000, 4000, 4000, 1, 2605083
10000, 5000, 5000, 1, 2748209
650, 325, 325, 1, 54250
1000, 500, 500, 1, 97750
2500, 1250, 1250, 1, 1291333
5000, 2500, 2500, 1, 1453166
8000, 4000, 4000, 1, 2602083
10000, 5000, 5000, 1, 2806125
650, 325, 325, 1, 54250
1000, 500, 500, 1, 95333
2500, 1250, 1250, 1, 1291167
5000, 2500, 2500, 1, 1451167
8000, 4000, 4000, 1, 2635833
10000, 5000, 5000, 1, 2758000
650, 325, 325, 1, 54583
1000, 500, 500, 1, 97084
2500, 1250, 1250, 1, 1294375
5000, 2500, 2500, 1, 1475791
8000, 4000, 4000, 1, 2614542
10000, 5000, 5000, 1, 2752541
650, 325, 325, 1, 54375
1000, 500, 500, 1, 95625
2500, 1250, 1250, 1, 1288292
5000, 2500, 2500, 1, 1452125
8000, 4000, 4000, 1, 2605542
10000, 5000, 5000, 1, 2748375
650, 325, 325, 1, 55166
1000, 500, 500, 1, 96209
2500, 1250, 1250, 1, 1301834
5000, 2500, 2500, 1, 1462125
8000, 4000, 4000, 1, 2612250
10000, 5000, 5000, 1, 2761250
650, 325, 325, 1, 54417
1000, 500, 500, 1, 95583
2500, 1250, 1250, 1, 1280667
5000, 2500, 2500, 1, 1473833
8000, 4000, 4000, 1, 2610125
10000, 5000, 5000, 1, 2763834
650, 325, 325, 1, 55542
1000, 500, 500, 1, 95583
2500, 1250, 1250, 1, 1281333
5000, 2500, 2500, 1, 1458875
8000, 4000, 4000, 1, 2610500
10000, 5000, 5000, 1, 2754417
650, 325, 325, 1, 54209
1000, 500, 500, 1, 95750
2500, 1250, 1250, 1, 1282417
5000, 2500, 2500, 1, 1455708
8000, 4000, 4000, 1, 2615833
10000, 5000, 5000, 1, 2757958
650, 325, 325, 1, 55167
1000, 500, 500, 1, 96083
2500, 1250, 1250, 1, 1320375
5000, 2500, 2500, 1, 1456917
8000, 4000, 4000, 1, 2618916
10000, 5000, 5000, 1, 2757625
650, 325, 325, 1, 54542
1000, 500, 500, 1, 95708
2500, 1250, 1250, 1, 1292458
5000, 2500, 2500, 1, 1465375
8000, 4000, 4000, 1, 2617750
10000, 5000, 5000, 1, 2763959
650, 325, 325, 1, 57834
1000, 500, 500, 1, 95834
2500, 1250, 1250, 1, 1284833
5000, 2500, 2500, 1, 1467333
8000, 4000, 4000, 1, 2659292
10000, 5000, 5000, 1, 2763750
650, 325, 325, 1, 54541
1000, 500, 500, 1, 95958
2500, 1250, 1250, 1, 1288375
5000, 2500, 2500, 1, 1464792
8000, 4000, 4000, 1, 2635709
10000, 5000, 5000, 1, 2766375
650, 325, 325, 1, 54583
1000, 500, 500, 1, 96042
2500, 1250, 1250, 1, 1286959
5000, 2500, 2500, 1, 1461375
8000, 4000, 4000, 1, 2624250
10000, 5000, 5000, 1, 2768542
650, 325, 325, 1, 54458
1000, 500, 500, 1, 96000
2500, 1250, 1250, 1, 1287833
5000, 2500, 2500, 1, 1462083
8000, 4000, 4000, 1, 2625209
10000, 5000, 5000, 1, 2769666
650, 325, 325, 1, 54500
1000, 500, 500, 1, 95834
2500, 1250, 1250, 1, 1286000
5000, 2500, 2500, 1, 1463000
8000, 4000, 4000, 1, 2627250
10000, 5000, 5000, 1, 2772209
650, 325, 325, 1, 54416
1000, 500, 500, 1, 95875
2500, 1250, 1250, 1, 1289791
5000, 2500, 2500, 1, 1466417
8000, 4000, 4000, 1, 2639042
10000, 5000, 5000, 1, 2771959
650, 325, 325, 1, 54500
1000, 500, 500, 1, 109292
2500, 1250, 1250, 1, 1292167
5000, 2500, 2500, 1, 1461458
8000, 4000, 4000, 1, 2630417
10000, 5000, 5000, 1, 2792166
650, 325, 325, 1, 54541
1000, 500, 500, 1, 95833
2500, 1250, 1250, 1, 1297375
5000, 2500, 2500, 1, 1470833
8000, 4000, 4000, 1, 2676417
10000, 5000, 5000, 1, 2792583
650, 325, 325, 1, 54708
1000, 500, 500, 1, 96083
2500, 1250, 1250, 1, 1292584
5000, 2500, 2500, 1, 1526000
8000, 4000, 4000, 1, 2630375
10000, 5000, 5000, 1, 2775333
650, 325, 325, 1, 54541
1000, 500, 500, 1, 98875
2500, 1250, 1250, 1, 1290583
5000, 2500, 2500, 1, 1465875
8000, 4000, 4000, 1, 2631125
10000, 5000, 5000, 1, 2775292
650, 325, 325, 1, 54583
1000, 500, 500, 1, 96042
2500, 1250, 1250, 1, 1297459
5000, 2500, 2500, 1, 1469792
8000, 4000, 4000, 1, 2633875
10000, 5000, 5000, 1, 2813584
650, 325, 325, 1, 54792
1000, 500, 500, 1, 96208
2500, 1250, 1250, 1, 1291875
5000, 2500, 2500, 1, 1469292
8000, 4000, 4000, 1, 2638875
10000, 5000, 5000, 1, 2779000
650, 325, 325, 1, 54541
1000, 500, 500, 1, 95958
2500, 1250, 1250, 1, 1299958
5000, 2500, 2500, 1, 1469459
8000, 4000, 4000, 1, 2637583
10000, 5000, 5000, 1, 2785250
650, 325, 325, 1, 54667
1000, 500, 500, 1, 96291
2500, 1250, 1250, 1, 1295125
5000, 2500, 2500, 1, 1473208
8000, 4000, 4000, 1, 2647459
10000, 5000, 5000, 1, 2782875
650, 325, 325, 1, 54459
1000, 500, 500, 1, 96250
2500, 1250, 1250, 1, 1297417
5000, 2500, 2500, 1, 1477333
8000, 4000, 4000, 1, 2640792
10000, 5000, 5000, 1, 2789667
650, 325, 325, 1, 54500
1000, 500, 500, 1, 96208
2500, 1250, 1250, 1, 1297375
5000, 2500, 2500, 1, 1470083
8000, 4000, 4000, 1, 2647042
10000, 5000, 5000, 1, 2788042
650, 325, 325, 1, 54583
1000, 500, 500, 1, 96291
2500, 1250, 1250, 1, 1300042
5000, 2500, 2500, 1, 1473500
8000, 4000, 4000, 1, 2647625
10000, 5000, 5000, 1, 2790458
650, 325, 325, 1, 54625
1000, 500, 500, 1, 96333
2500, 1250, 1250, 1, 1301291
5000, 2500, 2500, 1, 1474083
8000, 4000, 4000, 1, 2663458
10000, 5000, 5000, 1, 2789791
650, 325, 325, 1, 54500
1000, 500, 500, 1, 96167
2500, 1250, 1250, 1, 1299209
5000, 2500, 2500, 1, 1478084
8000, 4000, 4000, 1, 2647500
10000, 5000, 5000, 1, 2795416
650, 325, 325, 1, 54750
1000, 500, 500, 1, 96459
2500, 1250, 1250, 1, 1312125
5000, 2500, 2500, 1, 1475958
8000, 4000, 4000, 1, 2652250
10000, 5000, 5000, 1, 2796792
650, 325, 325, 1, 54583
1000, 500, 500, 1, 96166
2500, 1250, 1250, 1, 1302708
5000, 2500, 2500, 1, 1480083
8000, 4000, 4000, 1, 2654042
10000, 5000, 5000, 1, 2794792
650, 325, 325, 1, 54667
1000, 500, 500, 1, 96458
2500, 1250, 1250, 1, 1304250
5000, 2500, 2500, 1, 1478041
8000, 4000, 4000, 1, 2652541
10000, 5000, 5000, 1, 2799042
650, 325, 325, 1, 54625
1000, 500, 500, 1, 96375
2500, 1250, 1250, 1, 1304541
5000, 2500, 2500, 1, 1488250
8000, 4000, 4000, 1, 2661292
10000, 5000, 5000, 1, 2800042
650, 325, 325, 1, 54709
1000, 500, 500, 1, 96375
2500, 1250, 1250, 1, 1305791
5000, 2500, 2500, 1, 1482333
8000, 4000, 4000, 1, 2674458
10000, 5000, 5000, 1, 2802959
650, 325, 325, 1, 54583
1000, 500, 500, 1, 96375
2500, 1250, 1250, 1, 1306292
5000, 2500, 2500, 1, 1480750
8000, 4000, 4000, 1, 2670084
10000, 5000, 5000, 1, 2805834
650, 325, 325, 1, 54791
1000, 500, 500, 1, 96542
2500, 1250, 1250, 1, 1323208
5000, 2500, 2500, 1, 1483541
8000, 4000, 4000, 1, 2659333
10000, 5000, 5000, 1, 2807084
650, 325, 325, 1, 54750
1000, 500, 500, 1, 96500
2500, 1250, 1250, 1, 1308459
5000, 2500, 2500, 1, 1481708
8000, 4000, 4000, 1, 2664458
10000, 5000, 5000, 1, 2808250
650, 325, 325, 1, 54583
1000, 500, 500, 1, 96875
2500, 1250, 1250, 1, 1306333
5000, 2500, 2500, 1, 1486792
8000, 4000, 4000, 1, 2666000
10000, 5000, 5000, 1, 2810125
650, 325, 325, 1, 54625
1000, 500, 500, 1, 96541
2500, 1250, 1250, 1, 1309917
5000, 2500, 2500, 1, 1484917
8000, 4000, 4000, 1, 2664500
10000, 5000, 5000, 1, 2811917
650, 325, 325, 1, 54708
1000, 500, 500, 1, 96667
2500, 1250, 1250, 1, 1312167
5000, 2500, 2500, 1, 1485458
8000, 4000, 4000, 1, 2677083
10000, 5000, 5000, 1, 2812416
650, 325, 325, 1, 54667
1000, 500, 500, 1, 96667
2500, 1250, 1250, 1, 1312334
5000, 2500, 2500, 1, 1490459
8000, 4000, 4000, 1, 2668333
10000, 5000, 5000, 1, 2817000
650, 325, 325, 1, 54708
1000, 500, 500, 1, 96541
2500, 1250, 1250, 1, 1312750
5000, 2500, 2500, 1, 1488750
8000, 4000, 4000, 1, 2672292
10000, 5000, 5000, 1, 2813417
650, 325, 325, 1, 54625
1000, 500, 500, 1, 99334
2500, 1250, 1250, 1, 1313417
5000, 2500, 2500, 1, 1488208
8000, 4000, 4000, 1, 2676542
10000, 5000, 5000, 1, 2814917
650, 325, 325, 1, 54750
1000, 500, 500, 1, 96792
2500, 1250, 1250, 1, 1314708
5000, 2500, 2500, 1, 1506083
8000, 4000, 4000, 1, 2693834
10000, 5000, 5000, 1, 2821792
650, 325, 325, 1, 54750
1000, 500, 500, 1, 96584
2500, 1250, 1250, 1, 1315125
5000, 2500, 2500, 1, 1487792
8000, 4000, 4000, 1, 2691042
10000, 5000, 5000, 1, 2821000
650, 325, 325, 1, 54709
1000, 500, 500, 1, 96750
2500, 1250, 1250, 1, 1316500
5000, 2500, 2500, 1, 1491292
8000, 4000, 4000, 1, 2675958
10000, 5000, 5000, 1, 2832875
650, 325, 325, 1, 55375
1000, 500, 500, 1, 98125
2500, 1250, 1250, 1, 1439875
5000, 2500, 2500, 1, 1495541
8000, 4000, 4000, 1, 2686375
10000, 5000, 5000, 1, 2824084
650, 325, 325, 1, 55000
1000, 500, 500, 1, 96625
2500, 1250, 1250, 1, 1318208
5000, 2500, 2500, 1, 1629916
8000, 4000, 4000, 1, 2714916
10000, 5000, 5000, 1, 2845875
650, 325, 325, 1, 54916
1000, 500, 500, 1, 96750
2500, 1250, 1250, 1, 1321334
5000, 2500, 2500, 1, 1503458
8000, 4000, 4000, 1, 2730459
10000, 5000, 5000, 1, 2830292
650, 325, 325, 1, 54833
1000, 500, 500, 1, 96583
2500, 1250, 1250, 1, 1363958
5000, 2500, 2500, 1, 1494167
8000, 4000, 4000, 1, 2686292
10000, 5000, 5000, 1, 2833625
650, 325, 325, 1, 56250
1000, 500, 500, 1, 96708
2500, 1250, 1250, 1, 1345083
5000, 2500, 2500, 1, 1498041
8000, 4000, 4000, 1, 2690416
10000, 5000, 5000, 1, 2831209
650, 325, 325, 1, 54833
1000, 500, 500, 1, 96792
2500, 1250, 1250, 1, 1340792
5000, 2500, 2500, 1, 1522250
8000, 4000, 4000, 1, 2725334
10000, 5000, 5000, 1, 2880042
650, 325, 325, 1, 54875
1000, 500, 500, 1, 96666
2500, 1250, 1250, 1, 1328167
5000, 2500, 2500, 1, 1494334
8000, 4000, 4000, 1, 2690375
10000, 5000, 5000, 1, 2838916
650, 325, 325, 1, 54917
1000, 500, 500, 1, 99333
2500, 1250, 1250, 1, 1331459
5000, 2500, 2500, 1, 1503833
8000, 4000, 4000, 1, 2690750
10000, 5000, 5000, 1, 2837875
650, 325, 325, 1, 54792
1000, 500, 500, 1, 96875
2500, 1250, 1250, 1, 1330208
5000, 2500, 2500, 1, 1500459
8000, 4000, 4000, 1, 2694208
10000, 5000, 5000, 1, 2851750
650, 325, 325, 1, 55000
1000, 500, 500, 1, 97041
2500, 1250, 1250, 1, 1327667
5000, 2500, 2500, 1, 1499875
8000, 4000, 4000, 1, 2695916
10000, 5000, 5000, 1, 2840875
650, 325, 325, 1, 54875
1000, 500, 500, 1, 96875
2500, 1250, 1250, 1, 1326583
5000, 2500, 2500, 1, 1500708
8000, 4000, 4000, 1, 2695167
10000, 5000, 5000, 1, 2860041
650, 325, 325, 1, 54833
1000, 500, 500, 1, 97041
2500, 1250, 1250, 1, 1346792
5000, 2500, 2500, 1, 1501750
8000, 4000, 4000, 1, 2729708
10000, 5000, 5000, 1, 2850000
650, 325, 325, 1, 54875
1000, 500, 500, 1, 97333
2500, 1250, 1250, 1, 1354375
5000, 2500, 2500, 1, 1501875
8000, 4000, 4000, 1, 2725916
10000, 5000, 5000, 1, 2846917
650, 325, 325, 1, 55041
1000, 500, 500, 1, 97125
2500, 1250, 1250, 1, 1331875
5000, 2500, 2500, 1, 1505834
8000, 4000, 4000, 1, 2717917
10000, 5000, 5000, 1, 2858083
650, 325, 325, 1, 55000
1000, 500, 500, 1, 97083
2500, 1250, 1250, 1, 1335167
5000, 2500, 2500, 1, 1509292
8000, 4000, 4000, 1, 2707167
10000, 5000, 5000, 1, 2851458
650, 325, 325, 1, 55083
1000, 500, 500, 1, 97167
2500, 1250, 1250, 1, 1327959
5000, 2500, 2500, 1, 1510584
8000, 4000, 4000, 1, 2713125
10000, 5000, 5000, 1, 2855958
650, 325, 325, 1, 54958
1000, 500, 500, 1, 97291
2500, 1250, 1250, 1, 1337166
5000, 2500, 2500, 1, 1511500
8000, 4000, 4000, 1, 2707417
10000, 5000, 5000, 1, 2856666
650, 325, 325, 1, 55000
1000, 500, 500, 1, 97417
2500, 1250, 1250, 1, 1335417
5000, 2500, 2500, 1, 1509709
8000, 4000, 4000, 1, 2707792
10000, 5000, 5000, 1, 2853083
650, 325, 325, 1, 56750
1000, 500, 500, 1, 97167
2500, 1250, 1250, 1, 1332125
5000, 2500, 2500, 1, 1525500
8000, 4000, 4000, 1, 2716541
10000, 5000, 5000, 1, 2866125
650, 325, 325, 1, 55041
1000, 500, 500, 1, 97167
2500, 1250, 1250, 1, 1337000
5000, 2500, 2500, 1, 1518000
8000, 4000, 4000, 1, 2726125
10000, 5000, 5000, 1, 2874875
650, 325, 325, 1, 56250
1000, 500, 500, 1, 97500
2500, 1250, 1250, 1, 1338959
5000, 2500, 2500, 1, 1510208
8000, 4000, 4000, 1, 2711125
10000, 5000, 5000, 1, 2855625
650, 325, 325, 1, 56875
1000, 500, 500, 1, 97375
2500, 1250, 1250, 1, 1333125
5000, 2500, 2500, 1, 1513834
8000, 4000, 4000, 1, 2715500
10000, 5000, 5000, 1, 2857166
650, 325, 325, 1, 55167
1000, 500, 500, 1, 97375
2500, 1250, 1250, 1, 1338750
5000, 2500, 2500, 1, 1511584
8000, 4000, 4000, 1, 2717833
10000, 5000, 5000, 1, 2862208
650, 325, 325, 1, 54958
1000, 500, 500, 1, 97375
2500, 1250, 1250, 1, 1338084
5000, 2500, 2500, 1, 1511625
8000, 4000, 4000, 1, 2770875
10000, 5000, 5000, 1, 2886125
650, 325, 325, 1, 54958
1000, 500, 500, 1, 97333
2500, 1250, 1250, 1, 1335833
5000, 2500, 2500, 1, 1515375
8000, 4000, 4000, 1, 2726333
10000, 5000, 5000, 1, 2869708
650, 325, 325, 1, 55083
1000, 500, 500, 1, 97583
2500, 1250, 1250, 1, 1340209
5000, 2500, 2500, 1, 1516709
8000, 4000, 4000, 1, 2719916
10000, 5000, 5000, 1, 2867125
650, 325, 325, 1, 55208
1000, 500, 500, 1, 97542
2500, 1250, 1250, 1, 1340500
5000, 2500, 2500, 1, 1516042
8000, 4000, 4000, 1, 2728875
10000, 5000, 5000, 1, 2882667
650, 325, 325, 1, 57500
1000, 500, 500, 1, 97625
2500, 1250, 1250, 1, 1338750
5000, 2500, 2500, 1, 1564167
8000, 4000, 4000, 1, 2728875
10000, 5000, 5000, 1, 2870042
650, 325, 325, 1, 55083
1000, 500, 500, 1, 97458
2500, 1250, 1250, 1, 1342958
5000, 2500, 2500, 1, 1519917
8000, 4000, 4000, 1, 2732500
10000, 5000, 5000, 1, 2876542
650, 325, 325, 1, 55209
1000, 500, 500, 1, 97458
2500, 1250, 1250, 1, 1343208
5000, 2500, 2500, 1, 1518459
8000, 4000, 4000, 1, 2757584
10000, 5000, 5000, 1, 2876000
650, 325, 325, 1, 57375
1000, 500, 500, 1, 97417
2500, 1250, 1250, 1, 1342250
5000, 2500, 2500, 1, 1515750
8000, 4000, 4000, 1, 2733709
10000, 5000, 5000, 1, 2895209
650, 325, 325, 1, 55125
1000, 500, 500, 1, 97833
2500, 1250, 1250, 1, 1343791
5000, 2500, 2500, 1, 1520083
8000, 4000, 4000, 1, 2732958
10000, 5000, 5000, 1, 2888333
650, 325, 325, 1, 55042
1000, 500, 500, 1, 103084
2500, 1250, 1250, 1, 1345625
5000, 2500, 2500, 1, 1521458
8000, 4000, 4000, 1, 2731667
10000, 5000, 5000, 1, 2898542
650, 325, 325, 1, 55000
1000, 500, 500, 1, 97750
2500, 1250, 1250, 1, 1359167
5000, 2500, 2500, 1, 1519333
8000, 4000, 4000, 1, 2737417
10000, 5000, 5000, 1, 2946875
650, 325, 325, 1, 58958
1000, 500, 500, 1, 100209
2500, 1250, 1250, 1, 1347875
5000, 2500, 2500, 1, 1534916
8000, 4000, 4000, 1, 2746542
10000, 5000, 5000, 1, 2879708
650, 325, 325, 1, 55041
1000, 500, 500, 1, 97667
2500, 1250, 1250, 1, 1352875
5000, 2500, 2500, 1, 1528417
8000, 4000, 4000, 1, 2741375
10000, 5000, 5000, 1, 2890958
650, 325, 325, 1, 55125
1000, 500, 500, 1, 97583
2500, 1250, 1250, 1, 1364167
5000, 2500, 2500, 1, 1527375
8000, 4000, 4000, 1, 2743083
10000, 5000, 5000, 1, 2887375
650, 325, 325, 1, 55334
1000, 500, 500, 1, 97792
2500, 1250, 1250, 1, 1347209
5000, 2500, 2500, 1, 1523625
8000, 4000, 4000, 1, 2745875
10000, 5000, 5000, 1, 2894958
650, 325, 325, 1, 55334
1000, 500, 500, 1, 97917
2500, 1250, 1250, 1, 1352750
5000, 2500, 2500, 1, 1537458
8000, 4000, 4000, 1, 2769958
10000, 5000, 5000, 1, 2892125
650, 325, 325, 1, 55125
1000, 500, 500, 1, 100791
2500, 1250, 1250, 1, 1352833
5000, 2500, 2500, 1, 1527333
8000, 4000, 4000, 1, 2782083
10000, 5000, 5000, 1, 2892875
650, 325, 325, 1, 55208
1000, 500, 500, 1, 97791
2500, 1250, 1250, 1, 1352958
5000, 2500, 2500, 1, 1525542
8000, 4000, 4000, 1, 2753417
10000, 5000, 5000, 1, 2902625
650, 325, 325, 1, 56458
1000, 500, 500, 1, 97917
2500, 1250, 1250, 1, 1357333
5000, 2500, 2500, 1, 1529750
8000, 4000, 4000, 1, 2749791
10000, 5000, 5000, 1, 2891125
650, 325, 325, 1, 55291
1000, 500, 500, 1, 97958
2500, 1250, 1250, 1, 1378792
5000, 2500, 2500, 1, 1532291
8000, 4000, 4000, 1, 2748459
10000, 5000, 5000, 1, 2898709
650, 325, 325, 1, 57458
1000, 500, 500, 1, 97750
2500, 1250, 1250, 1, 1355500
5000, 2500, 2500, 1, 1535875
8000, 4000, 4000, 1, 2752958
10000, 5000, 5000, 1, 2934416
650, 325, 325, 1, 55250
1000, 500, 500, 1, 97958
2500, 1250, 1250, 1, 1355791
5000, 2500, 2500, 1, 1533666
8000, 4000, 4000, 1, 2755625
10000, 5000, 5000, 1, 2896416
650, 325, 325, 1, 55250
1000, 500, 500, 1, 98541
2500, 1250, 1250, 1, 1354625
5000, 2500, 2500, 1, 1534167
8000, 4000, 4000, 1, 2755667
10000, 5000, 5000, 1, 2901917
650, 325, 325, 1, 55292
1000, 500, 500, 1, 97916
2500, 1250, 1250, 1, 1358667
5000, 2500, 2500, 1, 1533958
8000, 4000, 4000, 1, 2758875
10000, 5000, 5000, 1, 2910083
650, 325, 325, 1, 55458
1000, 500, 500, 1, 98292
2500, 1250, 1250, 1, 1360792
5000, 2500, 2500, 1, 1534083
8000, 4000, 4000, 1, 2764084
10000, 5000, 5000, 1, 2941292
650, 325, 325, 1, 55083
1000, 500, 500, 1, 98083
2500, 1250, 1250, 1, 1360167
5000, 2500, 2500, 1, 1535708
8000, 4000, 4000, 1, 2767917
10000, 5000, 5000, 1, 2914916
650, 325, 325, 1, 55500
1000, 500, 500, 1, 98167
2500, 1250, 1250, 1, 1361416
5000, 2500, 2500, 1, 1536917
8000, 4000, 4000, 1, 2763667
10000, 5000, 5000, 1, 2910333
650, 325, 325, 1, 55375
1000, 500, 500, 1, 98125
2500, 1250, 1250, 1, 1375417
5000, 2500, 2500, 1, 1550125
8000, 4000, 4000, 1, 2762542
10000, 5000, 5000, 1, 2922458
650, 325, 325, 1, 55208
1000, 500, 500, 1, 98167
2500, 1250, 1250, 1, 1363708
5000, 2500, 2500, 1, 1535375
8000, 4000, 4000, 1, 2767583
10000, 5000, 5000, 1, 2914333
650, 325, 325, 1, 56500
1000, 500, 500, 1, 98166
2500, 1250, 1250, 1, 1396167
5000, 2500, 2500, 1, 1567167
8000, 4000, 4000, 1, 2769916
10000, 5000, 5000, 1, 2918083
650, 325, 325, 1, 55334
1000, 500, 500, 1, 98500
2500, 1250, 1250, 1, 1394792
5000, 2500, 2500, 1, 1545292
8000, 4000, 4000, 1, 2767584
10000, 5000, 5000, 1, 2958625
650, 325, 325, 1, 55250
1000, 500, 500, 1, 98084
2500, 1250, 1250, 1, 1369333
5000, 2500, 2500, 1, 1583750
8000, 4000, 4000, 1, 2943458
10000, 5000, 5000, 1, 3035125
650, 325, 325, 1, 56125
1000, 500, 500, 1, 98667
2500, 1250, 1250, 1, 1366875
5000, 2500, 2500, 1, 1541625
8000, 4000, 4000, 1, 2779292
10000, 5000, 5000, 1, 2978083
650, 325, 325, 1, 55458
1000, 500, 500, 1, 98167
2500, 1250, 1250, 1, 1369875
5000, 2500, 2500, 1, 1550459
8000, 4000, 4000, 1, 2789833
10000, 5000, 5000, 1, 2946708
650, 325, 325, 1, 55542
1000, 500, 500, 1, 98458
2500, 1250, 1250, 1, 1385833
5000, 2500, 2500, 1, 1540625
8000, 4000, 4000, 1, 2784542
10000, 5000, 5000, 1, 2928834
650, 325, 325, 1, 55375
1000, 500, 500, 1, 103292
2500, 1250, 1250, 1, 1418458
5000, 2500, 2500, 1, 1549500
8000, 4000, 4000, 1, 2785583
10000, 5000, 5000, 1, 2936208
650, 325, 325, 1, 55542
1000, 500, 500, 1, 98458
2500, 1250, 1250, 1, 1412542
5000, 2500, 2500, 1, 1551084
8000, 4000, 4000, 1, 2779167
10000, 5000, 5000, 1, 3005042
650, 325, 325, 1, 55542
1000, 500, 500, 1, 98333
2500, 1250, 1250, 1, 1398500
5000, 2500, 2500, 1, 1549042
8000, 4000, 4000, 1, 2804250
10000, 5000, 5000, 1, 2948000
650, 325, 325, 1, 55667
1000, 500, 500, 1, 106667
2500, 1250, 1250, 1, 1389125
5000, 2500, 2500, 1, 1550875
8000, 4000, 4000, 1, 2800708
10000, 5000, 5000, 1, 2933833
650, 325, 325, 1, 55375
1000, 500, 500, 1, 98500
2500, 1250, 1250, 1, 1394125
5000, 2500, 2500, 1, 1614084
8000, 4000, 4000, 1, 2790917
10000, 5000, 5000, 1, 2935833
650, 325, 325, 1, 55583
1000, 500, 500, 1, 100583
2500, 1250, 1250, 1, 1390667
5000, 2500, 2500, 1, 1545917
8000, 4000, 4000, 1, 2792125
10000, 5000, 5000, 1, 2932084
650, 325, 325, 1, 55542
1000, 500, 500, 1, 106333
2500, 1250, 1250, 1, 1382750
5000, 2500, 2500, 1, 1585292
8000, 4000, 4000, 1, 2788541
10000, 5000, 5000, 1, 2930583
650, 325, 325, 1, 55541
1000, 500, 500, 1, 98333
2500, 1250, 1250, 1, 1381875
5000, 2500, 2500, 1, 1580208
8000, 4000, 4000, 1, 2788833
10000, 5000, 5000, 1, 2935042
650, 325, 325, 1, 55583
1000, 500, 500, 1, 98625
2500, 1250, 1250, 1, 1385791
5000, 2500, 2500, 1, 1551916
8000, 4000, 4000, 1, 2795958
10000, 5000, 5000, 1, 2936834
650, 325, 325, 1, 55666
1000, 500, 500, 1, 98375
2500, 1250, 1250, 1, 1401834
5000, 2500, 2500, 1, 1551333
8000, 4000, 4000, 1, 2795000
10000, 5000, 5000, 1, 2940458
650, 325, 325, 1, 55584
1000, 500, 500, 1, 98417
2500, 1250, 1250, 1, 1378084
5000, 2500, 2500, 1, 1649250
8000, 4000, 4000, 1, 3014333
10000, 5000, 5000, 1, 3142083
650, 325, 325, 1, 59250
1000, 500, 500, 1, 105292
2500, 1250, 1250, 1, 1467584
5000, 2500, 2500, 1, 1654792
8000, 4000, 4000, 1, 3008500
10000, 5000, 5000, 1, 3087666
650, 325, 325, 1, 57500
1000, 500, 500, 1, 102084
2500, 1250, 1250, 1, 1425459
5000, 2500, 2500, 1, 1635750
8000, 4000, 4000, 1, 2922458
10000, 5000, 5000, 1, 3112666
650, 325, 325, 1, 57458
1000, 500, 500, 1, 101708
2500, 1250, 1250, 1, 1433250
5000, 2500, 2500, 1, 1653000
8000, 4000, 4000, 1, 2975125
10000, 5000, 5000, 1, 3135041
650, 325, 325, 1, 59958
1000, 500, 500, 1, 107542
2500, 1250, 1250, 1, 1450500
5000, 2500, 2500, 1, 1557542
8000, 4000, 4000, 1, 2802209
10000, 5000, 5000, 1, 2952041
650, 325, 325, 1, 55416
1000, 500, 500, 1, 98625
2500, 1250, 1250, 1, 1381083
5000, 2500, 2500, 1, 1604541
8000, 4000, 4000, 1, 2803458
10000, 5000, 5000, 1, 2947541
650, 325, 325, 1, 55583
1000, 500, 500, 1, 100583
2500, 1250, 1250, 1, 1381208
5000, 2500, 2500, 1, 1559959
8000, 4000, 4000, 1, 2809041
10000, 5000, 5000, 1, 3020625
650, 325, 325, 1, 55750
1000, 500, 500, 1, 108042
2500, 1250, 1250, 1, 1385417
5000, 2500, 2500, 1, 1563667
8000, 4000, 4000, 1, 2840833
10000, 5000, 5000, 1, 2952833
650, 325, 325, 1, 58375
1000, 500, 500, 1, 98750
2500, 1250, 1250, 1, 1399667
5000, 2500, 2500, 1, 1561166
8000, 4000, 4000, 1, 2807250
10000, 5000, 5000, 1, 2960125
650, 325, 325, 1, 55459
1000, 500, 500, 1, 98958
2500, 1250, 1250, 1, 1385792
5000, 2500, 2500, 1, 1562125
8000, 4000, 4000, 1, 2807125
10000, 5000, 5000, 1, 2960042
650, 325, 325, 1, 55417
1000, 500, 500, 1, 98792
2500, 1250, 1250, 1, 1387125
5000, 2500, 2500, 1, 1562500
8000, 4000, 4000, 1, 2809083
10000, 5000, 5000, 1, 2957167
650, 325, 325, 1, 55625
1000, 500, 500, 1, 98708
2500, 1250, 1250, 1, 1389208
5000, 2500, 2500, 1, 1560708
8000, 4000, 4000, 1, 2816209
10000, 5000, 5000, 1, 2956458
650, 325, 325, 1, 55666
1000, 500, 500, 1, 98875
2500, 1250, 1250, 1, 1387625
5000, 2500, 2500, 1, 1593833
8000, 4000, 4000, 1, 2816083
10000, 5000, 5000, 1, 2960333
650, 325, 325, 1, 55542
1000, 500, 500, 1, 98791
2500, 1250, 1250, 1, 1393167
5000, 2500, 2500, 1, 1567833
8000, 4000, 4000, 1, 2818125
10000, 5000, 5000, 1, 2980666
650, 325, 325, 1, 55625
1000, 500, 500, 1, 98750
2500, 1250, 1250, 1, 1390292
5000, 2500, 2500, 1, 1566500
8000, 4000, 4000, 1, 2816458
10000, 5000, 5000, 1, 2965709
650, 325, 325, 1, 55709
1000, 500, 500, 1, 98875
2500, 1250, 1250, 1, 1392084
5000, 2500, 2500, 1, 1571750
8000, 4000, 4000, 1, 2875958
10000, 5000, 5000, 1, 2965333
650, 325, 325, 1, 55666
1000, 500, 500, 1, 99000
2500, 1250, 1250, 1, 1394625
5000, 2500, 2500, 1, 1622625
8000, 4000, 4000, 1, 2860750
10000, 5000, 5000, 1, 2985834
650, 325, 325, 1, 57542
1000, 500, 500, 1, 99083
2500, 1250, 1250, 1, 1413375
5000, 2500, 2500, 1, 1574084
8000, 4000, 4000, 1, 2832375
10000, 5000, 5000, 1, 2996916
650, 325, 325, 1, 56083
1000, 500, 500, 1, 99083
2500, 1250, 1250, 1, 1396375
5000, 2500, 2500, 1, 1577459
8000, 4000, 4000, 1, 2830875
10000, 5000, 5000, 1, 2975875
650, 325, 325, 1, 57416
1000, 500, 500, 1, 98959
2500, 1250, 1250, 1, 1392458
5000, 2500, 2500, 1, 1575959
8000, 4000, 4000, 1, 2832709
10000, 5000, 5000, 1, 2976041
650, 325, 325, 1, 55625
1000, 500, 500, 1, 99084
2500, 1250, 1250, 1, 1401458
5000, 2500, 2500, 1, 1577458
8000, 4000, 4000, 1, 2848791
10000, 5000, 5000, 1, 2979958
650, 325, 325, 1, 55792
1000, 500, 500, 1, 99166
2500, 1250, 1250, 1, 1399500
5000, 2500, 2500, 1, 1578208
8000, 4000, 4000, 1, 2856250
10000, 5000, 5000, 1, 2984833
650, 325, 325, 1, 55625
1000, 500, 500, 1, 99125
2500, 1250, 1250, 1, 1400125
5000, 2500, 2500, 1, 1582500
8000, 4000, 4000, 1, 2883083
10000, 5000, 5000, 1, 3076291
650, 325, 325, 1, 57709
1000, 500, 500, 1, 104042
2500, 1250, 1250, 1, 1405209
5000, 2500, 2500, 1, 1585250
8000, 4000, 4000, 1, 2841417
10000, 5000, 5000, 1, 2997834
650, 325, 325, 1, 55709
1000, 500, 500, 1, 99209
2500, 1250, 1250, 1, 1403458
5000, 2500, 2500, 1, 1581750
8000, 4000, 4000, 1, 2838167
10000, 5000, 5000, 1, 2994792
650, 325, 325, 1, 55834
1000, 500, 500, 1, 99291
2500, 1250, 1250, 1, 1404875
5000, 2500, 2500, 1, 1574167
8000, 4000, 4000, 1, 2848583
10000, 5000, 5000, 1, 3004333
650, 325, 325, 1, 55833
1000, 500, 500, 1, 99375
2500, 1250, 1250, 1, 1398500
5000, 2500, 2500, 1, 1581250
8000, 4000, 4000, 1, 2850542
10000, 5000, 5000, 1, 2984167
650, 325, 325, 1, 55667
1000, 500, 500, 1, 103625
2500, 1250, 1250, 1, 1408208
5000, 2500, 2500, 1, 1597125
8000, 4000, 4000, 1, 2883250
10000, 5000, 5000, 1, 3000583
650, 325, 325, 1, 56083
1000, 500, 500, 1, 99584
2500, 1250, 1250, 1, 1404583
5000, 2500, 2500, 1, 1585334
8000, 4000, 4000, 1, 2889125
10000, 5000, 5000, 1, 2988750
650, 325, 325, 1, 55875
1000, 500, 500, 1, 99292
2500, 1250, 1250, 1, 1404333
5000, 2500, 2500, 1, 1580458
8000, 4000, 4000, 1, 2860792
10000, 5000, 5000, 1, 2988167
650, 325, 325, 1, 55875
1000, 500, 500, 1, 99417
2500, 1250, 1250, 1, 1405708
5000, 2500, 2500, 1, 1583875
8000, 4000, 4000, 1, 2848708
10000, 5000, 5000, 1, 2991042
650, 325, 325, 1, 55833
1000, 500, 500, 1, 99292
2500, 1250, 1250, 1, 1405917
5000, 2500, 2500, 1, 1582292
8000, 4000, 4000, 1, 2848542
10000, 5000, 5000, 1, 3026500
650, 325, 325, 1, 55917
1000, 500, 500, 1, 99416
2500, 1250, 1250, 1, 1415833
5000, 2500, 2500, 1, 1585583
8000, 4000, 4000, 1, 2846167
10000, 5000, 5000, 1, 3000916
650, 325, 325, 1, 55875
1000, 500, 500, 1, 99542
2500, 1250, 1250, 1, 1408083
5000, 2500, 2500, 1, 1581250
8000, 4000, 4000, 1, 2861291
10000, 5000, 5000, 1, 3002792
650, 325, 325, 1, 55708
1000, 500, 500, 1, 99417
2500, 1250, 1250, 1, 1419583
5000, 2500, 2500, 1, 1581583
8000, 4000, 4000, 1, 2852708
10000, 5000, 5000, 1, 3001583
650, 325, 325, 1, 55875
1000, 500, 500, 1, 104166
2500, 1250, 1250, 1, 1422625
5000, 2500, 2500, 1, 1586292
8000, 4000, 4000, 1, 2854292
10000, 5000, 5000, 1, 3000833
650, 325, 325, 1, 56042
1000, 500, 500, 1, 99416
2500, 1250, 1250, 1, 1408791
5000, 2500, 2500, 1, 1588750
8000, 4000, 4000, 1, 2856333
10000, 5000, 5000, 1, 3003334
650, 325, 325, 1, 55833
1000, 500, 500, 1, 99667
2500, 1250, 1250, 1, 1413792
5000, 2500, 2500, 1, 1587625
8000, 4000, 4000, 1, 2857417
10000, 5000, 5000, 1, 3002583
650, 325, 325, 1, 55958
1000, 500, 500, 1, 99500
2500, 1250, 1250, 1, 1412084
5000, 2500, 2500, 1, 1591083
8000, 4000, 4000, 1, 2859458
10000, 5000, 5000, 1, 3015125
650, 325, 325, 1, 55834
1000, 500, 500, 1, 99458
2500, 1250, 1250, 1, 1412958
5000, 2500, 2500, 1, 1589583
8000, 4000, 4000, 1, 2895458
10000, 5000, 5000, 1, 3006542
650, 325, 325, 1, 55958
1000, 500, 500, 1, 99625
2500, 1250, 1250, 1, 1417500
5000, 2500, 2500, 1, 1589791
8000, 4000, 4000, 1, 2867250
10000, 5000, 5000, 1, 3047750
650, 325, 325, 1, 55958
1000, 500, 500, 1, 99666
2500, 1250, 1250, 1, 1417458
5000, 2500, 2500, 1, 1590750
8000, 4000, 4000, 1, 2866334
10000, 5000, 5000, 1, 3009958
650, 325, 325, 1, 55958
1000, 500, 500, 1, 99625
2500, 1250, 1250, 1, 1415708
5000, 2500, 2500, 1, 1588959
8000, 4000, 4000, 1, 2866292
10000, 5000, 5000, 1, 3011792
650, 325, 325, 1, 55917
1000, 500, 500, 1, 102458
2500, 1250, 1250, 1, 1416583
5000, 2500, 2500, 1, 1593333
8000, 4000, 4000, 1, 2869292
10000, 5000, 5000, 1, 3040166
650, 325, 325, 1, 57500
1000, 500, 500, 1, 99875
2500, 1250, 1250, 1, 1417333
5000, 2500, 2500, 1, 1602458
8000, 4000, 4000, 1, 2871542
10000, 5000, 5000, 1, 3012667
650, 325, 325, 1, 55875
1000, 500, 500, 1, 101458
2500, 1250, 1250, 1, 1415125
5000, 2500, 2500, 1, 1594333
8000, 4000, 4000, 1, 2871459
10000, 5000, 5000, 1, 3012833
650, 325, 325, 1, 56000
1000, 500, 500, 1, 99667
2500, 1250, 1250, 1, 1422167
5000, 2500, 2500, 1, 1598959
8000, 4000, 4000, 1, 2879959
10000, 5000, 5000, 1, 3091292
650, 325, 325, 1, 55917
1000, 500, 500, 1, 99709
2500, 1250, 1250, 1, 1420542
5000, 2500, 2500, 1, 1598833
8000, 4000, 4000, 1, 2889042
10000, 5000, 5000, 1, 3023750
650, 325, 325, 1, 55958
1000, 500, 500, 1, 99708
2500, 1250, 1250, 1, 1420834
5000, 2500, 2500, 1, 1623375
8000, 4000, 4000, 1, 2904958
10000, 5000, 5000, 1, 3021625
650, 325, 325, 1, 55833
1000, 500, 500, 1, 100084
2500, 1250, 1250, 1, 1422750
5000, 2500, 2500, 1, 1624625
8000, 4000, 4000, 1, 3069792
10000, 5000, 5000, 1, 3159000
650, 325, 325, 1, 56167
1000, 500, 500, 1, 99916
2500, 1250, 1250, 1, 1441958
5000, 2500, 2500, 1, 1602792
8000, 4000, 4000, 1, 2881167
10000, 5000, 5000, 1, 3057208
650, 325, 325, 1, 56083
1000, 500, 500, 1, 100166
2500, 1250, 1250, 1, 1427292
5000, 2500, 2500, 1, 1603000
8000, 4000, 4000, 1, 2898042
10000, 5000, 5000, 1, 3024084
650, 325, 325, 1, 56208
1000, 500, 500, 1, 100083
2500, 1250, 1250, 1, 1424833
5000, 2500, 2500, 1, 1601500
8000, 4000, 4000, 1, 2887083
10000, 5000, 5000, 1, 3029583
650, 325, 325, 1, 56083
1000, 500, 500, 1, 100084
2500, 1250, 1250, 1, 1426167
5000, 2500, 2500, 1, 1601792
8000, 4000, 4000, 1, 2883000
10000, 5000, 5000, 1, 3030167
650, 325, 325, 1, 55916
1000, 500, 500, 1, 99958
2500, 1250, 1250, 1, 1429167
5000, 2500, 2500, 1, 1606666
8000, 4000, 4000, 1, 2889000
10000, 5000, 5000, 1, 3032333
650, 325, 325, 1, 56125
1000, 500, 500, 1, 100166
2500, 1250, 1250, 1, 1449625
5000, 2500, 2500, 1, 1603500
8000, 4000, 4000, 1, 2923917
10000, 5000, 5000, 1, 3034292
650, 325, 325, 1, 56083
1000, 500, 500, 1, 100084
2500, 1250, 1250, 1, 1430750
5000, 2500, 2500, 1, 1605292
8000, 4000, 4000, 1, 2892584
10000, 5000, 5000, 1, 3035666
650, 325, 325, 1, 56167
1000, 500, 500, 1, 100333
2500, 1250, 1250, 1, 1429250
5000, 2500, 2500, 1, 1605042
8000, 4000, 4000, 1, 2892417
10000, 5000, 5000, 1, 3037667
650, 325, 325, 1, 56083
1000, 500, 500, 1, 100000
2500, 1250, 1250, 1, 1430083
5000, 2500, 2500, 1, 1606333
8000, 4000, 4000, 1, 2895125
10000, 5000, 5000, 1, 3040333
650, 325, 325, 1, 56333
1000, 500, 500, 1, 102750
2500, 1250, 1250, 1, 1438334
5000, 2500, 2500, 1, 1605375
8000, 4000, 4000, 1, 2899084
10000, 5000, 5000, 1, 3040625
650, 325, 325, 1, 56084
1000, 500, 500, 1, 100084
2500, 1250, 1250, 1, 1429125
5000, 2500, 2500, 1, 1608666
8000, 4000, 4000, 1, 2935042
10000, 5000, 5000, 1, 3043375
650, 325, 325, 1, 56083
1000, 500, 500, 1, 100166
2500, 1250, 1250, 1, 1444709
5000, 2500, 2500, 1, 1617750
8000, 4000, 4000, 1, 2900333
10000, 5000, 5000, 1, 3041000
650, 325, 325, 1, 57625
1000, 500, 500, 1, 100125
2500, 1250, 1250, 1, 1430916
5000, 2500, 2500, 1, 1610334
8000, 4000, 4000, 1, 2927125
10000, 5000, 5000, 1, 3045791
650, 325, 325, 1, 57500
1000, 500, 500, 1, 100209
2500, 1250, 1250, 1, 1431750
5000, 2500, 2500, 1, 1614083
8000, 4000, 4000, 1, 2902500
10000, 5000, 5000, 1, 3047042
650, 325, 325, 1, 56250
1000, 500, 500, 1, 102041
2500, 1250, 1250, 1, 1435292
5000, 2500, 2500, 1, 1614833
8000, 4000, 4000, 1, 2906042
10000, 5000, 5000, 1, 3048791
650, 325, 325, 1, 56084
1000, 500, 500, 1, 101542
2500, 1250, 1250, 1, 1433542
5000, 2500, 2500, 1, 1613834
8000, 4000, 4000, 1, 2907292
10000, 5000, 5000, 1, 3148833
650, 325, 325, 1, 60875
1000, 500, 500, 1, 107834
2500, 1250, 1250, 1, 1532084
5000, 2500, 2500, 1, 1718916
8000, 4000, 4000, 1, 3085542
10000, 5000, 5000, 1, 3219250
650, 325, 325, 1, 60209
1000, 500, 500, 1, 107041
2500, 1250, 1250, 1, 1528959
5000, 2500, 2500, 1, 1716000
8000, 4000, 4000, 1, 3093416
10000, 5000, 5000, 1, 3247208
650, 325, 325, 1, 59792
1000, 500, 500, 1, 112000
2500, 1250, 1250, 1, 1545083
5000, 2500, 2500, 1, 1697875
8000, 4000, 4000, 1, 2926208
10000, 5000, 5000, 1, 3123416
650, 325, 325, 1, 103083
1000, 500, 500, 1, 107292
2500, 1250, 1250, 1, 1529666
5000, 2500, 2500, 1, 1717583
8000, 4000, 4000, 1, 3033625
10000, 5000, 5000, 1, 3076083
650, 325, 325, 1, 56375
1000, 500, 500, 1, 100375
2500, 1250, 1250, 1, 1443667
5000, 2500, 2500, 1, 1620833
8000, 4000, 4000, 1, 2919500
10000, 5000, 5000, 1, 3060333
650, 325, 325, 1, 60583
1000, 500, 500, 1, 100542
2500, 1250, 1250, 1, 1476583
5000, 2500, 2500, 1, 1621959
8000, 4000, 4000, 1, 2983041
10000, 5000, 5000, 1, 3062458
650, 325, 325, 1, 56125
1000, 500, 500, 1, 100458
2500, 1250, 1250, 1, 1463583
5000, 2500, 2500, 1, 1623208
8000, 4000, 4000, 1, 2922625
10000, 5000, 5000, 1, 3063458
650, 325, 325, 1, 56334
1000, 500, 500, 1, 100583
2500, 1250, 1250, 1, 1459750
5000, 2500, 2500, 1, 1622916
8000, 4000, 4000, 1, 2923125
10000, 5000, 5000, 1, 3074209
650, 325, 325, 1, 56250
1000, 500, 500, 1, 100541
2500, 1250, 1250, 1, 1452375
5000, 2500, 2500, 1, 1624167
8000, 4000, 4000, 1, 2923958
10000, 5000, 5000, 1, 3067166
650, 325, 325, 1, 56208
1000, 500, 500, 1, 100750
2500, 1250, 1250, 1, 1450709
5000, 2500, 2500, 1, 1624625
8000, 4000, 4000, 1, 2924167
10000, 5000, 5000, 1, 3068292
650, 325, 325, 1, 56375
1000, 500, 500, 1, 100500
2500, 1250, 1250, 1, 1452792
5000, 2500, 2500, 1, 1625375
8000, 4000, 4000, 1, 2932958
10000, 5000, 5000, 1, 3089833
650, 325, 325, 1, 56375
1000, 500, 500, 1, 100667
2500, 1250, 1250, 1, 1451541
5000, 2500, 2500, 1, 1626833
8000, 4000, 4000, 1, 2931083
10000, 5000, 5000, 1, 3071083
650, 325, 325, 1, 56333
1000, 500, 500, 1, 100541
2500, 1250, 1250, 1, 1452083
5000, 2500, 2500, 1, 1627500
8000, 4000, 4000, 1, 2945125
10000, 5000, 5000, 1, 3073375
650, 325, 325, 1, 56500
1000, 500, 500, 1, 100625
2500, 1250, 1250, 1, 1453000
5000, 2500, 2500, 1, 1628458
8000, 4000, 4000, 1, 2931167
10000, 5000, 5000, 1, 3075500
650, 325, 325, 1, 56208
1000, 500, 500, 1, 100709
2500, 1250, 1250, 1, 1457375
5000, 2500, 2500, 1, 1630000
8000, 4000, 4000, 1, 2934041
10000, 5000, 5000, 1, 3077083
650, 325, 325, 1, 56333
1000, 500, 500, 1, 100750
2500, 1250, 1250, 1, 1456042
5000, 2500, 2500, 1, 1632583
8000, 4000, 4000, 1, 2936375
10000, 5000, 5000, 1, 3106709
650, 325, 325, 1, 56416
1000, 500, 500, 1, 100875
2500, 1250, 1250, 1, 1454333
5000, 2500, 2500, 1, 1631750
8000, 4000, 4000, 1, 2939458
10000, 5000, 5000, 1, 3087916
650, 325, 325, 1, 56375
1000, 500, 500, 1, 100709
2500, 1250, 1250, 1, 1455875
5000, 2500, 2500, 1, 1631959
8000, 4000, 4000, 1, 2941084
10000, 5000, 5000, 1, 3083667
650, 325, 325, 1, 56375
1000, 500, 500, 1, 100917
2500, 1250, 1250, 1, 1456250
5000, 2500, 2500, 1, 1633291
8000, 4000, 4000, 1, 2942209
10000, 5000, 5000, 1, 3086084
650, 325, 325, 1, 56625
1000, 500, 500, 1, 100666
2500, 1250, 1250, 1, 1457208
5000, 2500, 2500, 1, 1634167
8000, 4000, 4000, 1, 2943375
10000, 5000, 5000, 1, 3084333
650, 325, 325, 1, 60125
1000, 500, 500, 1, 101792
2500, 1250, 1250, 1, 1454166
5000, 2500, 2500, 1, 1637083
8000, 4000, 4000, 1, 2945292
10000, 5000, 5000, 1, 3086042
650, 325, 325, 1, 58167
1000, 500, 500, 1, 100750
2500, 1250, 1250, 1, 1456791
5000, 2500, 2500, 1, 1634541
8000, 4000, 4000, 1, 2946750
10000, 5000, 5000, 1, 3088750
650, 325, 325, 1, 56459
1000, 500, 500, 1, 100709
2500, 1250, 1250, 1, 1455625
5000, 2500, 2500, 1, 1633917
8000, 4000, 4000, 1, 2948958
10000, 5000, 5000, 1, 3092167
650, 325, 325, 1, 56375
1000, 500, 500, 1, 101000
2500, 1250, 1250, 1, 1456333
5000, 2500, 2500, 1, 1631791
8000, 4000, 4000, 1, 2950000
10000, 5000, 5000, 1, 3108084
650, 325, 325, 1, 56542
1000, 500, 500, 1, 101000
2500, 1250, 1250, 1, 1460459
5000, 2500, 2500, 1, 1632791
8000, 4000, 4000, 1, 2951750
10000, 5000, 5000, 1, 3097959
650, 325, 325, 1, 56666
1000, 500, 500, 1, 101083
2500, 1250, 1250, 1, 1479292
5000, 2500, 2500, 1, 1634834
8000, 4000, 4000, 1, 2953541
10000, 5000, 5000, 1, 3095916
650, 325, 325, 1, 56542
1000, 500, 500, 1, 101167
2500, 1250, 1250, 1, 1461666
5000, 2500, 2500, 1, 1635208
8000, 4000, 4000, 1, 3022584
10000, 5000, 5000, 1, 3165375
650, 325, 325, 1, 57375
1000, 500, 500, 1, 103417
2500, 1250, 1250, 1, 1508417
5000, 2500, 2500, 1, 1674292
8000, 4000, 4000, 1, 3017375
10000, 5000, 5000, 1, 3148458
650, 325, 325, 1, 58125
1000, 500, 500, 1, 101500
2500, 1250, 1250, 1, 1494833
5000, 2500, 2500, 1, 1671916
8000, 4000, 4000, 1, 3012250
10000, 5000, 5000, 1, 3157042
650, 325, 325, 1, 57250
1000, 500, 500, 1, 103042
2500, 1250, 1250, 1, 1498666
5000, 2500, 2500, 1, 1676291
8000, 4000, 4000, 1, 3026750
10000, 5000, 5000, 1, 3171583
650, 325, 325, 1, 57041
1000, 500, 500, 1, 104750
2500, 1250, 1250, 1, 1500750
5000, 2500, 2500, 1, 1774250
8000, 4000, 4000, 1, 3243500
10000, 5000, 5000, 1, 3391000
650, 325, 325, 1, 63333
1000, 500, 500, 1, 106667
2500, 1250, 1250, 1, 1550584
5000, 2500, 2500, 1, 1654042
8000, 4000, 4000, 1, 2972333
10000, 5000, 5000, 1, 3112083
650, 325, 325, 1, 56542
1000, 500, 500, 1, 102125
2500, 1250, 1250, 1, 1477500
5000, 2500, 2500, 1, 1661333
8000, 4000, 4000, 1, 2966042
10000, 5000, 5000, 1, 3154791
650, 325, 325, 1, 57834
1000, 500, 500, 1, 101167
2500, 1250, 1250, 1, 1470291
5000, 2500, 2500, 1, 1690250
8000, 4000, 4000, 1, 2959375
10000, 5000, 5000, 1, 3149167
650, 325, 325, 1, 56500
1000, 500, 500, 1, 101125
2500, 1250, 1250, 1, 1477167
5000, 2500, 2500, 1, 1651292
8000, 4000, 4000, 1, 2991791
10000, 5000, 5000, 1, 3122917
650, 325, 325, 1, 58791
1000, 500, 500, 1, 101083
2500, 1250, 1250, 1, 1470875
5000, 2500, 2500, 1, 1679167
8000, 4000, 4000, 1, 2988834
10000, 5000, 5000, 1, 3132750
650, 325, 325, 1, 56666
1000, 500, 500, 1, 101042
2500, 1250, 1250, 1, 1474083
5000, 2500, 2500, 1, 1657958
8000, 4000, 4000, 1, 2980666
10000, 5000, 5000, 1, 3124500
650, 325, 325, 1, 56583
1000, 500, 500, 1, 102750
2500, 1250, 1250, 1, 1475833
5000, 2500, 2500, 1, 1653833
8000, 4000, 4000, 1, 2968291
10000, 5000, 5000, 1, 3126917
650, 325, 325, 1, 56750
1000, 500, 500, 1, 101083
2500, 1250, 1250, 1, 1476916
5000, 2500, 2500, 1, 1650625
8000, 4000, 4000, 1, 2972542
10000, 5000, 5000, 1, 3120667
650, 325, 325, 1, 56625
1000, 500, 500, 1, 101291
2500, 1250, 1250, 1, 1478000
5000, 2500, 2500, 1, 1654542
8000, 4000, 4000, 1, 2979084
10000, 5000, 5000, 1, 3135208
650, 325, 325, 1, 56833
1000, 500, 500, 1, 101417
2500, 1250, 1250, 1, 1475917
5000, 2500, 2500, 1, 1652666
8000, 4000, 4000, 1, 2985958
10000, 5000, 5000, 1, 3124041
650, 325, 325, 1, 56625
1000, 500, 500, 1, 101250
2500, 1250, 1250, 1, 1488000
5000, 2500, 2500, 1, 1656458
8000, 4000, 4000, 1, 2980500
10000, 5000, 5000, 1, 3125958
650, 325, 325, 1, 56875
1000, 500, 500, 1, 103208
2500, 1250, 1250, 1, 1483542
5000, 2500, 2500, 1, 1657416
8000, 4000, 4000, 1, 2983417
10000, 5000, 5000, 1, 3125041
650, 325, 325, 1, 57083
1000, 500, 500, 1, 101417
2500, 1250, 1250, 1, 1472750
5000, 2500, 2500, 1, 1655958
8000, 4000, 4000, 1, 2989791
10000, 5000, 5000, 1, 3131791
650, 325, 325, 1, 56625
1000, 500, 500, 1, 101459
2500, 1250, 1250, 1, 1480334
5000, 2500, 2500, 1, 1682875
8000, 4000, 4000, 1, 3008750
10000, 5000, 5000, 1, 3137209
650, 325, 325, 1, 56666
1000, 500, 500, 1, 101583
2500, 1250, 1250, 1, 1480042
5000, 2500, 2500, 1, 1657541
8000, 4000, 4000, 1, 2999667
10000, 5000, 5000, 1, 3138667
650, 325, 325, 1, 56625
1000, 500, 500, 1, 101458
2500, 1250, 1250, 1, 1481041
5000, 2500, 2500, 1, 1661041
8000, 4000, 4000, 1, 2986583
10000, 5000, 5000, 1, 3136958
650, 325, 325, 1, 56583
1000, 500, 500, 1, 101625
2500, 1250, 1250, 1, 1482417
5000, 2500, 2500, 1, 1658875
8000, 4000, 4000, 1, 3003666
10000, 5000, 5000, 1, 3137833
650, 325, 325, 1, 56667
1000, 500, 500, 1, 101583
2500, 1250, 1250, 1, 1482500
5000, 2500, 2500, 1, 1664708
8000, 4000, 4000, 1, 2992791
10000, 5000, 5000, 1, 3142417
650, 325, 325, 1, 56875
1000, 500, 500, 1, 101666
2500, 1250, 1250, 1, 1486583
5000, 2500, 2500, 1, 1660625
8000, 4000, 4000, 1, 2999083
10000, 5000, 5000, 1, 3149333
650, 325, 325, 1, 56792
1000, 500, 500, 1, 101625
2500, 1250, 1250, 1, 1486375
5000, 2500, 2500, 1, 1661791
8000, 4000, 4000, 1, 2996625
10000, 5000, 5000, 1, 3141209
650, 325, 325, 1, 56667
1000, 500, 500, 1, 106333
2500, 1250, 1250, 1, 1479917
5000, 2500, 2500, 1, 1665458
8000, 4000, 4000, 1, 2997083
10000, 5000, 5000, 1, 3142375
650, 325, 325, 1, 60667
1000, 500, 500, 1, 101792
2500, 1250, 1250, 1, 1483750
5000, 2500, 2500, 1, 1662459
8000, 4000, 4000, 1, 3004125
10000, 5000, 5000, 1, 3175208
650, 325, 325, 1, 56667
1000, 500, 500, 1, 101667
2500, 1250, 1250, 1, 1491208
5000, 2500, 2500, 1, 1661834
8000, 4000, 4000, 1, 2996958
10000, 5000, 5000, 1, 3150500
650, 325, 325, 1, 56792
1000, 500, 500, 1, 101667
2500, 1250, 1250, 1, 1488291
5000, 2500, 2500, 1, 1665875
8000, 4000, 4000, 1, 2999417
10000, 5000, 5000, 1, 3159167
650, 325, 325, 1, 56667
1000, 500, 500, 1, 101750
2500, 1250, 1250, 1, 1488916
5000, 2500, 2500, 1, 1666417
8000, 4000, 4000, 1, 2999583
10000, 5000, 5000, 1, 3169792
650, 325, 325, 1, 59333
1000, 500, 500, 1, 102042
2500, 1250, 1250, 1, 1491834
5000, 2500, 2500, 1, 1667375
8000, 4000, 4000, 1, 3008292
10000, 5000, 5000, 1, 3157708
650, 325, 325, 1, 56833
1000, 500, 500, 1, 101750
2500, 1250, 1250, 1, 1492583
5000, 2500, 2500, 1, 1676750
8000, 4000, 4000, 1, 3015000
10000, 5000, 5000, 1, 3196958
650, 325, 325, 1, 60458
1000, 500, 500, 1, 107500
2500, 1250, 1250, 1, 1500084
5000, 2500, 2500, 1, 1673042
8000, 4000, 4000, 1, 3012458
10000, 5000, 5000, 1, 3151083
650, 325, 325, 1, 56875
1000, 500, 500, 1, 103166
2500, 1250, 1250, 1, 1508500
5000, 2500, 2500, 1, 1674666
8000, 4000, 4000, 1, 3013334
10000, 5000, 5000, 1, 3153291
650, 325, 325, 1, 60459
1000, 500, 500, 1, 101750
2500, 1250, 1250, 1, 1490959
5000, 2500, 2500, 1, 1677167
8000, 4000, 4000, 1, 3013250
10000, 5000, 5000, 1, 3159250
650, 325, 325, 1, 56750
1000, 500, 500, 1, 102084
2500, 1250, 1250, 1, 1494500
5000, 2500, 2500, 1, 1670000
8000, 4000, 4000, 1, 3016000
10000, 5000, 5000, 1, 3164333
650, 325, 325, 1, 56792
1000, 500, 500, 1, 101791
2500, 1250, 1250, 1, 1530459
5000, 2500, 2500, 1, 1794292
8000, 4000, 4000, 1, 3204584
10000, 5000, 5000, 1, 3363750
650, 325, 325, 1, 60500
1000, 500, 500, 1, 109417
2500, 1250, 1250, 1, 1594167
5000, 2500, 2500, 1, 1780250
8000, 4000, 4000, 1, 3222583
10000, 5000, 5000, 1, 3364292
650, 325, 325, 1, 60708
1000, 500, 500, 1, 108875
2500, 1250, 1250, 1, 1588875
5000, 2500, 2500, 1, 1787000
8000, 4000, 4000, 1, 3213667
10000, 5000, 5000, 1, 3275042
650, 325, 325, 1, 60834
1000, 500, 500, 1, 108500
2500, 1250, 1250, 1, 1588000
5000, 2500, 2500, 1, 1780125
8000, 4000, 4000, 1, 3205000
10000, 5000, 5000, 1, 3200292
650, 325, 325, 1, 57042
1000, 500, 500, 1, 104541
2500, 1250, 1250, 1, 1495375
5000, 2500, 2500, 1, 1689667
8000, 4000, 4000, 1, 3017500
10000, 5000, 5000, 1, 3234125
650, 325, 325, 1, 57000
1000, 500, 500, 1, 102250
2500, 1250, 1250, 1, 1496542
5000, 2500, 2500, 1, 1674958
8000, 4000, 4000, 1, 3019833
10000, 5000, 5000, 1, 3186583
650, 325, 325, 1, 56791
1000, 500, 500, 1, 102083
2500, 1250, 1250, 1, 1524209
5000, 2500, 2500, 1, 1687959
8000, 4000, 4000, 1, 3018959
10000, 5000, 5000, 1, 3173042
650, 325, 325, 1, 56834
1000, 500, 500, 1, 102125
2500, 1250, 1250, 1, 1499875
5000, 2500, 2500, 1, 1676458
8000, 4000, 4000, 1, 3020750
10000, 5000, 5000, 1, 3176666
650, 325, 325, 1, 57000
1000, 500, 500, 1, 102250
2500, 1250, 1250, 1, 1499667
5000, 2500, 2500, 1, 1680792
8000, 4000, 4000, 1, 3021459
10000, 5000, 5000, 1, 3170208
650, 325, 325, 1, 56917
1000, 500, 500, 1, 102167
2500, 1250, 1250, 1, 1501208
5000, 2500, 2500, 1, 1678625
8000, 4000, 4000, 1, 3033125
10000, 5000, 5000, 1, 3230125
650, 325, 325, 1, 58542
1000, 500, 500, 1, 105375
2500, 1250, 1250, 1, 1519000
5000, 2500, 2500, 1, 1710333
8000, 4000, 4000, 1, 3036833
10000, 5000, 5000, 1, 3175167
650, 325, 325, 1, 56875
1000, 500, 500, 1, 102167
2500, 1250, 1250, 1, 1500042
5000, 2500, 2500, 1, 1685709
8000, 4000, 4000, 1, 3038709
10000, 5000, 5000, 1, 3181333
650, 325, 325, 1, 56959
1000, 500, 500, 1, 102167
2500, 1250, 1250, 1, 1508834
5000, 2500, 2500, 1, 1684250
8000, 4000, 4000, 1, 3035125
10000, 5000, 5000, 1, 3183500
650, 325, 325, 1, 56792
1000, 500, 500, 1, 102083
2500, 1250, 1250, 1, 1509625
5000, 2500, 2500, 1, 1684792
8000, 4000, 4000, 1, 3033667
10000, 5000, 5000, 1, 3185792
650, 325, 325, 1, 57000
1000, 500, 500, 1, 102625
2500, 1250, 1250, 1, 1527250
5000, 2500, 2500, 1, 1685542
8000, 4000, 4000, 1, 3047792
10000, 5000, 5000, 1, 3187375
650, 325, 325, 1, 56875
1000, 500, 500, 1, 102167
2500, 1250, 1250, 1, 1508750
5000, 2500, 2500, 1, 1689791
8000, 4000, 4000, 1, 3045292
10000, 5000, 5000, 1, 3186209
650, 325, 325, 1, 59708
1000, 500, 500, 1, 106667
2500, 1250, 1250, 1, 1506875
5000, 2500, 2500, 1, 1716458
8000, 4000, 4000, 1, 3047000
10000, 5000, 5000, 1, 3189834
650, 325, 325, 1, 57208
1000, 500, 500, 1, 102750
2500, 1250, 1250, 1, 1510375
5000, 2500, 2500, 1, 1686000
8000, 4000, 4000, 1, 3048125
10000, 5000, 5000, 1, 3191958
650, 325, 325, 1, 57166
1000, 500, 500, 1, 102417
2500, 1250, 1250, 1, 1511208
5000, 2500, 2500, 1, 1689541
8000, 4000, 4000, 1, 3052708
10000, 5000, 5000, 1, 3206542
650, 325, 325, 1, 57083
1000, 500, 500, 1, 102500
2500, 1250, 1250, 1, 1514875
5000, 2500, 2500, 1, 1690208
8000, 4000, 4000, 1, 3077625
10000, 5000, 5000, 1, 3196583
650, 325, 325, 1, 57125
1000, 500, 500, 1, 102417
2500, 1250, 1250, 1, 1533750
5000, 2500, 2500, 1, 1691500
8000, 4000, 4000, 1, 3052750
10000, 5000, 5000, 1, 3238833
650, 325, 325, 1, 78083
1000, 500, 500, 1, 104167
2500, 1250, 1250, 1, 1554625
5000, 2500, 2500, 1, 1694959
8000, 4000, 4000, 1, 3051292
10000, 5000, 5000, 1, 3212750
650, 325, 325, 1, 57083
1000, 500, 500, 1, 102584
2500, 1250, 1250, 1, 1517625
5000, 2500, 2500, 1, 1687833
8000, 4000, 4000, 1, 3106125
10000, 5000, 5000, 1, 3200375
650, 325, 325, 1, 57041
1000, 500, 500, 1, 106875
2500, 1250, 1250, 1, 1516125
5000, 2500, 2500, 1, 1707084
8000, 4000, 4000, 1, 3049125
10000, 5000, 5000, 1, 3202167
650, 325, 325, 1, 57166
1000, 500, 500, 1, 102459
2500, 1250, 1250, 1, 1516708
5000, 2500, 2500, 1, 1697583
8000, 4000, 4000, 1, 3057083
10000, 5000, 5000, 1, 3196708
650, 325, 325, 1, 57208
1000, 500, 500, 1, 102500
2500, 1250, 1250, 1, 1518000
5000, 2500, 2500, 1, 1697792
8000, 4000, 4000, 1, 3054875
10000, 5000, 5000, 1, 3197291
650, 325, 325, 1, 57125
1000, 500, 500, 1, 105208
2500, 1250, 1250, 1, 1568583
5000, 2500, 2500, 1, 1697833
8000, 4000, 4000, 1, 3068917
10000, 5000, 5000, 1, 3204583
650, 325, 325, 1, 59416
1000, 500, 500, 1, 103334
2500, 1250, 1250, 1, 1519291
5000, 2500, 2500, 1, 1697708
8000, 4000, 4000, 1, 3054125
10000, 5000, 5000, 1, 3204708
650, 325, 325, 1, 57125
1000, 500, 500, 1, 102792
2500, 1250, 1250, 1, 1518000
5000, 2500, 2500, 1, 1697709
8000, 4000, 4000, 1, 3055416
10000, 5000, 5000, 1, 3242125
650, 325, 325, 1, 57167
1000, 500, 500, 1, 102583
2500, 1250, 1250, 1, 1522208
5000, 2500, 2500, 1, 1703792
8000, 4000, 4000, 1, 3059708
10000, 5000, 5000, 1, 3207125
650, 325, 325, 1, 57084
1000, 500, 500, 1, 102667
2500, 1250, 1250, 1, 1522125
5000, 2500, 2500, 1, 1705542
8000, 4000, 4000, 1, 3061166
10000, 5000, 5000, 1, 3206500
650, 325, 325, 1, 58625
1000, 500, 500, 1, 102792
2500, 1250, 1250, 1, 1520041
5000, 2500, 2500, 1, 1699125
8000, 4000, 4000, 1, 3064708
10000, 5000, 5000, 1, 3211667
650, 325, 325, 1, 57375
1000, 500, 500, 1, 102917
2500, 1250, 1250, 1, 1524000
5000, 2500, 2500, 1, 1714833
8000, 4000, 4000, 1, 3063417
10000, 5000, 5000, 1, 3212667
650, 325, 325, 1, 57041
1000, 500, 500, 1, 103000
2500, 1250, 1250, 1, 1523334
5000, 2500, 2500, 1, 1713250
8000, 4000, 4000, 1, 3063875
10000, 5000, 5000, 1, 3215166
650, 325, 325, 1, 57250
1000, 500, 500, 1, 102833
2500, 1250, 1250, 1, 1524000
5000, 2500, 2500, 1, 1701208
8000, 4000, 4000, 1, 3095000
10000, 5000, 5000, 1, 3216042
650, 325, 325, 1, 57250
1000, 500, 500, 1, 103125
2500, 1250, 1250, 1, 1524250
5000, 2500, 2500, 1, 1704500
8000, 4000, 4000, 1, 3076334
10000, 5000, 5000, 1, 3218917
650, 325, 325, 1, 57167
1000, 500, 500, 1, 102958
2500, 1250, 1250, 1, 1525000
5000, 2500, 2500, 1, 1701208
8000, 4000, 4000, 1, 3087416
10000, 5000, 5000, 1, 3226792
650, 325, 325, 1, 59917
1000, 500, 500, 1, 102833
2500, 1250, 1250, 1, 1528500
5000, 2500, 2500, 1, 1711166
8000, 4000, 4000, 1, 3080209
10000, 5000, 5000, 1, 3254625
650, 325, 325, 1, 57167
1000, 500, 500, 1, 102958
2500, 1250, 1250, 1, 1529250
5000, 2500, 2500, 1, 1707750
8000, 4000, 4000, 1, 3088750
10000, 5000, 5000, 1, 3224417
650, 325, 325, 1, 57208
1000, 500, 500, 1, 103000
2500, 1250, 1250, 1, 1532125
5000, 2500, 2500, 1, 1740167
8000, 4000, 4000, 1, 3079583
10000, 5000, 5000, 1, 3227250
650, 325, 325, 1, 57625
1000, 500, 500, 1, 103083
2500, 1250, 1250, 1, 1527250
5000, 2500, 2500, 1, 1708417
8000, 4000, 4000, 1, 3154834
10000, 5000, 5000, 1, 3227666
650, 325, 325, 1, 57209
1000, 500, 500, 1, 103000
2500, 1250, 1250, 1, 1529542
5000, 2500, 2500, 1, 1712125
8000, 4000, 4000, 1, 3079542
10000, 5000, 5000, 1, 3250084
650, 325, 325, 1, 57292
1000, 500, 500, 1, 103000
2500, 1250, 1250, 1, 1533167
5000, 2500, 2500, 1, 1711667
8000, 4000, 4000, 1, 3096791
10000, 5000, 5000, 1, 3228750
650, 325, 325, 1, 57209
1000, 500, 500, 1, 103000
2500, 1250, 1250, 1, 1546375
5000, 2500, 2500, 1, 1715792
8000, 4000, 4000, 1, 3096583
10000, 5000, 5000, 1, 3239875
650, 325, 325, 1, 61000
1000, 500, 500, 1, 105792
2500, 1250, 1250, 1, 1534666
5000, 2500, 2500, 1, 1707542
8000, 4000, 4000, 1, 3102500
10000, 5000, 5000, 1, 3239584
650, 325, 325, 1, 57375
1000, 500, 500, 1, 103166
2500, 1250, 1250, 1, 1538709
5000, 2500, 2500, 1, 1712709
8000, 4000, 4000, 1, 3085208
10000, 5000, 5000, 1, 3250375
650, 325, 325, 1, 57208
1000, 500, 500, 1, 103041
2500, 1250, 1250, 1, 1534250
5000, 2500, 2500, 1, 1715541
8000, 4000, 4000, 1, 3089750
10000, 5000, 5000, 1, 3233292
650, 325, 325, 1, 57375
1000, 500, 500, 1, 103000
2500, 1250, 1250, 1, 1537334
5000, 2500, 2500, 1, 1717583
8000, 4000, 4000, 1, 3090541
10000, 5000, 5000, 1, 3280292
650, 325, 325, 1, 57458
1000, 500, 500, 1, 103292
2500, 1250, 1250, 1, 1536083
5000, 2500, 2500, 1, 1717334
8000, 4000, 4000, 1, 3089291
10000, 5000, 5000, 1, 3240042
650, 325, 325, 1, 57292
1000, 500, 500, 1, 103084
2500, 1250, 1250, 1, 1537375
5000, 2500, 2500, 1, 1717333
8000, 4000, 4000, 1, 3099750
10000, 5000, 5000, 1, 3241458
650, 325, 325, 1, 57250
1000, 500, 500, 1, 103208
2500, 1250, 1250, 1, 1542667
5000, 2500, 2500, 1, 1718166
8000, 4000, 4000, 1, 3095375
10000, 5000, 5000, 1, 3240959
650, 325, 325, 1, 57459
1000, 500, 500, 1, 105875
2500, 1250, 1250, 1, 1542583
5000, 2500, 2500, 1, 1719542
8000, 4000, 4000, 1, 3123208
10000, 5000, 5000, 1, 3247375
650, 325, 325, 1, 57416
1000, 500, 500, 1, 103458
2500, 1250, 1250, 1, 1543917
5000, 2500, 2500, 1, 1718167
8000, 4000, 4000, 1, 3099583
10000, 5000, 5000, 1, 3258750
650, 325, 325, 1, 57375
1000, 500, 500, 1, 103333
2500, 1250, 1250, 1, 1545250
5000, 2500, 2500, 1, 1756500
8000, 4000, 4000, 1, 3138000
10000, 5000, 5000, 1, 3259708
650, 325, 325, 1, 57417
1000, 500, 500, 1, 103959
2500, 1250, 1250, 1, 1538208
5000, 2500, 2500, 1, 1722250
8000, 4000, 4000, 1, 3137625
10000, 5000, 5000, 1, 3281500
650, 325, 325, 1, 57375
1000, 500, 500, 1, 103500
2500, 1250, 1250, 1, 1544333
5000, 2500, 2500, 1, 1726333
8000, 4000, 4000, 1, 3107000
10000, 5000, 5000, 1, 3259125
650, 325, 325, 1, 57583
1000, 500, 500, 1, 103542
2500, 1250, 1250, 1, 1548542
5000, 2500, 2500, 1, 1728459
8000, 4000, 4000, 1, 3109875
10000, 5000, 5000, 1, 3256625
650, 325, 325, 1, 57458
1000, 500, 500, 1, 103416
2500, 1250, 1250, 1, 1546084
5000, 2500, 2500, 1, 1729917
8000, 4000, 4000, 1, 3112250
10000, 5000, 5000, 1, 3254167
650, 325, 325, 1, 60375
1000, 500, 500, 1, 103708
2500, 1250, 1250, 1, 1544625
5000, 2500, 2500, 1, 1742625
8000, 4000, 4000, 1, 3114333
10000, 5000, 5000, 1, 3298834
650, 325, 325, 1, 57458
1000, 500, 500, 1, 103500
2500, 1250, 1250, 1, 1548375
5000, 2500, 2500, 1, 1731125
8000, 4000, 4000, 1, 3110083
10000, 5000, 5000, 1, 3265667
650, 325, 325, 1, 57625
1000, 500, 500, 1, 103541
2500, 1250, 1250, 1, 1566625
5000, 2500, 2500, 1, 1727667
8000, 4000, 4000, 1, 3120167
10000, 5000, 5000, 1, 3262042
650, 325, 325, 1, 57583
1000, 500, 500, 1, 109000
2500, 1250, 1250, 1, 1549125
5000, 2500, 2500, 1, 1731250
8000, 4000, 4000, 1, 3118625
10000, 5000, 5000, 1, 3267000
650, 325, 325, 1, 57584
1000, 500, 500, 1, 103542
2500, 1250, 1250, 1, 1552083
5000, 2500, 2500, 1, 1728916
8000, 4000, 4000, 1, 3127750
10000, 5000, 5000, 1, 3325959
650, 325, 325, 1, 57542
1000, 500, 500, 1, 106292
2500, 1250, 1250, 1, 1553708
5000, 2500, 2500, 1, 1730958
8000, 4000, 4000, 1, 3134708
10000, 5000, 5000, 1, 3269417
650, 325, 325, 1, 58916
1000, 500, 500, 1, 103875
2500, 1250, 1250, 1, 1848167
5000, 2500, 2500, 1, 1726125
8000, 4000, 4000, 1, 3144375
10000, 5000, 5000, 1, 3271208
650, 325, 325, 1, 57666
1000, 500, 500, 1, 107625
2500, 1250, 1250, 1, 1585833
5000, 2500, 2500, 1, 1738875
8000, 4000, 4000, 1, 3136666
10000, 5000, 5000, 1, 3277167
650, 325, 325, 1, 57542
1000, 500, 500, 1, 103583
2500, 1250, 1250, 1, 1558209
5000, 2500, 2500, 1, 1733542
8000, 4000, 4000, 1, 3141750
10000, 5000, 5000, 1, 3276875
650, 325, 325, 1, 58375
1000, 500, 500, 1, 103625
2500, 1250, 1250, 1, 1553709
5000, 2500, 2500, 1, 1733417
8000, 4000, 4000, 1, 3127000
10000, 5000, 5000, 1, 3302166
650, 325, 325, 1, 57750
1000, 500, 500, 1, 103875
2500, 1250, 1250, 1, 1561250
5000, 2500, 2500, 1, 1779833
8000, 4000, 4000, 1, 3218584
10000, 5000, 5000, 1, 3281375
650, 325, 325, 1, 60000
1000, 500, 500, 1, 103916
2500, 1250, 1250, 1, 1557042
5000, 2500, 2500, 1, 1741833
8000, 4000, 4000, 1, 3130833
10000, 5000, 5000, 1, 3307250
650, 325, 325, 1, 59500
1000, 500, 500, 1, 103750
2500, 1250, 1250, 1, 1555625
5000, 2500, 2500, 1, 1734792
8000, 4000, 4000, 1, 3129375
10000, 5000, 5000, 1, 3276708
650, 325, 325, 1, 57583
1000, 500, 500, 1, 103750
2500, 1250, 1250, 1, 1557250
5000, 2500, 2500, 1, 1738166
8000, 4000, 4000, 1, 3133042
10000, 5000, 5000, 1, 3278834
650, 325, 325, 1, 57667
1000, 500, 500, 1, 103791
2500, 1250, 1250, 1, 1557167
5000, 2500, 2500, 1, 1737042
8000, 4000, 4000, 1, 3152917
10000, 5000, 5000, 1, 3283166
650, 325, 325, 1, 57541
1000, 500, 500, 1, 103792
2500, 1250, 1250, 1, 1558125
5000, 2500, 2500, 1, 1736708
8000, 4000, 4000, 1, 3138583
10000, 5000, 5000, 1, 3301875
650, 325, 325, 1, 57625
1000, 500, 500, 1, 103750
2500, 1250, 1250, 1, 1593792
5000, 2500, 2500, 1, 1737792
8000, 4000, 4000, 1, 3135958
10000, 5000, 5000, 1, 3285667
650, 325, 325, 1, 57584
1000, 500, 500, 1, 103833
2500, 1250, 1250, 1, 1571083
5000, 2500, 2500, 1, 1741541
8000, 4000, 4000, 1, 3193500
10000, 5000, 5000, 1, 3304875
650, 325, 325, 1, 59167
1000, 500, 500, 1, 103875
2500, 1250, 1250, 1, 1559542
5000, 2500, 2500, 1, 1740792
8000, 4000, 4000, 1, 3139792
10000, 5000, 5000, 1, 3328333
650, 325, 325, 1, 57834
1000, 500, 500, 1, 104083
2500, 1250, 1250, 1, 1564667
5000, 2500, 2500, 1, 1755209
8000, 4000, 4000, 1, 3140958
10000, 5000, 5000, 1, 3290250
650, 325, 325, 1, 57666
1000, 500, 500, 1, 106625
2500, 1250, 1250, 1, 1598459
5000, 2500, 2500, 1, 1754166
8000, 4000, 4000, 1, 3143708
10000, 5000, 5000, 1, 3295583
650, 325, 325, 1, 60583
1000, 500, 500, 1, 103917
2500, 1250, 1250, 1, 1572167
5000, 2500, 2500, 1, 1742125
8000, 4000, 4000, 1, 3144208
10000, 5000, 5000, 1, 3296416
650, 325, 325, 1, 57833
1000, 500, 500, 1, 104125
2500, 1250, 1250, 1, 1566666
5000, 2500, 2500, 1, 1743917
8000, 4000, 4000, 1, 3145625
10000, 5000, 5000, 1, 3325916
650, 325, 325, 1, 57833
1000, 500, 500, 1, 103917
2500, 1250, 1250, 1, 1577458
5000, 2500, 2500, 1, 1776625
8000, 4000, 4000, 1, 3167417
10000, 5000, 5000, 1, 3296958
650, 325, 325, 1, 57667
1000, 500, 500, 1, 104041
2500, 1250, 1250, 1, 1566167
5000, 2500, 2500, 1, 1748417
8000, 4000, 4000, 1, 3147250
10000, 5000, 5000, 1, 3301167
650, 325, 325, 1, 57667
1000, 500, 500, 1, 104208
2500, 1250, 1250, 1, 1573041
5000, 2500, 2500, 1, 1751958
8000, 4000, 4000, 1, 3160833
10000, 5000, 5000, 1, 3300000
650, 325, 325, 1, 60000
1000, 500, 500, 1, 106666
2500, 1250, 1250, 1, 1591167
5000, 2500, 2500, 1, 1752875
8000, 4000, 4000, 1, 3160208
10000, 5000, 5000, 1, 3341417
650, 325, 325, 1, 60541
1000, 500, 500, 1, 104167
2500, 1250, 1250, 1, 1571167
5000, 2500, 2500, 1, 1756917
8000, 4000, 4000, 1, 3153459
10000, 5000, 5000, 1, 3310291
650, 325, 325, 1, 57792
1000, 500, 500, 1, 104167
2500, 1250, 1250, 1, 1572666
5000, 2500, 2500, 1, 1751292
8000, 4000, 4000, 1, 3194000
10000, 5000, 5000, 1, 3305250
650, 325, 325, 1, 61375
1000, 500, 500, 1, 104333
2500, 1250, 1250, 1, 1570958
5000, 2500, 2500, 1, 1747958
8000, 4000, 4000, 1, 3162291
10000, 5000, 5000, 1, 3315416
650, 325, 325, 1, 57708
1000, 500, 500, 1, 104417
2500, 1250, 1250, 1, 1588000
5000, 2500, 2500, 1, 1770208
8000, 4000, 4000, 1, 3161083
10000, 5000, 5000, 1, 3312625
650, 325, 325, 1, 57750
1000, 500, 500, 1, 104334
2500, 1250, 1250, 1, 1574958
5000, 2500, 2500, 1, 1757375
8000, 4000, 4000, 1, 3189250
10000, 5000, 5000, 1, 3319208
650, 325, 325, 1, 57792
1000, 500, 500, 1, 104458
2500, 1250, 1250, 1, 1575875
5000, 2500, 2500, 1, 1754667
8000, 4000, 4000, 1, 3166750
10000, 5000, 5000, 1, 3322250
650, 325, 325, 1, 57833
1000, 500, 500, 1, 104208
2500, 1250, 1250, 1, 1596333
5000, 2500, 2500, 1, 1756291
8000, 4000, 4000, 1, 3181042
10000, 5000, 5000, 1, 3366459
650, 325, 325, 1, 59583
1000, 500, 500, 1, 109250
2500, 1250, 1250, 1, 1575375
5000, 2500, 2500, 1, 1757166
8000, 4000, 4000, 1, 3184917
10000, 5000, 5000, 1, 3319708
650, 325, 325, 1, 57958
1000, 500, 500, 1, 104333
2500, 1250, 1250, 1, 1579750
5000, 2500, 2500, 1, 1757792
8000, 4000, 4000, 1, 3236667
10000, 5000, 5000, 1, 3362833
650, 325, 325, 1, 57875
1000, 500, 500, 1, 104250
2500, 1250, 1250, 1, 1582500
5000, 2500, 2500, 1, 1761250
8000, 4000, 4000, 1, 3179958
10000, 5000, 5000, 1, 3323541
650, 325, 325, 1, 57875
1000, 500, 500, 1, 104583
2500, 1250, 1250, 1, 1580958
5000, 2500, 2500, 1, 1758750
8000, 4000, 4000, 1, 3176375
10000, 5000, 5000, 1, 3324125
650, 325, 325, 1, 57959
1000, 500, 500, 1, 104584
2500, 1250, 1250, 1, 1593834
5000, 2500, 2500, 1, 1766292
8000, 4000, 4000, 1, 3182750
10000, 5000, 5000, 1, 3324541
650, 325, 325, 1, 57833
1000, 500, 500, 1, 109250
2500, 1250, 1250, 1, 1599750
5000, 2500, 2500, 1, 1763875
8000, 4000, 4000, 1, 3179875
10000, 5000, 5000, 1, 3328333
650, 325, 325, 1, 57875
1000, 500, 500, 1, 104459
2500, 1250, 1250, 1, 1585584
5000, 2500, 2500, 1, 1766458
8000, 4000, 4000, 1, 3175458
10000, 5000, 5000, 1, 3338833
650, 325, 325, 1, 72417
1000, 500, 500, 1, 104750
2500, 1250, 1250, 1, 1585125
5000, 2500, 2500, 1, 1762875
8000, 4000, 4000, 1, 3183083
10000, 5000, 5000, 1, 3332792
650, 325, 325, 1, 59500
1000, 500, 500, 1, 104500
2500, 1250, 1250, 1, 1588333
5000, 2500, 2500, 1, 1764041
8000, 4000, 4000, 1, 3179083
10000, 5000, 5000, 1, 3418084
650, 325, 325, 1, 58000
1000, 500, 500, 1, 108834
2500, 1250, 1250, 1, 1585625
5000, 2500, 2500, 1, 1792500
8000, 4000, 4000, 1, 3186417
10000, 5000, 5000, 1, 3349833
650, 325, 325, 1, 59500
1000, 500, 500, 1, 104792
2500, 1250, 1250, 1, 1603542
5000, 2500, 2500, 1, 1763333
8000, 4000, 4000, 1, 3190417
10000, 5000, 5000, 1, 3337542
650, 325, 325, 1, 57916
1000, 500, 500, 1, 104666
2500, 1250, 1250, 1, 1625583
5000, 2500, 2500, 1, 1808459
8000, 4000, 4000, 1, 3189791
10000, 5000, 5000, 1, 3332500
650, 325, 325, 1, 58291
1000, 500, 500, 1, 104875
2500, 1250, 1250, 1, 1589833
5000, 2500, 2500, 1, 1771959
8000, 4000, 4000, 1, 3191958
10000, 5000, 5000, 1, 3345875
650, 325, 325, 1, 57917
1000, 500, 500, 1, 104708
2500, 1250, 1250, 1, 1589166
5000, 2500, 2500, 1, 1769167
8000, 4000, 4000, 1, 3187667
10000, 5000, 5000, 1, 3347166
650, 325, 325, 1, 58250
1000, 500, 500, 1, 104542
2500, 1250, 1250, 1, 1605917
5000, 2500, 2500, 1, 1840000
8000, 4000, 4000, 1, 3226958
10000, 5000, 5000, 1, 3344125
650, 325, 325, 1, 58000
1000, 500, 500, 1, 104834
2500, 1250, 1250, 1, 1591375
5000, 2500, 2500, 1, 1770292
8000, 4000, 4000, 1, 3218959
10000, 5000, 5000, 1, 3351292
650, 325, 325, 1, 57875
1000, 500, 500, 1, 104875
2500, 1250, 1250, 1, 1592083
5000, 2500, 2500, 1, 1771959
8000, 4000, 4000, 1, 3197459
10000, 5000, 5000, 1, 3346458
650, 325, 325, 1, 57958
1000, 500, 500, 1, 106833
2500, 1250, 1250, 1, 1590125
5000, 2500, 2500, 1, 1807667
8000, 4000, 4000, 1, 3201584
10000, 5000, 5000, 1, 3349709
650, 325, 325, 1, 60375
1000, 500, 500, 1, 104833
2500, 1250, 1250, 1, 1596875
5000, 2500, 2500, 1, 1773417
8000, 4000, 4000, 1, 3201833
10000, 5000, 5000, 1, 3350208
650, 325, 325, 1, 58000
1000, 500, 500, 1, 104875
2500, 1250, 1250, 1, 1595500
5000, 2500, 2500, 1, 1774250
8000, 4000, 4000, 1, 3241458
10000, 5000, 5000, 1, 3351916
650, 325, 325, 1, 57917
1000, 500, 500, 1, 104667
2500, 1250, 1250, 1, 1596083
5000, 2500, 2500, 1, 1775375
8000, 4000, 4000, 1, 3205250
10000, 5000, 5000, 1, 3373417
650, 325, 325, 1, 58125
1000, 500, 500, 1, 104917
2500, 1250, 1250, 1, 1655916
5000, 2500, 2500, 1, 1829292
8000, 4000, 4000, 1, 3203209
10000, 5000, 5000, 1, 3354208
650, 325, 325, 1, 58000
1000, 500, 500, 1, 104875
2500, 1250, 1250, 1, 1606333
5000, 2500, 2500, 1, 1774292
8000, 4000, 4000, 1, 3227917
10000, 5000, 5000, 1, 3375459
650, 325, 325, 1, 58084
1000, 500, 500, 1, 107542
2500, 1250, 1250, 1, 1598375
5000, 2500, 2500, 1, 1794292
8000, 4000, 4000, 1, 3208292
10000, 5000, 5000, 1, 3358667
650, 325, 325, 1, 58250
1000, 500, 500, 1, 104959
2500, 1250, 1250, 1, 1617833
5000, 2500, 2500, 1, 1795000
8000, 4000, 4000, 1, 3206125
10000, 5000, 5000, 1, 3362542
650, 325, 325, 1, 58041
1000, 500, 500, 1, 105208
2500, 1250, 1250, 1, 1602459
5000, 2500, 2500, 1, 1779208
8000, 4000, 4000, 1, 3208500
10000, 5000, 5000, 1, 3354667
650, 325, 325, 1, 60792
1000, 500, 500, 1, 105542
2500, 1250, 1250, 1, 1604000
5000, 2500, 2500, 1, 1780750
8000, 4000, 4000, 1, 3235583
10000, 5000, 5000, 1, 3364166
650, 325, 325, 1, 58125
1000, 500, 500, 1, 105041
2500, 1250, 1250, 1, 1599041
5000, 2500, 2500, 1, 1781459
8000, 4000, 4000, 1, 3211333
10000, 5000, 5000, 1, 3361375
650, 325, 325, 1, 58167
1000, 500, 500, 1, 105041
2500, 1250, 1250, 1, 1611125
5000, 2500, 2500, 1, 1780417
8000, 4000, 4000, 1, 3212583
10000, 5000, 5000, 1, 3363834
650, 325, 325, 1, 58125
1000, 500, 500, 1, 105209
2500, 1250, 1250, 1, 1603750
5000, 2500, 2500, 1, 1786958
8000, 4000, 4000, 1, 3299125
10000, 5000, 5000, 1, 3424958
650, 325, 325, 1, 58167
1000, 500, 500, 1, 105125
2500, 1250, 1250, 1, 1603917
5000, 2500, 2500, 1, 1784584
8000, 4000, 4000, 1, 3217167
10000, 5000, 5000, 1, 3395917
650, 325, 325, 1, 58167
1000, 500, 500, 1, 119208
2500, 1250, 1250, 1, 1616917
5000, 2500, 2500, 1, 1784667
8000, 4000, 4000, 1, 3222875
10000, 5000, 5000, 1, 3374000
650, 325, 325, 1, 58292
1000, 500, 500, 1, 105083
2500, 1250, 1250, 1, 1606834
5000, 2500, 2500, 1, 1786167
8000, 4000, 4000, 1, 3229791
10000, 5000, 5000, 1, 3373042
650, 325, 325, 1, 58125
1000, 500, 500, 1, 105208
2500, 1250, 1250, 1, 1607250
5000, 2500, 2500, 1, 1786083
8000, 4000, 4000, 1, 3222833
10000, 5000, 5000, 1, 3376084
650, 325, 325, 1, 58292
1000, 500, 500, 1, 105375
2500, 1250, 1250, 1, 1608125
5000, 2500, 2500, 1, 1788333
8000, 4000, 4000, 1, 3230250
10000, 5000, 5000, 1, 3406333
650, 325, 325, 1, 58167
1000, 500, 500, 1, 105209
2500, 1250, 1250, 1, 1609042
5000, 2500, 2500, 1, 1795875
8000, 4000, 4000, 1, 3227250
10000, 5000, 5000, 1, 3378750
650, 325, 325, 1, 58209
1000, 500, 500, 1, 105292
2500, 1250, 1250, 1, 1610250
5000, 2500, 2500, 1, 1796292
8000, 4000, 4000, 1, 3231708
10000, 5000, 5000, 1, 3378541
650, 325, 325, 1, 64750
1000, 500, 500, 1, 105333
2500, 1250, 1250, 1, 1612417
5000, 2500, 2500, 1, 1790167
8000, 4000, 4000, 1, 3227792
10000, 5000, 5000, 1, 3381792
650, 325, 325, 1, 58375
1000, 500, 500, 1, 105333
2500, 1250, 1250, 1, 1613166
5000, 2500, 2500, 1, 1792708
8000, 4000, 4000, 1, 3235416
10000, 5000, 5000, 1, 3378792
650, 325, 325, 1, 58833
1000, 500, 500, 1, 105542
2500, 1250, 1250, 1, 1612125
5000, 2500, 2500, 1, 1790042
8000, 4000, 4000, 1, 3235416
10000, 5000, 5000, 1, 3424542
650, 325, 325, 1, 58250
1000, 500, 500, 1, 105333
2500, 1250, 1250, 1, 1641750
5000, 2500, 2500, 1, 1795500
8000, 4000, 4000, 1, 3237459
10000, 5000, 5000, 1, 3379375
650, 325, 325, 1, 58958
1000, 500, 500, 1, 108375
2500, 1250, 1250, 1, 1640708
5000, 2500, 2500, 1, 1794458
8000, 4000, 4000, 1, 3234375
10000, 5000, 5000, 1, 3385209
650, 325, 325, 1, 58250
1000, 500, 500, 1, 105584
2500, 1250, 1250, 1, 1615458
5000, 2500, 2500, 1, 1795125
8000, 4000, 4000, 1, 3237166
10000, 5000, 5000, 1, 3390500
650, 325, 325, 1, 60041
1000, 500, 500, 1, 105333
2500, 1250, 1250, 1, 1611959
5000, 2500, 2500, 1, 1790167
8000, 4000, 4000, 1, 3237541
10000, 5000, 5000, 1, 3393291
650, 325, 325, 1, 58167
1000, 500, 500, 1, 105458
2500, 1250, 1250, 1, 1615333
5000, 2500, 2500, 1, 1797000
8000, 4000, 4000, 1, 3242750
10000, 5000, 5000, 1, 3419541
650, 325, 325, 1, 59209
1000, 500, 500, 1, 105584
2500, 1250, 1250, 1, 1615458
5000, 2500, 2500, 1, 1792667
8000, 4000, 4000, 1, 3245000
10000, 5000, 5000, 1, 3391459
650, 325, 325, 1, 61250
1000, 500, 500, 1, 105583
2500, 1250, 1250, 1, 1619833
5000, 2500, 2500, 1, 1806959
8000, 4000, 4000, 1, 3243500
10000, 5000, 5000, 1, 3389125
650, 325, 325, 1, 58417
1000, 500, 500, 1, 111042
2500, 1250, 1250, 1, 1614291
5000, 2500, 2500, 1, 1801125
8000, 4000, 4000, 1, 3250166
10000, 5000, 5000, 1, 3399208
650, 325, 325, 1, 58292
1000, 500, 500, 1, 105917
2500, 1250, 1250, 1, 1622042
5000, 2500, 2500, 1, 1801250
8000, 4000, 4000, 1, 3252166
10000, 5000, 5000, 1, 3432459
650, 325, 325, 1, 58917
1000, 500, 500, 1, 105917
2500, 1250, 1250, 1, 1632000
5000, 2500, 2500, 1, 1800500
8000, 4000, 4000, 1, 3253792
10000, 5000, 5000, 1, 3536833
650, 325, 325, 1, 58792
1000, 500, 500, 1, 105875
2500, 1250, 1250, 1, 1620292
5000, 2500, 2500, 1, 1828041
8000, 4000, 4000, 1, 3251333
10000, 5000, 5000, 1, 3627084
650, 325, 325, 1, 58291
1000, 500, 500, 1, 105750
2500, 1250, 1250, 1, 1635041
5000, 2500, 2500, 1, 1803209
8000, 4000, 4000, 1, 3260666
10000, 5000, 5000, 1, 3413000
650, 325, 325, 1, 58458
1000, 500, 500, 1, 105667
2500, 1250, 1250, 1, 1628166
5000, 2500, 2500, 1, 1804000
8000, 4000, 4000, 1, 3263542
10000, 5000, 5000, 1, 3408333
650, 325, 325, 1, 58333
1000, 500, 500, 1, 105958
2500, 1250, 1250, 1, 1640459
5000, 2500, 2500, 1, 1805334
8000, 4000, 4000, 1, 3257250
10000, 5000, 5000, 1, 3409917
650, 325, 325, 1, 58416
1000, 500, 500, 1, 107125
2500, 1250, 1250, 1, 1662208
5000, 2500, 2500, 1, 1809125
8000, 4000, 4000, 1, 3267375
10000, 5000, 5000, 1, 3411250
650, 325, 325, 1, 58625
1000, 500, 500, 1, 105875
2500, 1250, 1250, 1, 1639125
5000, 2500, 2500, 1, 1811334
8000, 4000, 4000, 1, 3260083
10000, 5000, 5000, 1, 3417167
650, 325, 325, 1, 58333
1000, 500, 500, 1, 105791
2500, 1250, 1250, 1, 1634167
5000, 2500, 2500, 1, 1808166
8000, 4000, 4000, 1, 3268625
10000, 5000, 5000, 1, 3415083
650, 325, 325, 1, 58375
1000, 500, 500, 1, 105750
2500, 1250, 1250, 1, 1665625
5000, 2500, 2500, 1, 1808667
8000, 4000, 4000, 1, 3264958
10000, 5000, 5000, 1, 3417125
650, 325, 325, 1, 60500
1000, 500, 500, 1, 105750
2500, 1250, 1250, 1, 1681917
5000, 2500, 2500, 1, 1822083
8000, 4000, 4000, 1, 3280584
10000, 5000, 5000, 1, 3423958
650, 325, 325, 1, 58542
1000, 500, 500, 1, 105875
2500, 1250, 1250, 1, 1633250
5000, 2500, 2500, 1, 1828833
8000, 4000, 4000, 1, 3317791
10000, 5000, 5000, 1, 3428750
650, 325, 325, 1, 58292
1000, 500, 500, 1, 106167
2500, 1250, 1250, 1, 1628916
5000, 2500, 2500, 1, 1809500
8000, 4000, 4000, 1, 3271084
10000, 5000, 5000, 1, 3417208
650, 325, 325, 1, 58375
1000, 500, 500, 1, 106000
2500, 1250, 1250, 1, 1633083
5000, 2500, 2500, 1, 1814292
8000, 4000, 4000, 1, 3269334
10000, 5000, 5000, 1, 3418500
650, 325, 325, 1, 59625
1000, 500, 500, 1, 106042
2500, 1250, 1250, 1, 1632209
5000, 2500, 2500, 1, 1811334
8000, 4000, 4000, 1, 3270500
10000, 5000, 5000, 1, 3423792
650, 325, 325, 1, 58375
1000, 500, 500, 1, 106000
2500, 1250, 1250, 1, 1636250
5000, 2500, 2500, 1, 1840125
8000, 4000, 4000, 1, 3272916
10000, 5000, 5000, 1, 3427458
650, 325, 325, 1, 58542
1000, 500, 500, 1, 106083
2500, 1250, 1250, 1, 1633000
5000, 2500, 2500, 1, 1812750
8000, 4000, 4000, 1, 3271084
10000, 5000, 5000, 1, 3437250
650, 325, 325, 1, 58500
1000, 500, 500, 1, 106000
2500, 1250, 1250, 1, 1679584
5000, 2500, 2500, 1, 1813417
8000, 4000, 4000, 1, 3284542
10000, 5000, 5000, 1, 3434167
650, 325, 325, 1, 58834
1000, 500, 500, 1, 106042
2500, 1250, 1250, 1, 1634917
5000, 2500, 2500, 1, 1814750
8000, 4000, 4000, 1, 3306958
10000, 5000, 5000, 1, 3432833
650, 325, 325, 1, 58542
1000, 500, 500, 1, 106042
2500, 1250, 1250, 1, 1651750
5000, 2500, 2500, 1, 1888250
8000, 4000, 4000, 1, 3286167
10000, 5000, 5000, 1, 3429000
650, 325, 325, 1, 58708
1000, 500, 500, 1, 106125
2500, 1250, 1250, 1, 1635959
5000, 2500, 2500, 1, 1833958
8000, 4000, 4000, 1, 3298125
10000, 5000, 5000, 1, 3464083
650, 325, 325, 1, 59125
1000, 500, 500, 1, 111292
2500, 1250, 1250, 1, 1639291
5000, 2500, 2500, 1, 1817958
8000, 4000, 4000, 1, 3423416
10000, 5000, 5000, 1, 3544791
650, 325, 325, 1, 58709
1000, 500, 500, 1, 106209
2500, 1250, 1250, 1, 1643500
5000, 2500, 2500, 1, 1820375
8000, 4000, 4000, 1, 3288958
10000, 5000, 5000, 1, 3473917
650, 325, 325, 1, 58708
1000, 500, 500, 1, 109291
2500, 1250, 1250, 1, 1682334
5000, 2500, 2500, 1, 1822000
8000, 4000, 4000, 1, 3285875
10000, 5000, 5000, 1, 3441375
650, 325, 325, 1, 58708
1000, 500, 500, 1, 106250
2500, 1250, 1250, 1, 1641958
5000, 2500, 2500, 1, 1863042
8000, 4000, 4000, 1, 3292375
10000, 5000, 5000, 1, 3443000
650, 325, 325, 1, 58708
1000, 500, 500, 1, 106333
2500, 1250, 1250, 1, 1642917
5000, 2500, 2500, 1, 1823125
8000, 4000, 4000, 1, 3295250
10000, 5000, 5000, 1, 3440708
650, 325, 325, 1, 58375
1000, 500, 500, 1, 111125
2500, 1250, 1250, 1, 1641084
5000, 2500, 2500, 1, 1826750
8000, 4000, 4000, 1, 3296375
10000, 5000, 5000, 1, 3448417
650, 325, 325, 1, 58459
1000, 500, 500, 1, 106333
2500, 1250, 1250, 1, 1645000
5000, 2500, 2500, 1, 1824750
8000, 4000, 4000, 1, 3302041
10000, 5000, 5000, 1, 3446084
650, 325, 325, 1, 58625
1000, 500, 500, 1, 106500
2500, 1250, 1250, 1, 1645875
5000, 2500, 2500, 1, 1912417
8000, 4000, 4000, 1, 3296125
10000, 5000, 5000, 1, 3461417
650, 325, 325, 1, 58750
1000, 500, 500, 1, 106375
2500, 1250, 1250, 1, 1646958
5000, 2500, 2500, 1, 1828750
8000, 4000, 4000, 1, 3326792
10000, 5000, 5000, 1, 3468917
650, 325, 325, 1, 58709
1000, 500, 500, 1, 106500
2500, 1250, 1250, 1, 1649458
5000, 2500, 2500, 1, 1830833
8000, 4000, 4000, 1, 3314417
10000, 5000, 5000, 1, 3446375
650, 325, 325, 1, 58667
1000, 500, 500, 1, 106375
2500, 1250, 1250, 1, 1644750
5000, 2500, 2500, 1, 1831959
8000, 4000, 4000, 1, 3306375
10000, 5000, 5000, 1, 3455041
650, 325, 325, 1, 58625
1000, 500, 500, 1, 106584
2500, 1250, 1250, 1, 1649500
5000, 2500, 2500, 1, 1833083
8000, 4000, 4000, 1, 3305584
10000, 5000, 5000, 1, 3451250
650, 325, 325, 1, 60500
1000, 500, 500, 1, 109292
2500, 1250, 1250, 1, 1650250
5000, 2500, 2500, 1, 1828708
8000, 4000, 4000, 1, 3334916
10000, 5000, 5000, 1, 3458000
650, 325, 325, 1, 58666
1000, 500, 500, 1, 106542
2500, 1250, 1250, 1, 1651000
5000, 2500, 2500, 1, 1831292
8000, 4000, 4000, 1, 3347166
10000, 5000, 5000, 1, 3476792
650, 325, 325, 1, 58750
1000, 500, 500, 1, 106791
2500, 1250, 1250, 1, 1651958
5000, 2500, 2500, 1, 1832208
8000, 4000, 4000, 1, 3307417
10000, 5000, 5000, 1, 3458667
650, 325, 325, 1, 58625
1000, 500, 500, 1, 106667
2500, 1250, 1250, 1, 1650708
5000, 2500, 2500, 1, 1844625
8000, 4000, 4000, 1, 3316917
10000, 5000, 5000, 1, 3465625
650, 325, 325, 1, 58791
1000, 500, 500, 1, 106583
2500, 1250, 1250, 1, 1654083
5000, 2500, 2500, 1, 1893042
8000, 4000, 4000, 1, 3327833
10000, 5000, 5000, 1, 3465042
650, 325, 325, 1, 58542
1000, 500, 500, 1, 106541
2500, 1250, 1250, 1, 1657250
5000, 2500, 2500, 1, 1837042
8000, 4000, 4000, 1, 3340792
10000, 5000, 5000, 1, 3466209
650, 325, 325, 1, 58834
1000, 500, 500, 1, 106708
2500, 1250, 1250, 1, 1657750
5000, 2500, 2500, 1, 1838583
8000, 4000, 4000, 1, 3317333
10000, 5000, 5000, 1, 3494750
650, 325, 325, 1, 58875
1000, 500, 500, 1, 106917
2500, 1250, 1250, 1, 1657375
5000, 2500, 2500, 1, 1840083
8000, 4000, 4000, 1, 3322208
10000, 5000, 5000, 1, 3481333
650, 325, 325, 1, 62416
1000, 500, 500, 1, 106625
2500, 1250, 1250, 1, 1655541
5000, 2500, 2500, 1, 1834208
8000, 4000, 4000, 1, 3315417
10000, 5000, 5000, 1, 3472125
650, 325, 325, 1, 58666
1000, 500, 500, 1, 118083
2500, 1250, 1250, 1, 1658875
5000, 2500, 2500, 1, 1841833
8000, 4000, 4000, 1, 3354708
10000, 5000, 5000, 1, 3472292
650, 325, 325, 1, 58916
1000, 500, 500, 1, 106708
2500, 1250, 1250, 1, 1658875
5000, 2500, 2500, 1, 1839750
8000, 4000, 4000, 1, 3326291
10000, 5000, 5000, 1, 3472709
650, 325, 325, 1, 58834
1000, 500, 500, 1, 109708
2500, 1250, 1250, 1, 1657458
5000, 2500, 2500, 1, 1849708
8000, 4000, 4000, 1, 3329125
10000, 5000, 5000, 1, 3478375
650, 325, 325, 1, 58916
1000, 500, 500, 1, 106750
2500, 1250, 1250, 1, 1663458
5000, 2500, 2500, 1, 1844959
8000, 4000, 4000, 1, 3331875
10000, 5000, 5000, 1, 3477500
650, 325, 325, 1, 58833
1000, 500, 500, 1, 106959
2500, 1250, 1250, 1, 1661667
5000, 2500, 2500, 1, 1891208
8000, 4000, 4000, 1, 3366875
10000, 5000, 5000, 1, 3476875
650, 325, 325, 1, 58666
1000, 500, 500, 1, 106791
2500, 1250, 1250, 1, 1660375
5000, 2500, 2500, 1, 1842875
8000, 4000, 4000, 1, 3350167
10000, 5000, 5000, 1, 3495125
650, 325, 325, 1, 59042
1000, 500, 500, 1, 107084
2500, 1250, 1250, 1, 1663667
5000, 2500, 2500, 1, 1844375
8000, 4000, 4000, 1, 3336083
10000, 5000, 5000, 1, 3506042
650, 325, 325, 1, 59875
1000, 500, 500, 1, 106875
2500, 1250, 1250, 1, 1666167
5000, 2500, 2500, 1, 1845417
8000, 4000, 4000, 1, 3332083
10000, 5000, 5000, 1, 3493209
650, 325, 325, 1, 58958
1000, 500, 500, 1, 107041
2500, 1250, 1250, 1, 1678666
5000, 2500, 2500, 1, 1846208
8000, 4000, 4000, 1, 3340333
10000, 5000, 5000, 1, 3488417
650, 325, 325, 1, 58959
1000, 500, 500, 1, 107000
2500, 1250, 1250, 1, 1673375
5000, 2500, 2500, 1, 1850250
8000, 4000, 4000, 1, 3370792
10000, 5000, 5000, 1, 3485417
650, 325, 325, 1, 58875
1000, 500, 500, 1, 107209
2500, 1250, 1250, 1, 1682041
5000, 2500, 2500, 1, 1850416
8000, 4000, 4000, 1, 3351875
10000, 5000, 5000, 1, 3500708
650, 325, 325, 1, 58875
1000, 500, 500, 1, 107208
2500, 1250, 1250, 1, 1713250
5000, 2500, 2500, 1, 1849500
8000, 4000, 4000, 1, 3345334
10000, 5000, 5000, 1, 3491458
650, 325, 325, 1, 58875
1000, 500, 500, 1, 106875
2500, 1250, 1250, 1, 1697000
5000, 2500, 2500, 1, 1850000
8000, 4000, 4000, 1, 3353084
10000, 5000, 5000, 1, 3528542
650, 325, 325, 1, 59084
1000, 500, 500, 1, 107000
2500, 1250, 1250, 1, 1670291
5000, 2500, 2500, 1, 1907541
8000, 4000, 4000, 1, 3359917
10000, 5000, 5000, 1, 3489959
650, 325, 325, 1, 61417
1000, 500, 500, 1, 113584
2500, 1250, 1250, 1, 1666791
5000, 2500, 2500, 1, 1851167
8000, 4000, 4000, 1, 3360458
10000, 5000, 5000, 1, 3498625
650, 325, 325, 1, 59000
1000, 500, 500, 1, 107333
2500, 1250, 1250, 1, 1674458
5000, 2500, 2500, 1, 1854875
8000, 4000, 4000, 1, 3348333
10000, 5000, 5000, 1, 3502708
650, 325, 325, 1, 59167
1000, 500, 500, 1, 107167
2500, 1250, 1250, 1, 1690292
5000, 2500, 2500, 1, 1853667
8000, 4000, 4000, 1, 3347500
10000, 5000, 5000, 1, 3610000
650, 325, 325, 1, 60917
1000, 500, 500, 1, 113208
2500, 1250, 1250, 1, 1719292
5000, 2500, 2500, 1, 1903792
8000, 4000, 4000, 1, 3356125
10000, 5000, 5000, 1, 3524375
650, 325, 325, 1, 60917
1000, 500, 500, 1, 110417
2500, 1250, 1250, 1, 1722959
5000, 2500, 2500, 1, 1856792
8000, 4000, 4000, 1, 3360500
10000, 5000, 5000, 1, 3506208
650, 325, 325, 1, 58958
1000, 500, 500, 1, 107250
2500, 1250, 1250, 1, 1696167
5000, 2500, 2500, 1, 1892500
8000, 4000, 4000, 1, 3364875
10000, 5000, 5000, 1, 3600667
650, 325, 325, 1, 60792
1000, 500, 500, 1, 108833
2500, 1250, 1250, 1, 1710458
5000, 2500, 2500, 1, 1856916
8000, 4000, 4000, 1, 3370459
10000, 5000, 5000, 1, 3507625
650, 325, 325, 1, 58917
1000, 500, 500, 1, 107458
2500, 1250, 1250, 1, 1677833
5000, 2500, 2500, 1, 1858083
8000, 4000, 4000, 1, 3362458
10000, 5000, 5000, 1, 3517792
650, 325, 325, 1, 59125
1000, 500, 500, 1, 107250
2500, 1250, 1250, 1, 1707459
5000, 2500, 2500, 1, 1895209
8000, 4000, 4000, 1, 3359208
10000, 5000, 5000, 1, 3509334
650, 325, 325, 1, 58958
1000, 500, 500, 1, 107291
2500, 1250, 1250, 1, 1679292
5000, 2500, 2500, 1, 1860750
8000, 4000, 4000, 1, 3386917
10000, 5000, 5000, 1, 3534709
650, 325, 325, 1, 59000
1000, 500, 500, 1, 112958
2500, 1250, 1250, 1, 1676041
5000, 2500, 2500, 1, 1860458
8000, 4000, 4000, 1, 3382583
10000, 5000, 5000, 1, 3513166
650, 325, 325, 1, 59166
1000, 500, 500, 1, 107292
2500, 1250, 1250, 1, 1714000
5000, 2500, 2500, 1, 1905083
8000, 4000, 4000, 1, 3360042
10000, 5000, 5000, 1, 3528083
650, 325, 325, 1, 59208
1000, 500, 500, 1, 107417
2500, 1250, 1250, 1, 1679292
5000, 2500, 2500, 1, 1860791
8000, 4000, 4000, 1, 3361583
10000, 5000, 5000, 1, 3513459
650, 325, 325, 1, 60791
1000, 500, 500, 1, 107500
2500, 1250, 1250, 1, 1680500
5000, 2500, 2500, 1, 1890708
8000, 4000, 4000, 1, 3362792
10000, 5000, 5000, 1, 3531291
650, 325, 325, 1, 59209
1000, 500, 500, 1, 107542
2500, 1250, 1250, 1, 1683416
5000, 2500, 2500, 1, 1862250
8000, 4000, 4000, 1, 3369083
10000, 5000, 5000, 1, 3514667
650, 325, 325, 1, 59084
1000, 500, 500, 1, 107334
2500, 1250, 1250, 1, 1683667
5000, 2500, 2500, 1, 1863083
8000, 4000, 4000, 1, 3373792
10000, 5000, 5000, 1, 3555833
650, 325, 325, 1, 59084
1000, 500, 500, 1, 107417
2500, 1250, 1250, 1, 1685333
5000, 2500, 2500, 1, 1864166
8000, 4000, 4000, 1, 3372084
10000, 5000, 5000, 1, 3530709
650, 325, 325, 1, 59125
1000, 500, 500, 1, 107625
2500, 1250, 1250, 1, 1690333
5000, 2500, 2500, 1, 1866042
8000, 4000, 4000, 1, 3369750
10000, 5000, 5000, 1, 3520458
650, 325, 325, 1, 59083
1000, 500, 500, 1, 107666
2500, 1250, 1250, 1, 1684792
5000, 2500, 2500, 1, 1869416
8000, 4000, 4000, 1, 3400416
10000, 5000, 5000, 1, 3522167
650, 325, 325, 1, 59166
1000, 500, 500, 1, 107834
2500, 1250, 1250, 1, 1690209
5000, 2500, 2500, 1, 1866000
8000, 4000, 4000, 1, 3408958
10000, 5000, 5000, 1, 3523583
650, 325, 325, 1, 59167
1000, 500, 500, 1, 110041
2500, 1250, 1250, 1, 1761917
5000, 2500, 2500, 1, 1877625
8000, 4000, 4000, 1, 3374709
10000, 5000, 5000, 1, 3529250
650, 325, 325, 1, 59375
1000, 500, 500, 1, 107666
2500, 1250, 1250, 1, 1691208
5000, 2500, 2500, 1, 1868792
8000, 4000, 4000, 1, 3391084
10000, 5000, 5000, 1, 3530291
650, 325, 325, 1, 59125
1000, 500, 500, 1, 107625
2500, 1250, 1250, 1, 1689042
5000, 2500, 2500, 1, 1869334
8000, 4000, 4000, 1, 3378417
10000, 5000, 5000, 1, 3529041
650, 325, 325, 1, 59333
1000, 500, 500, 1, 107625
2500, 1250, 1250, 1, 1690084
5000, 2500, 2500, 1, 1898292
8000, 4000, 4000, 1, 3390917
10000, 5000, 5000, 1, 3534875
650, 325, 325, 1, 59333
1000, 500, 500, 1, 107709
2500, 1250, 1250, 1, 1693000
5000, 2500, 2500, 1, 1872958
8000, 4000, 4000, 1, 3386500
10000, 5000, 5000, 1, 3535083
650, 325, 325, 1, 61500
1000, 500, 500, 1, 107667
2500, 1250, 1250, 1, 1711500
5000, 2500, 2500, 1, 1875458
8000, 4000, 4000, 1, 3410833
10000, 5000, 5000, 1, 3539750
650, 325, 325, 1, 59208
1000, 500, 500, 1, 107958
2500, 1250, 1250, 1, 1694500
5000, 2500, 2500, 1, 1874250
8000, 4000, 4000, 1, 3388125
10000, 5000, 5000, 1, 3535375
650, 325, 325, 1, 60583
1000, 500, 500, 1, 107791
2500, 1250, 1250, 1, 1693125
5000, 2500, 2500, 1, 1878416
8000, 4000, 4000, 1, 3400959
10000, 5000, 5000, 1, 3536833
650, 325, 325, 1, 59125
1000, 500, 500, 1, 107875
2500, 1250, 1250, 1, 1697458
5000, 2500, 2500, 1, 1877208
8000, 4000, 4000, 1, 3389209
10000, 5000, 5000, 1, 3539167
650, 325, 325, 1, 59375
1000, 500, 500, 1, 107958
2500, 1250, 1250, 1, 1698584
5000, 2500, 2500, 1, 1875875
8000, 4000, 4000, 1, 3413792
10000, 5000, 5000, 1, 3541667
650, 325, 325, 1, 59209
1000, 500, 500, 1, 107916
2500, 1250, 1250, 1, 1694750
5000, 2500, 2500, 1, 1894166
8000, 4000, 4000, 1, 3395792
10000, 5000, 5000, 1, 3539291
650, 325, 325, 1, 59250
1000, 500, 500, 1, 110084
2500, 1250, 1250, 1, 1732084
5000, 2500, 2500, 1, 1876250
8000, 4000, 4000, 1, 3390292
10000, 5000, 5000, 1, 3544708
650, 325, 325, 1, 59292
1000, 500, 500, 1, 107917
2500, 1250, 1250, 1, 1701583
5000, 2500, 2500, 1, 1877709
8000, 4000, 4000, 1, 3412583
10000, 5000, 5000, 1, 3548292
650, 325, 325, 1, 59292
1000, 500, 500, 1, 108042
2500, 1250, 1250, 1, 1698542
5000, 2500, 2500, 1, 1884916
8000, 4000, 4000, 1, 3396958
10000, 5000, 5000, 1, 3551375
650, 325, 325, 1, 59417
1000, 500, 500, 1, 108167
2500, 1250, 1250, 1, 1706125
5000, 2500, 2500, 1, 1884042
8000, 4000, 4000, 1, 3396458
10000, 5000, 5000, 1, 3628042
650, 325, 325, 1, 59459
1000, 500, 500, 1, 127208
2500, 1250, 1250, 1, 1699584
5000, 2500, 2500, 1, 1881209
8000, 4000, 4000, 1, 3400583
10000, 5000, 5000, 1, 3554750
650, 325, 325, 1, 59250
1000, 500, 500, 1, 110417
2500, 1250, 1250, 1, 1730292
5000, 2500, 2500, 1, 1885041
8000, 4000, 4000, 1, 3404416
10000, 5000, 5000, 1, 3556083
650, 325, 325, 1, 59666
1000, 500, 500, 1, 108250
2500, 1250, 1250, 1, 1705833
5000, 2500, 2500, 1, 1887916
8000, 4000, 4000, 1, 3404625
10000, 5000, 5000, 1, 3554042
650, 325, 325, 1, 59334
1000, 500, 500, 1, 108125
2500, 1250, 1250, 1, 1705959
5000, 2500, 2500, 1, 1888916
8000, 4000, 4000, 1, 3402916
10000, 5000, 5000, 1, 3581250
650, 325, 325, 1, 59416
1000, 500, 500, 1, 109458
2500, 1250, 1250, 1, 1700916
5000, 2500, 2500, 1, 1892125
8000, 4000, 4000, 1, 3412292
10000, 5000, 5000, 1, 3581834
650, 325, 325, 1, 59292
1000, 500, 500, 1, 108042
2500, 1250, 1250, 1, 1704416
5000, 2500, 2500, 1, 1888667
8000, 4000, 4000, 1, 3411750
10000, 5000, 5000, 1, 3597375
650, 325, 325, 1, 59250
1000, 500, 500, 1, 108334
2500, 1250, 1250, 1, 1712625
5000, 2500, 2500, 1, 1887084
8000, 4000, 4000, 1, 3466125
10000, 5000, 5000, 1, 3580125
650, 325, 325, 1, 59250
1000, 500, 500, 1, 108000
2500, 1250, 1250, 1, 1706667
5000, 2500, 2500, 1, 1927542
8000, 4000, 4000, 1, 3416041
10000, 5000, 5000, 1, 3560584
650, 325, 325, 1, 59667
1000, 500, 500, 1, 109209
2500, 1250, 1250, 1, 1707958
5000, 2500, 2500, 1, 2092125
8000, 4000, 4000, 1, 3528666
10000, 5000, 5000, 1, 3673541
650, 325, 325, 1, 64458
1000, 500, 500, 1, 147083
2500, 1250, 1250, 1, 1831042
5000, 2500, 2500, 1, 1889291
8000, 4000, 4000, 1, 3417458
10000, 5000, 5000, 1, 3578708
650, 325, 325, 1, 59708
1000, 500, 500, 1, 108500
2500, 1250, 1250, 1, 1721250
5000, 2500, 2500, 1, 1893875
8000, 4000, 4000, 1, 3487792
10000, 5000, 5000, 1, 3649500
650, 325, 325, 1, 59500
1000, 500, 500, 1, 108583
2500, 1250, 1250, 1, 1711875
5000, 2500, 2500, 1, 1911583
8000, 4000, 4000, 1, 3421875
10000, 5000, 5000, 1, 3570334
650, 325, 325, 1, 59333
1000, 500, 500, 1, 108167
2500, 1250, 1250, 1, 1710458
5000, 2500, 2500, 1, 1892791
8000, 4000, 4000, 1, 3423833
10000, 5000, 5000, 1, 3592459
650, 325, 325, 1, 59708
1000, 500, 500, 1, 108625
2500, 1250, 1250, 1, 1714125
5000, 2500, 2500, 1, 1914583
8000, 4000, 4000, 1, 3429334
10000, 5000, 5000, 1, 3641834
650, 325, 325, 1, 63166
1000, 500, 500, 1, 108417
2500, 1250, 1250, 1, 1714500
5000, 2500, 2500, 1, 1913917
8000, 4000, 4000, 1, 3491917
10000, 5000, 5000, 1, 3582833
650, 325, 325, 1, 59416
1000, 500, 500, 1, 108333
2500, 1250, 1250, 1, 1714250
5000, 2500, 2500, 1, 1896917
8000, 4000, 4000, 1, 3451209
10000, 5000, 5000, 1, 3582625
650, 325, 325, 1, 59458
1000, 500, 500, 1, 110958
2500, 1250, 1250, 1, 1716500
5000, 2500, 2500, 1, 1899750
8000, 4000, 4000, 1, 3435666
10000, 5000, 5000, 1, 3587208
650, 325, 325, 1, 59334
1000, 500, 500, 1, 108584
2500, 1250, 1250, 1, 1720125
5000, 2500, 2500, 1, 1898667
8000, 4000, 4000, 1, 3465584
10000, 5000, 5000, 1, 3586458
650, 325, 325, 1, 59375
1000, 500, 500, 1, 108584
2500, 1250, 1250, 1, 1721375
5000, 2500, 2500, 1, 1899292
8000, 4000, 4000, 1, 3437792
10000, 5000, 5000, 1, 3622709
650, 325, 325, 1, 63708
1000, 500, 500, 1, 108750
2500, 1250, 1250, 1, 1719458
5000, 2500, 2500, 1, 1932000
8000, 4000, 4000, 1, 3465542
10000, 5000, 5000, 1, 3588833
650, 325, 325, 1, 59667
1000, 500, 500, 1, 108500
2500, 1250, 1250, 1, 1718875
5000, 2500, 2500, 1, 1907041
8000, 4000, 4000, 1, 3434375
10000, 5000, 5000, 1, 3618500
650, 325, 325, 1, 59542
1000, 500, 500, 1, 108666
2500, 1250, 1250, 1, 1721208
5000, 2500, 2500, 1, 1905875
8000, 4000, 4000, 1, 3443208
10000, 5000, 5000, 1, 3628625
650, 325, 325, 1, 59833
1000, 500, 500, 1, 108667
2500, 1250, 1250, 1, 1719708
5000, 2500, 2500, 1, 1905000
8000, 4000, 4000, 1, 3437459
10000, 5000, 5000, 1, 3602125
650, 325, 325, 1, 59542
1000, 500, 500, 1, 108750
2500, 1250, 1250, 1, 1722292
5000, 2500, 2500, 1, 1902542
8000, 4000, 4000, 1, 3439541
10000, 5000, 5000, 1, 3593625
650, 325, 325, 1, 59542
1000, 500, 500, 1, 108666
2500, 1250, 1250, 1, 1724708
5000, 2500, 2500, 1, 1904209
8000, 4000, 4000, 1, 3499625
10000, 5000, 5000, 1, 3591167
650, 325, 325, 1, 61375
1000, 500, 500, 1, 108583
2500, 1250, 1250, 1, 1725208
5000, 2500, 2500, 1, 1904084
8000, 4000, 4000, 1, 3442875
10000, 5000, 5000, 1, 3596167
650, 325, 325, 1, 59500
1000, 500, 500, 1, 108791
2500, 1250, 1250, 1, 1726750
5000, 2500, 2500, 1, 1913292
8000, 4000, 4000, 1, 3444250
10000, 5000, 5000, 1, 3597334
650, 325, 325, 1, 59583
1000, 500, 500, 1, 108584
2500, 1250, 1250, 1, 1733292
5000, 2500, 2500, 1, 1904916
8000, 4000, 4000, 1, 3472459
10000, 5000, 5000, 1, 3600500
650, 325, 325, 1, 59625
1000, 500, 500, 1, 108708
2500, 1250, 1250, 1, 1744583
5000, 2500, 2500, 1, 1909125
8000, 4000, 4000, 1, 3448708
10000, 5000, 5000, 1, 3603167
650, 325, 325, 1, 59541
1000, 500, 500, 1, 108542
2500, 1250, 1250, 1, 1725792
5000, 2500, 2500, 1, 1906667
8000, 4000, 4000, 1, 3463875
10000, 5000, 5000, 1, 3605916
650, 325, 325, 1, 59625
1000, 500, 500, 1, 108959
2500, 1250, 1250, 1, 1731792
5000, 2500, 2500, 1, 1910875
8000, 4000, 4000, 1, 3452292
10000, 5000, 5000, 1, 3599916
650, 325, 325, 1, 61375
1000, 500, 500, 1, 109000
2500, 1250, 1250, 1, 1749834
5000, 2500, 2500, 1, 1924167
8000, 4000, 4000, 1, 3452542
10000, 5000, 5000, 1, 3687334
650, 325, 325, 1, 59792
1000, 500, 500, 1, 109625
2500, 1250, 1250, 1, 1740333
5000, 2500, 2500, 1, 1920958
8000, 4000, 4000, 1, 3465250
10000, 5000, 5000, 1, 3615250
650, 325, 325, 1, 59750
1000, 500, 500, 1, 108959
2500, 1250, 1250, 1, 1740833
5000, 2500, 2500, 1, 1917375
8000, 4000, 4000, 1, 3460792
10000, 5000, 5000, 1, 3616459
650, 325, 325, 1, 59667
1000, 500, 500, 1, 108875
2500, 1250, 1250, 1, 1735334
5000, 2500, 2500, 1, 1917209
8000, 4000, 4000, 1, 3464166
10000, 5000, 5000, 1, 3616750
650, 325, 325, 1, 59584
1000, 500, 500, 1, 108958
2500, 1250, 1250, 1, 1735958
5000, 2500, 2500, 1, 1918792
8000, 4000, 4000, 1, 3469334
10000, 5000, 5000, 1, 3631542
650, 325, 325, 1, 59583
1000, 500, 500, 1, 109000
2500, 1250, 1250, 1, 1734459
5000, 2500, 2500, 1, 1917500
8000, 4000, 4000, 1, 3465792
10000, 5000, 5000, 1, 3648292
650, 325, 325, 1, 59833
1000, 500, 500, 1, 108834
2500, 1250, 1250, 1, 1738583
5000, 2500, 2500, 1, 1917125
8000, 4000, 4000, 1, 3464667
10000, 5000, 5000, 1, 3616917
650, 325, 325, 1, 59625
1000, 500, 500, 1, 114083
2500, 1250, 1250, 1, 1734416
5000, 2500, 2500, 1, 1914333
8000, 4000, 4000, 1, 3466208
10000, 5000, 5000, 1, 3622416
650, 325, 325, 1, 59750
1000, 500, 500, 1, 109167
2500, 1250, 1250, 1, 1737792
5000, 2500, 2500, 1, 1918791
8000, 4000, 4000, 1, 3470459
10000, 5000, 5000, 1, 3642750
650, 325, 325, 1, 59958
1000, 500, 500, 1, 109375
2500, 1250, 1250, 1, 1736583
5000, 2500, 2500, 1, 1917166
8000, 4000, 4000, 1, 3467292
10000, 5000, 5000, 1, 3623500
650, 325, 325, 1, 59500
1000, 500, 500, 1, 109167
2500, 1250, 1250, 1, 1758416
5000, 2500, 2500, 1, 1920959
8000, 4000, 4000, 1, 3473833
10000, 5000, 5000, 1, 3638750
650, 325, 325, 1, 59708
1000, 500, 500, 1, 108958
2500, 1250, 1250, 1, 1742708
5000, 2500, 2500, 1, 1922417
8000, 4000, 4000, 1, 3475583
10000, 5000, 5000, 1, 3631208
650, 325, 325, 1, 62417
1000, 500, 500, 1, 109291
2500, 1250, 1250, 1, 1743625
5000, 2500, 2500, 1, 1923458
8000, 4000, 4000, 1, 3478208
10000, 5000, 5000, 1, 3629417
650, 325, 325, 1, 59666
1000, 500, 500, 1, 109292
2500, 1250, 1250, 1, 1741584
5000, 2500, 2500, 1, 1924084
8000, 4000, 4000, 1, 3483375
10000, 5000, 5000, 1, 3657209
650, 325, 325, 1, 59833
1000, 500, 500, 1, 110667
2500, 1250, 1250, 1, 1737709
5000, 2500, 2500, 1, 1921042
8000, 4000, 4000, 1, 3477958
10000, 5000, 5000, 1, 3630791
650, 325, 325, 1, 59875
1000, 500, 500, 1, 109250
2500, 1250, 1250, 1, 1745458
5000, 2500, 2500, 1, 1925875
8000, 4000, 4000, 1, 3492500
10000, 5000, 5000, 1, 3640584
650, 325, 325, 1, 59875
1000, 500, 500, 1, 109417
2500, 1250, 1250, 1, 1780833
5000, 2500, 2500, 1, 1928708
8000, 4000, 4000, 1, 3479958
10000, 5000, 5000, 1, 3636000
650, 325, 325, 1, 59750
1000, 500, 500, 1, 109291
2500, 1250, 1250, 1, 1746917
5000, 2500, 2500, 1, 1925333
8000, 4000, 4000, 1, 3481000
10000, 5000, 5000, 1, 3632375
650, 325, 325, 1, 63833
1000, 500, 500, 1, 109458
2500, 1250, 1250, 1, 1746291
5000, 2500, 2500, 1, 1926042
8000, 4000, 4000, 1, 3483250
10000, 5000, 5000, 1, 3638542
650, 325, 325, 1, 59833
1000, 500, 500, 1, 109334
2500, 1250, 1250, 1, 1744292
5000, 2500, 2500, 1, 1926792
8000, 4000, 4000, 1, 3485375
10000, 5000, 5000, 1, 3639041
650, 325, 325, 1, 59750
1000, 500, 500, 1, 109333
2500, 1250, 1250, 1, 1745458
5000, 2500, 2500, 1, 1943625
8000, 4000, 4000, 1, 3494875
10000, 5000, 5000, 1, 3681667
650, 325, 325, 1, 74625
1000, 500, 500, 1, 126041
2500, 1250, 1250, 1, 1752500
5000, 2500, 2500, 1, 1928583
8000, 4000, 4000, 1, 3541625
10000, 5000, 5000, 1, 3638750
650, 325, 325, 1, 60667
1000, 500, 500, 1, 109333
2500, 1250, 1250, 1, 1756208
5000, 2500, 2500, 1, 1950000
8000, 4000, 4000, 1, 3486625
10000, 5000, 5000, 1, 3639583
650, 325, 325, 1, 59750
1000, 500, 500, 1, 111375
2500, 1250, 1250, 1, 1748459
5000, 2500, 2500, 1, 1929834
8000, 4000, 4000, 1, 3488083
10000, 5000, 5000, 1, 3644834
650, 325, 325, 1, 59834
1000, 500, 500, 1, 109458
2500, 1250, 1250, 1, 1751750
5000, 2500, 2500, 1, 1933625
8000, 4000, 4000, 1, 3497125
10000, 5000, 5000, 1, 3648458
650, 325, 325, 1, 62625
1000, 500, 500, 1, 109542
2500, 1250, 1250, 1, 1750042
5000, 2500, 2500, 1, 1931541
8000, 4000, 4000, 1, 3498334
10000, 5000, 5000, 1, 3676000
650, 325, 325, 1, 59834
1000, 500, 500, 1, 109750
2500, 1250, 1250, 1, 1750750
5000, 2500, 2500, 1, 1936750
8000, 4000, 4000, 1, 3496375
10000, 5000, 5000, 1, 3648167
650, 325, 325, 1, 59833
1000, 500, 500, 1, 109458
2500, 1250, 1250, 1, 1783792
5000, 2500, 2500, 1, 1933458
8000, 4000, 4000, 1, 3501500
10000, 5000, 5000, 1, 3666625
650, 325, 325, 1, 59875
1000, 500, 500, 1, 109708
2500, 1250, 1250, 1, 1755500
5000, 2500, 2500, 1, 1970333
8000, 4000, 4000, 1, 3499750
10000, 5000, 5000, 1, 3656542
650, 325, 325, 1, 59834
1000, 500, 500, 1, 109666
2500, 1250, 1250, 1, 1756500
5000, 2500, 2500, 1, 1938500
8000, 4000, 4000, 1, 3506125
10000, 5000, 5000, 1, 3653792
650, 325, 325, 1, 59833
1000, 500, 500, 1, 109708
2500, 1250, 1250, 1, 1756292
5000, 2500, 2500, 1, 1940917
8000, 4000, 4000, 1, 3505292
10000, 5000, 5000, 1, 3682708
650, 325, 325, 1, 60000
1000, 500, 500, 1, 109750
2500, 1250, 1250, 1, 1782208
5000, 2500, 2500, 1, 1940542
8000, 4000, 4000, 1, 3531333
10000, 5000, 5000, 1, 3656791
650, 325, 325, 1, 63375
1000, 500, 500, 1, 109708
2500, 1250, 1250, 1, 1759167
5000, 2500, 2500, 1, 1940917
8000, 4000, 4000, 1, 3560000
10000, 5000, 5000, 1, 3697542
650, 325, 325, 1, 60667
1000, 500, 500, 1, 109792
2500, 1250, 1250, 1, 1775958
5000, 2500, 2500, 1, 1946166
8000, 4000, 4000, 1, 3518583
10000, 5000, 5000, 1, 3664208
650, 325, 325, 1, 60042
1000, 500, 500, 1, 113875
2500, 1250, 1250, 1, 1757541
5000, 2500, 2500, 1, 1944459
8000, 4000, 4000, 1, 3511833
10000, 5000, 5000, 1, 3668209
650, 325, 325, 1, 60042
1000, 500, 500, 1, 109625
2500, 1250, 1250, 1, 1763666
5000, 2500, 2500, 1, 1946708
8000, 4000, 4000, 1, 3516584
10000, 5000, 5000, 1, 3702500
650, 325, 325, 1, 59958
1000, 500, 500, 1, 109834
2500, 1250, 1250, 1, 1759625
5000, 2500, 2500, 1, 1945292
8000, 4000, 4000, 1, 3517083
10000, 5000, 5000, 1, 3664916
650, 325, 325, 1, 60042
1000, 500, 500, 1, 109792
2500, 1250, 1250, 1, 1760250
5000, 2500, 2500, 1, 1945791
8000, 4000, 4000, 1, 3516500
10000, 5000, 5000, 1, 3667583
650, 325, 325, 1, 60041
1000, 500, 500, 1, 109834
2500, 1250, 1250, 1, 1761583
5000, 2500, 2500, 1, 1948334
8000, 4000, 4000, 1, 3533042
10000, 5000, 5000, 1, 3668625
650, 325, 325, 1, 60000
1000, 500, 500, 1, 109833
2500, 1250, 1250, 1, 1764000
5000, 2500, 2500, 1, 1947333
8000, 4000, 4000, 1, 3535583
10000, 5000, 5000, 1, 3670292
650, 325, 325, 1, 60125
1000, 500, 500, 1, 109875
2500, 1250, 1250, 1, 1765208
5000, 2500, 2500, 1, 1948250
8000, 4000, 4000, 1, 3523416
10000, 5000, 5000, 1, 3674417
650, 325, 325, 1, 59916
1000, 500, 500, 1, 109792
2500, 1250, 1250, 1, 1763750
5000, 2500, 2500, 1, 1952708
8000, 4000, 4000, 1, 3522500
10000, 5000, 5000, 1, 3675792
650, 325, 325, 1, 59958
1000, 500, 500, 1, 109834
2500, 1250, 1250, 1, 1779791
5000, 2500, 2500, 1, 1983750
8000, 4000, 4000, 1, 3537125
10000, 5000, 5000, 1, 3685834
650, 325, 325, 1, 59958
1000, 500, 500, 1, 110042
2500, 1250, 1250, 1, 1785042
5000, 2500, 2500, 1, 1961792
8000, 4000, 4000, 1, 3526166
10000, 5000, 5000, 1, 3694750
650, 325, 325, 1, 60083
1000, 500, 500, 1, 110125
2500, 1250, 1250, 1, 1776958
5000, 2500, 2500, 1, 1951667
8000, 4000, 4000, 1, 3528167
10000, 5000, 5000, 1, 3704584
650, 325, 325, 1, 60208
1000, 500, 500, 1, 110209
2500, 1250, 1250, 1, 1770500
5000, 2500, 2500, 1, 1956458
8000, 4000, 4000, 1, 3540417
10000, 5000, 5000, 1, 3684708
650, 325, 325, 1, 60125
1000, 500, 500, 1, 112875
2500, 1250, 1250, 1, 1771167
5000, 2500, 2500, 1, 1953666
8000, 4000, 4000, 1, 3538875
10000, 5000, 5000, 1, 3684458
650, 325, 325, 1, 60084
1000, 500, 500, 1, 109916
2500, 1250, 1250, 1, 1771708
5000, 2500, 2500, 1, 1958625
8000, 4000, 4000, 1, 3536958
10000, 5000, 5000, 1, 3685208
650, 325, 325, 1, 62250
1000, 500, 500, 1, 113791
2500, 1250, 1250, 1, 1792250
5000, 2500, 2500, 1, 1956000
8000, 4000, 4000, 1, 3534583
10000, 5000, 5000, 1, 3687792
650, 325, 325, 1, 62917
1000, 500, 500, 1, 110042
2500, 1250, 1250, 1, 1773584
5000, 2500, 2500, 1, 1956583
8000, 4000, 4000, 1, 3575042
10000, 5000, 5000, 1, 3690958
650, 325, 325, 1, 63542
1000, 500, 500, 1, 110167
2500, 1250, 1250, 1, 1780584
5000, 2500, 2500, 1, 1957542
8000, 4000, 4000, 1, 3544000
10000, 5000, 5000, 1, 3696125
650, 325, 325, 1, 62083
1000, 500, 500, 1, 110292
2500, 1250, 1250, 1, 1775583
5000, 2500, 2500, 1, 1958292
8000, 4000, 4000, 1, 3538875
10000, 5000, 5000, 1, 3695958
650, 325, 325, 1, 60000
1000, 500, 500, 1, 112000
2500, 1250, 1250, 1, 1780958
5000, 2500, 2500, 1, 1963209
8000, 4000, 4000, 1, 3539542
10000, 5000, 5000, 1, 3697541
650, 325, 325, 1, 60500
1000, 500, 500, 1, 115875
2500, 1250, 1250, 1, 1783083
5000, 2500, 2500, 1, 1960166
8000, 4000, 4000, 1, 3576833
10000, 5000, 5000, 1, 3706416
650, 325, 325, 1, 60334
1000, 500, 500, 1, 114958
2500, 1250, 1250, 1, 1772750
5000, 2500, 2500, 1, 1960333
8000, 4000, 4000, 1, 3542750
10000, 5000, 5000, 1, 3743375
650, 325, 325, 1, 60291
1000, 500, 500, 1, 113209
2500, 1250, 1250, 1, 1776458
5000, 2500, 2500, 1, 1960917
8000, 4000, 4000, 1, 3549333
10000, 5000, 5000, 1, 3701875
650, 325, 325, 1, 60208
1000, 500, 500, 1, 110708
2500, 1250, 1250, 1, 1774792
5000, 2500, 2500, 1, 1964875
8000, 4000, 4000, 1, 3550250
10000, 5000, 5000, 1, 3703917
650, 325, 325, 1, 60125
1000, 500, 500, 1, 114625
2500, 1250, 1250, 1, 1778583
5000, 2500, 2500, 1, 1965000
8000, 4000, 4000, 1, 3552333
10000, 5000, 5000, 1, 3707917
650, 325, 325, 1, 60209
1000, 500, 500, 1, 110417
2500, 1250, 1250, 1, 1785375
5000, 2500, 2500, 1, 1966792
8000, 4000, 4000, 1, 3554042
10000, 5000, 5000, 1, 3710125
650, 325, 325, 1, 60291
1000, 500, 500, 1, 110541
2500, 1250, 1250, 1, 1785750
5000, 2500, 2500, 1, 1965250
8000, 4000, 4000, 1, 3556666
10000, 5000, 5000, 1, 3715417
650, 325, 325, 1, 60209
1000, 500, 500, 1, 110458
2500, 1250, 1250, 1, 1786834
5000, 2500, 2500, 1, 1968667
8000, 4000, 4000, 1, 3594667
10000, 5000, 5000, 1, 3711958
650, 325, 325, 1, 60209
1000, 500, 500, 1, 110375
2500, 1250, 1250, 1, 1792125
5000, 2500, 2500, 1, 1971375
8000, 4000, 4000, 1, 3566792
10000, 5000, 5000, 1, 3715959
650, 325, 325, 1, 60333
1000, 500, 500, 1, 110541
2500, 1250, 1250, 1, 1786208
5000, 2500, 2500, 1, 1968000
8000, 4000, 4000, 1, 3596500
10000, 5000, 5000, 1, 3716083
650, 325, 325, 1, 60375
1000, 500, 500, 1, 110542
2500, 1250, 1250, 1, 1786167
5000, 2500, 2500, 1, 1972250
8000, 4000, 4000, 1, 3563250
10000, 5000, 5000, 1, 3718583
650, 325, 325, 1, 60334
1000, 500, 500, 1, 110708
2500, 1250, 1250, 1, 1787333
5000, 2500, 2500, 1, 1974459
8000, 4000, 4000, 1, 3565959
10000, 5000, 5000, 1, 3722000
650, 325, 325, 1, 60167
1000, 500, 500, 1, 110625
2500, 1250, 1250, 1, 1809250
5000, 2500, 2500, 1, 1971334
8000, 4000, 4000, 1, 3566750
10000, 5000, 5000, 1, 3737917
650, 325, 325, 1, 60541
1000, 500, 500, 1, 110541
2500, 1250, 1250, 1, 1788833
5000, 2500, 2500, 1, 1972125
8000, 4000, 4000, 1, 3567875
10000, 5000, 5000, 1, 3725000
650, 325, 325, 1, 60500
1000, 500, 500, 1, 110750
2500, 1250, 1250, 1, 1789875
5000, 2500, 2500, 1, 1975334
8000, 4000, 4000, 1, 3575500
10000, 5000, 5000, 1, 3722167
650, 325, 325, 1, 60292
1000, 500, 500, 1, 110792
2500, 1250, 1250, 1, 1793625
5000, 2500, 2500, 1, 1974209
8000, 4000, 4000, 1, 3601750
10000, 5000, 5000, 1, 3723667
650, 325, 325, 1, 60375
1000, 500, 500, 1, 113334
2500, 1250, 1250, 1, 1793625
5000, 2500, 2500, 1, 1977000
8000, 4000, 4000, 1, 3570583
10000, 5000, 5000, 1, 3725833
650, 325, 325, 1, 60292
1000, 500, 500, 1, 110792
2500, 1250, 1250, 1, 1797084
5000, 2500, 2500, 1, 1978167
8000, 4000, 4000, 1, 3574667
10000, 5000, 5000, 1, 3755833
650, 325, 325, 1, 61208
1000, 500, 500, 1, 111166
2500, 1250, 1250, 1, 1789000
5000, 2500, 2500, 1, 1984375
8000, 4000, 4000, 1, 3582583
10000, 5000, 5000, 1, 3739500
650, 325, 325, 1, 60333
1000, 500, 500, 1, 112041
2500, 1250, 1250, 1, 1789166
5000, 2500, 2500, 1, 1974375
8000, 4000, 4000, 1, 3570708
10000, 5000, 5000, 1, 3728542
650, 325, 325, 1, 60459
1000, 500, 500, 1, 112667
2500, 1250, 1250, 1, 1801875
5000, 2500, 2500, 1, 1978041
8000, 4000, 4000, 1, 3592416
10000, 5000, 5000, 1, 3730916
650, 325, 325, 1, 60250
1000, 500, 500, 1, 114125
2500, 1250, 1250, 1, 1818584
5000, 2500, 2500, 1, 1993667
8000, 4000, 4000, 1, 3580750
10000, 5000, 5000, 1, 3733000
650, 325, 325, 1, 64000
1000, 500, 500, 1, 110792
2500, 1250, 1250, 1, 1796917
5000, 2500, 2500, 1, 1983750
8000, 4000, 4000, 1, 3594250
10000, 5000, 5000, 1, 3738792
650, 325, 325, 1, 60333
1000, 500, 500, 1, 113625
2500, 1250, 1250, 1, 1820875
5000, 2500, 2500, 1, 1983541
8000, 4000, 4000, 1, 3585167
10000, 5000, 5000, 1, 3737833
650, 325, 325, 1, 60292
1000, 500, 500, 1, 110666
2500, 1250, 1250, 1, 1798958
5000, 2500, 2500, 1, 1981542
8000, 4000, 4000, 1, 3616292
10000, 5000, 5000, 1, 3785167
650, 325, 325, 1, 60459
1000, 500, 500, 1, 110916
2500, 1250, 1250, 1, 1802250
5000, 2500, 2500, 1, 1982708
8000, 4000, 4000, 1, 3592875
10000, 5000, 5000, 1, 3769791
650, 325, 325, 1, 60375
1000, 500, 500, 1, 111000
2500, 1250, 1250, 1, 1802542
5000, 2500, 2500, 1, 1986458
8000, 4000, 4000, 1, 3666917
10000, 5000, 5000, 1, 3759041
650, 325, 325, 1, 60583
1000, 500, 500, 1, 113750
2500, 1250, 1250, 1, 1798959
5000, 2500, 2500, 1, 1979042
8000, 4000, 4000, 1, 3785542
10000, 5000, 5000, 1, 3809917
650, 325, 325, 1, 60459
1000, 500, 500, 1, 110958
2500, 1250, 1250, 1, 1803875
5000, 2500, 2500, 1, 2022000
8000, 4000, 4000, 1, 3602417
10000, 5000, 5000, 1, 3760042
650, 325, 325, 1, 60459
1000, 500, 500, 1, 116250
2500, 1250, 1250, 1, 1827875
5000, 2500, 2500, 1, 1988834
8000, 4000, 4000, 1, 3623000
10000, 5000, 5000, 1, 3803042
650, 325, 325, 1, 60334
1000, 500, 500, 1, 111084
2500, 1250, 1250, 1, 1811000
5000, 2500, 2500, 1, 1990500
8000, 4000, 4000, 1, 3597625
10000, 5000, 5000, 1, 3761792
650, 325, 325, 1, 60584
1000, 500, 500, 1, 110958
2500, 1250, 1250, 1, 1807000
5000, 2500, 2500, 1, 1991000
8000, 4000, 4000, 1, 3605250
10000, 5000, 5000, 1, 3765125
650, 325, 325, 1, 60667
1000, 500, 500, 1, 113291
2500, 1250, 1250, 1, 1807500
5000, 2500, 2500, 1, 1991250
8000, 4000, 4000, 1, 3607334
10000, 5000, 5000, 1, 3755333
650, 325, 325, 1, 60542
1000, 500, 500, 1, 111166
2500, 1250, 1250, 1, 1806791
5000, 2500, 2500, 1, 2039084
8000, 4000, 4000, 1, 3597958
10000, 5000, 5000, 1, 3757417
650, 325, 325, 1, 60375
1000, 500, 500, 1, 112541
2500, 1250, 1250, 1, 1805958
5000, 2500, 2500, 1, 2003209
8000, 4000, 4000, 1, 3602459
10000, 5000, 5000, 1, 3780208
650, 325, 325, 1, 60792
1000, 500, 500, 1, 111250
2500, 1250, 1250, 1, 1808750
5000, 2500, 2500, 1, 1994291
8000, 4000, 4000, 1, 3617333
10000, 5000, 5000, 1, 3759125
650, 325, 325, 1, 62167
1000, 500, 500, 1, 111208
2500, 1250, 1250, 1, 1814208
5000, 2500, 2500, 1, 1992500
8000, 4000, 4000, 1, 3613250
10000, 5000, 5000, 1, 3760166
650, 325, 325, 1, 60458
1000, 500, 500, 1, 111333
2500, 1250, 1250, 1, 1810208
5000, 2500, 2500, 1, 1993375
8000, 4000, 4000, 1, 3617209
10000, 5000, 5000, 1, 3762000
650, 325, 325, 1, 60500
1000, 500, 500, 1, 111250
2500, 1250, 1250, 1, 1838250
5000, 2500, 2500, 1, 1995458
8000, 4000, 4000, 1, 3620625
10000, 5000, 5000, 1, 3763292
650, 325, 325, 1, 62916
1000, 500, 500, 1, 111208
2500, 1250, 1250, 1, 1814625
5000, 2500, 2500, 1, 1994792
8000, 4000, 4000, 1, 3612833
10000, 5000, 5000, 1, 3768791
650, 325, 325, 1, 60833
1000, 500, 500, 1, 111209
2500, 1250, 1250, 1, 1823708
5000, 2500, 2500, 1, 1996208
8000, 4000, 4000, 1, 3616708
10000, 5000, 5000, 1, 3772584
650, 325, 325, 1, 60500
1000, 500, 500, 1, 111500
2500, 1250, 1250, 1, 1814292
5000, 2500, 2500, 1, 1999667
8000, 4000, 4000, 1, 3620375
10000, 5000, 5000, 1, 3768667
650, 325, 325, 1, 60667
1000, 500, 500, 1, 114041
2500, 1250, 1250, 1, 1829292
5000, 2500, 2500, 1, 2000708
8000, 4000, 4000, 1, 3617625
10000, 5000, 5000, 1, 3770666
650, 325, 325, 1, 65500
1000, 500, 500, 1, 111292
2500, 1250, 1250, 1, 1834666
5000, 2500, 2500, 1, 1998708
8000, 4000, 4000, 1, 3625333
10000, 5000, 5000, 1, 3811292
650, 325, 325, 1, 60916
1000, 500, 500, 1, 111541
2500, 1250, 1250, 1, 1819959
5000, 2500, 2500, 1, 2000291
8000, 4000, 4000, 1, 3620667
10000, 5000, 5000, 1, 3777541
650, 325, 325, 1, 60583
1000, 500, 500, 1, 111417
2500, 1250, 1250, 1, 1824959
5000, 2500, 2500, 1, 2008666
8000, 4000, 4000, 1, 3686542
10000, 5000, 5000, 1, 3799542
650, 325, 325, 1, 60709
1000, 500, 500, 1, 111958
2500, 1250, 1250, 1, 1821625
5000, 2500, 2500, 1, 2002042
8000, 4000, 4000, 1, 3631875
10000, 5000, 5000, 1, 3782083
650, 325, 325, 1, 60583
1000, 500, 500, 1, 111417
2500, 1250, 1250, 1, 1819084
5000, 2500, 2500, 1, 2016458
8000, 4000, 4000, 1, 3634250
10000, 5000, 5000, 1, 3787458
650, 325, 325, 1, 60833
1000, 500, 500, 1, 111542
2500, 1250, 1250, 1, 1832500
5000, 2500, 2500, 1, 2003791
8000, 4000, 4000, 1, 3633666
10000, 5000, 5000, 1, 3800708
650, 325, 325, 1, 60667
1000, 500, 500, 1, 111584
2500, 1250, 1250, 1, 1828583
5000, 2500, 2500, 1, 2007166
8000, 4000, 4000, 1, 3631542
10000, 5000, 5000, 1, 3797667
650, 325, 325, 1, 60875
1000, 500, 500, 1, 111750
2500, 1250, 1250, 1, 1824666
5000, 2500, 2500, 1, 2008709
8000, 4000, 4000, 1, 3637375
10000, 5000, 5000, 1, 3795292
650, 325, 325, 1, 60583
1000, 500, 500, 1, 111708
2500, 1250, 1250, 1, 1822792
5000, 2500, 2500, 1, 2033708
8000, 4000, 4000, 1, 3633083
10000, 5000, 5000, 1, 3786042
650, 325, 325, 1, 60625
1000, 500, 500, 1, 111500
2500, 1250, 1250, 1, 1826542
5000, 2500, 2500, 1, 2012916
8000, 4000, 4000, 1, 3659125
10000, 5000, 5000, 1, 3789375
650, 325, 325, 1, 60792
1000, 500, 500, 1, 111583
2500, 1250, 1250, 1, 1827500
5000, 2500, 2500, 1, 2007875
8000, 4000, 4000, 1, 3668000
10000, 5000, 5000, 1, 3790042
650, 325, 325, 1, 60667
1000, 500, 500, 1, 111833
2500, 1250, 1250, 1, 1822584
5000, 2500, 2500, 1, 2011584
8000, 4000, 4000, 1, 3635416
10000, 5000, 5000, 1, 3791375
650, 325, 325, 1, 60750
1000, 500, 500, 1, 113875
2500, 1250, 1250, 1, 1829084
5000, 2500, 2500, 1, 2009792
8000, 4000, 4000, 1, 3645333
10000, 5000, 5000, 1, 3792125
650, 325, 325, 1, 60750
1000, 500, 500, 1, 111583
2500, 1250, 1250, 1, 1830167
5000, 2500, 2500, 1, 2013667
8000, 4000, 4000, 1, 3643417
10000, 5000, 5000, 1, 3797792
650, 325, 325, 1, 60709
1000, 500, 500, 1, 111625
2500, 1250, 1250, 1, 1828542
5000, 2500, 2500, 1, 2011458
8000, 4000, 4000, 1, 3648083
10000, 5000, 5000, 1, 3797084
650, 325, 325, 1, 63042
1000, 500, 500, 1, 111708
2500, 1250, 1250, 1, 1850625
5000, 2500, 2500, 1, 2012625
8000, 4000, 4000, 1, 3677459
10000, 5000, 5000, 1, 3800292
650, 325, 325, 1, 61000
1000, 500, 500, 1, 111625
2500, 1250, 1250, 1, 1833292
5000, 2500, 2500, 1, 2018583
8000, 4000, 4000, 1, 3647709
10000, 5000, 5000, 1, 3799875
650, 325, 325, 1, 60833
1000, 500, 500, 1, 112083
2500, 1250, 1250, 1, 1844750
5000, 2500, 2500, 1, 2017291
8000, 4000, 4000, 1, 3648500
10000, 5000, 5000, 1, 3801500
650, 325, 325, 1, 60666
1000, 500, 500, 1, 111792
2500, 1250, 1250, 1, 1849875
5000, 2500, 2500, 1, 2019375
8000, 4000, 4000, 1, 3644667
10000, 5000, 5000, 1, 3827708
650, 325, 325, 1, 60791
1000, 500, 500, 1, 113208
2500, 1250, 1250, 1, 1855917
5000, 2500, 2500, 1, 2014375
8000, 4000, 4000, 1, 3643666
10000, 5000, 5000, 1, 3831583
650, 325, 325, 1, 62542
1000, 500, 500, 1, 115458
2500, 1250, 1250, 1, 1831000
5000, 2500, 2500, 1, 2027500
8000, 4000, 4000, 1, 3651541
10000, 5000, 5000, 1, 3838000
650, 325, 325, 1, 60833
1000, 500, 500, 1, 111917
2500, 1250, 1250, 1, 1851875
5000, 2500, 2500, 1, 2016167
8000, 4000, 4000, 1, 3650042
10000, 5000, 5000, 1, 3810458
650, 325, 325, 1, 60875
1000, 500, 500, 1, 114792
2500, 1250, 1250, 1, 1835750
5000, 2500, 2500, 1, 2022833
8000, 4000, 4000, 1, 3650875
10000, 5000, 5000, 1, 3806583
650, 325, 325, 1, 60792
1000, 500, 500, 1, 112125
2500, 1250, 1250, 1, 1836708
5000, 2500, 2500, 1, 2017667
8000, 4000, 4000, 1, 3656500
10000, 5000, 5000, 1, 3807083
650, 325, 325, 1, 60958
1000, 500, 500, 1, 112167
2500, 1250, 1250, 1, 1848875
5000, 2500, 2500, 1, 2018416
8000, 4000, 4000, 1, 3660208
10000, 5000, 5000, 1, 3846667
650, 325, 325, 1, 60708
1000, 500, 500, 1, 112083
2500, 1250, 1250, 1, 1864583
5000, 2500, 2500, 1, 2021667
8000, 4000, 4000, 1, 3656500
10000, 5000, 5000, 1, 3808916
650, 325, 325, 1, 62875
1000, 500, 500, 1, 112042
2500, 1250, 1250, 1, 1838208
5000, 2500, 2500, 1, 2030208
8000, 4000, 4000, 1, 3658167
10000, 5000, 5000, 1, 3950458
650, 325, 325, 1, 60958
1000, 500, 500, 1, 112083
2500, 1250, 1250, 1, 1834792
5000, 2500, 2500, 1, 2022500
8000, 4000, 4000, 1, 3838416
10000, 5000, 5000, 1, 3845125
650, 325, 325, 1, 60958
1000, 500, 500, 1, 112083
2500, 1250, 1250, 1, 1849667
5000, 2500, 2500, 1, 2032209
8000, 4000, 4000, 1, 3672917
10000, 5000, 5000, 1, 3820084
650, 325, 325, 1, 63458
1000, 500, 500, 1, 112084
2500, 1250, 1250, 1, 1864250
5000, 2500, 2500, 1, 2025708
8000, 4000, 4000, 1, 3713250
10000, 5000, 5000, 1, 3837208
650, 325, 325, 1, 60875
1000, 500, 500, 1, 112083
2500, 1250, 1250, 1, 1906667
5000, 2500, 2500, 1, 2029417
8000, 4000, 4000, 1, 3663667
10000, 5000, 5000, 1, 3844334
650, 325, 325, 1, 61667
1000, 500, 500, 1, 111958
2500, 1250, 1250, 1, 1852500
5000, 2500, 2500, 1, 2024667
8000, 4000, 4000, 1, 3667958
10000, 5000, 5000, 1, 3820958
650, 325, 325, 1, 61042
1000, 500, 500, 1, 112250
2500, 1250, 1250, 1, 1845750
5000, 2500, 2500, 1, 2028667
8000, 4000, 4000, 1, 3674542
10000, 5000, 5000, 1, 3822500
650, 325, 325, 1, 61125
1000, 500, 500, 1, 112417
2500, 1250, 1250, 1, 1853250
5000, 2500, 2500, 1, 2031208
8000, 4000, 4000, 1, 3669958
10000, 5000, 5000, 1, 3823958
650, 325, 325, 1, 60959
1000, 500, 500, 1, 112292
2500, 1250, 1250, 1, 1849125
5000, 2500, 2500, 1, 2033875
8000, 4000, 4000, 1, 3689541
10000, 5000, 5000, 1, 3831125
650, 325, 325, 1, 61166
1000, 500, 500, 1, 112250
2500, 1250, 1250, 1, 1870875
5000, 2500, 2500, 1, 2031500
8000, 4000, 4000, 1, 3695333
10000, 5000, 5000, 1, 3836125
650, 325, 325, 1, 61042
1000, 500, 500, 1, 116208
2500, 1250, 1250, 1, 1844416
5000, 2500, 2500, 1, 2031541
8000, 4000, 4000, 1, 3676416
10000, 5000, 5000, 1, 3830833
650, 325, 325, 1, 61083
1000, 500, 500, 1, 112416
2500, 1250, 1250, 1, 1851625
5000, 2500, 2500, 1, 2032917
8000, 4000, 4000, 1, 3682416
10000, 5000, 5000, 1, 3835416
650, 325, 325, 1, 60959
1000, 500, 500, 1, 112500
2500, 1250, 1250, 1, 1850125
5000, 2500, 2500, 1, 2034458
8000, 4000, 4000, 1, 3682750
10000, 5000, 5000, 1, 3836792
650, 325, 325, 1, 60917
1000, 500, 500, 1, 112250
2500, 1250, 1250, 1, 1851916
5000, 2500, 2500, 1, 2037583
8000, 4000, 4000, 1, 3715583
10000, 5000, 5000, 1, 3843375
650, 325, 325, 1, 61000
1000, 500, 500, 1, 112375
2500, 1250, 1250, 1, 1851625
5000, 2500, 2500, 1, 2038125
8000, 4000, 4000, 1, 3701875
10000, 5000, 5000, 1, 3842666
650, 325, 325, 1, 61000
1000, 500, 500, 1, 112292
2500, 1250, 1250, 1, 1851000
5000, 2500, 2500, 1, 2041291
8000, 4000, 4000, 1, 3682291
10000, 5000, 5000, 1, 3843292
650, 325, 325, 1, 64875
1000, 500, 500, 1, 112333
2500, 1250, 1250, 1, 1857917
5000, 2500, 2500, 1, 2037667
8000, 4000, 4000, 1, 3689875
10000, 5000, 5000, 1, 3844667
650, 325, 325, 1, 61209
1000, 500, 500, 1, 112417
2500, 1250, 1250, 1, 1854542
5000, 2500, 2500, 1, 2038458
8000, 4000, 4000, 1, 3714500
10000, 5000, 5000, 1, 3848167
650, 325, 325, 1, 61208
1000, 500, 500, 1, 112584
2500, 1250, 1250, 1, 1855333
5000, 2500, 2500, 1, 2062291
8000, 4000, 4000, 1, 3700584
10000, 5000, 5000, 1, 3847334
650, 325, 325, 1, 61125
1000, 500, 500, 1, 115375
2500, 1250, 1250, 1, 1866125
5000, 2500, 2500, 1, 2047042
8000, 4000, 4000, 1, 3715209
10000, 5000, 5000, 1, 3850958
650, 325, 325, 1, 63333
1000, 500, 500, 1, 112542
2500, 1250, 1250, 1, 1873584
5000, 2500, 2500, 1, 2090958
8000, 4000, 4000, 1, 3691625
10000, 5000, 5000, 1, 3847042
650, 325, 325, 1, 61167
1000, 500, 500, 1, 112583
2500, 1250, 1250, 1, 1862375
5000, 2500, 2500, 1, 2040208
8000, 4000, 4000, 1, 3696792
10000, 5000, 5000, 1, 3856667
650, 325, 325, 1, 61292
1000, 500, 500, 1, 112667
2500, 1250, 1250, 1, 1856458
5000, 2500, 2500, 1, 2040167
8000, 4000, 4000, 1, 3697791
10000, 5000, 5000, 1, 3876792
650, 325, 325, 1, 61209
1000, 500, 500, 1, 112709
2500, 1250, 1250, 1, 1875375
5000, 2500, 2500, 1, 2043750
8000, 4000, 4000, 1, 3719667
10000, 5000, 5000, 1, 3859917
650, 325, 325, 1, 61250
1000, 500, 500, 1, 112625
2500, 1250, 1250, 1, 1861125
5000, 2500, 2500, 1, 2045500
8000, 4000, 4000, 1, 3699250
10000, 5000, 5000, 1, 3888834
650, 325, 325, 1, 61125
1000, 500, 500, 1, 113625
2500, 1250, 1250, 1, 1859750
5000, 2500, 2500, 1, 2043500
8000, 4000, 4000, 1, 3713667
10000, 5000, 5000, 1, 3870416
650, 325, 325, 1, 61250
1000, 500, 500, 1, 112834
2500, 1250, 1250, 1, 1859583
5000, 2500, 2500, 1, 2064458
8000, 4000, 4000, 1, 3704083
10000, 5000, 5000, 1, 3855458
650, 325, 325, 1, 61250
1000, 500, 500, 1, 112791
2500, 1250, 1250, 1, 1867042
5000, 2500, 2500, 1, 2045458
8000, 4000, 4000, 1, 3707083
10000, 5000, 5000, 1, 3858333
650, 325, 325, 1, 61041
1000, 500, 500, 1, 113000
2500, 1250, 1250, 1, 1866125
5000, 2500, 2500, 1, 2048709
8000, 4000, 4000, 1, 3705667
10000, 5000, 5000, 1, 3862250
650, 325, 325, 1, 61250
1000, 500, 500, 1, 112750
2500, 1250, 1250, 1, 1890916
5000, 2500, 2500, 1, 2047709
8000, 4000, 4000, 1, 3715167
10000, 5000, 5000, 1, 3866417
650, 325, 325, 1, 61209
1000, 500, 500, 1, 112750
2500, 1250, 1250, 1, 1900042
5000, 2500, 2500, 1, 2049042
8000, 4000, 4000, 1, 3715500
10000, 5000, 5000, 1, 3862250
650, 325, 325, 1, 61208
1000, 500, 500, 1, 112792
2500, 1250, 1250, 1, 1881083
5000, 2500, 2500, 1, 2048417
8000, 4000, 4000, 1, 3718500
10000, 5000, 5000, 1, 3879625
650, 325, 325, 1, 61667
1000, 500, 500, 1, 112875
2500, 1250, 1250, 1, 1868083
5000, 2500, 2500, 1, 2052042
8000, 4000, 4000, 1, 3717125
10000, 5000, 5000, 1, 3871500
650, 325, 325, 1, 61208
1000, 500, 500, 1, 113042
2500, 1250, 1250, 1, 1870958
5000, 2500, 2500, 1, 2056125
8000, 4000, 4000, 1, 3717833
10000, 5000, 5000, 1, 3906041
650, 325, 325, 1, 65167
1000, 500, 500, 1, 113042
2500, 1250, 1250, 1, 1866875
5000, 2500, 2500, 1, 2052000
8000, 4000, 4000, 1, 3728500
10000, 5000, 5000, 1, 3874917
650, 325, 325, 1, 61292
1000, 500, 500, 1, 112958
2500, 1250, 1250, 1, 1868000
5000, 2500, 2500, 1, 2069500
8000, 4000, 4000, 1, 3718125
10000, 5000, 5000, 1, 3870708
650, 325, 325, 1, 61583
1000, 500, 500, 1, 113209
2500, 1250, 1250, 1, 1870250
5000, 2500, 2500, 1, 2054292
8000, 4000, 4000, 1, 3720417
10000, 5000, 5000, 1, 3885667
650, 325, 325, 1, 61291
1000, 500, 500, 1, 113208
2500, 1250, 1250, 1, 1870542
5000, 2500, 2500, 1, 2054875
8000, 4000, 4000, 1, 3719750
10000, 5000, 5000, 1, 3876042
650, 325, 325, 1, 62792
1000, 500, 500, 1, 113167
2500, 1250, 1250, 1, 1871125
5000, 2500, 2500, 1, 2055125
8000, 4000, 4000, 1, 3731125
10000, 5000, 5000, 1, 3876625
650, 325, 325, 1, 61416
1000, 500, 500, 1, 113125
2500, 1250, 1250, 1, 1872250
5000, 2500, 2500, 1, 2057750
8000, 4000, 4000, 1, 3724959
10000, 5000, 5000, 1, 3879167
650, 325, 325, 1, 61709
1000, 500, 500, 1, 113125
2500, 1250, 1250, 1, 1875125
5000, 2500, 2500, 1, 2057959
8000, 4000, 4000, 1, 3734417
10000, 5000, 5000, 1, 3882875
650, 325, 325, 1, 63583
1000, 500, 500, 1, 113209
2500, 1250, 1250, 1, 1873417
5000, 2500, 2500, 1, 2060375
8000, 4000, 4000, 1, 3724458
10000, 5000, 5000, 1, 3887208
650, 325, 325, 1, 61333
1000, 500, 500, 1, 113208
2500, 1250, 1250, 1, 1876417
5000, 2500, 2500, 1, 2060041
8000, 4000, 4000, 1, 3743459
10000, 5000, 5000, 1, 3884542
650, 325, 325, 1, 61458
1000, 500, 500, 1, 113250
2500, 1250, 1250, 1, 1876709
5000, 2500, 2500, 1, 2060500
8000, 4000, 4000, 1, 3732166
10000, 5000, 5000, 1, 3885375
650, 325, 325, 1, 61333
1000, 500, 500, 1, 113333
2500, 1250, 1250, 1, 1876292
5000, 2500, 2500, 1, 2061625
8000, 4000, 4000, 1, 3734042
10000, 5000, 5000, 1, 3888167
650, 325, 325, 1, 61459
1000, 500, 500, 1, 113042
2500, 1250, 1250, 1, 1876083
5000, 2500, 2500, 1, 2062792
8000, 4000, 4000, 1, 3734541
10000, 5000, 5000, 1, 3892833
650, 325, 325, 1, 61250
1000, 500, 500, 1, 113250
2500, 1250, 1250, 1, 1878291
5000, 2500, 2500, 1, 2072625
8000, 4000, 4000, 1, 3735833
10000, 5000, 5000, 1, 3892334
650, 325, 325, 1, 61375
1000, 500, 500, 1, 113250
2500, 1250, 1250, 1, 1879667
5000, 2500, 2500, 1, 2065334
8000, 4000, 4000, 1, 3741208
10000, 5000, 5000, 1, 3892875
650, 325, 325, 1, 61416
1000, 500, 500, 1, 113542
2500, 1250, 1250, 1, 1879750
5000, 2500, 2500, 1, 2068250
8000, 4000, 4000, 1, 3739375
10000, 5000, 5000, 1, 3892875
650, 325, 325, 1, 68209
1000, 500, 500, 1, 113250
2500, 1250, 1250, 1, 1881917
5000, 2500, 2500, 1, 2066250
8000, 4000, 4000, 1, 3740583
10000, 5000, 5000, 1, 3896375
650, 325, 325, 1, 61375
1000, 500, 500, 1, 113333
2500, 1250, 1250, 1, 1896833
5000, 2500, 2500, 1, 2069708
8000, 4000, 4000, 1, 3744709
10000, 5000, 5000, 1, 3898042
650, 325, 325, 1, 62167
1000, 500, 500, 1, 113417
2500, 1250, 1250, 1, 1897417
5000, 2500, 2500, 1, 2068958
8000, 4000, 4000, 1, 3744209
10000, 5000, 5000, 1, 3898667
650, 325, 325, 1, 61417
1000, 500, 500, 1, 113417
2500, 1250, 1250, 1, 1881959
5000, 2500, 2500, 1, 2071792
8000, 4000, 4000, 1, 3752083
10000, 5000, 5000, 1, 3912625
650, 325, 325, 1, 61417
1000, 500, 500, 1, 113500
2500, 1250, 1250, 1, 1884709
5000, 2500, 2500, 1, 2069208
8000, 4000, 4000, 1, 3760084
10000, 5000, 5000, 1, 3901458
650, 325, 325, 1, 61542
1000, 500, 500, 1, 113417
2500, 1250, 1250, 1, 1885459
5000, 2500, 2500, 1, 2071500
8000, 4000, 4000, 1, 3749541
10000, 5000, 5000, 1, 3902666
650, 325, 325, 1, 61500
1000, 500, 500, 1, 113458
2500, 1250, 1250, 1, 1894917
5000, 2500, 2500, 1, 2070292
8000, 4000, 4000, 1, 3750542
10000, 5000, 5000, 1, 3951250
650, 325, 325, 1, 65625
1000, 500, 500, 1, 116833
2500, 1250, 1250, 1, 1934208
5000, 2500, 2500, 1, 2118417
8000, 4000, 4000, 1, 3836583
10000, 5000, 5000, 1, 4025125
650, 325, 325, 1, 63042
1000, 500, 500, 1, 116459
2500, 1250, 1250, 1, 1925667
5000, 2500, 2500, 1, 2120666
8000, 4000, 4000, 1, 3840166
10000, 5000, 5000, 1, 3996334
650, 325, 325, 1, 62875
1000, 500, 500, 1, 116250
2500, 1250, 1250, 1, 1957792
5000, 2500, 2500, 1, 2265958
8000, 4000, 4000, 1, 4049750
10000, 5000, 5000, 1, 4117583
650, 325, 325, 1, 66125
1000, 500, 500, 1, 117375
2500, 1250, 1250, 1, 2019208
5000, 2500, 2500, 1, 2264167
8000, 4000, 4000, 1, 4011167
10000, 5000, 5000, 1, 4117625
650, 325, 325, 1, 69916
1000, 500, 500, 1, 113542
2500, 1250, 1250, 1, 1897458
5000, 2500, 2500, 1, 2084500
8000, 4000, 4000, 1, 3778292
10000, 5000, 5000, 1, 3958791
650, 325, 325, 1, 61458
1000, 500, 500, 1, 113667
2500, 1250, 1250, 1, 1904792
5000, 2500, 2500, 1, 2131208
8000, 4000, 4000, 1, 3779209
10000, 5000, 5000, 1, 3948500
650, 325, 325, 1, 62083
1000, 500, 500, 1, 113708
2500, 1250, 1250, 1, 1894791
5000, 2500, 2500, 1, 2088167
8000, 4000, 4000, 1, 3792542
10000, 5000, 5000, 1, 3932834
650, 325, 325, 1, 61625
1000, 500, 500, 1, 113583
2500, 1250, 1250, 1, 1901000
5000, 2500, 2500, 1, 2094750
8000, 4000, 4000, 1, 3780208
10000, 5000, 5000, 1, 3938292
650, 325, 325, 1, 61625
1000, 500, 500, 1, 113750
2500, 1250, 1250, 1, 1902708
5000, 2500, 2500, 1, 2092416
8000, 4000, 4000, 1, 3786125
10000, 5000, 5000, 1, 3942417
650, 325, 325, 1, 63375
1000, 500, 500, 1, 113708
2500, 1250, 1250, 1, 1898500
5000, 2500, 2500, 1, 2105292
8000, 4000, 4000, 1, 3781583
10000, 5000, 5000, 1, 3944833
650, 325, 325, 1, 61500
1000, 500, 500, 1, 113750
2500, 1250, 1250, 1, 1898208
5000, 2500, 2500, 1, 2090291
8000, 4000, 4000, 1, 3815000
10000, 5000, 5000, 1, 3938209
650, 325, 325, 1, 61541
1000, 500, 500, 1, 113791
2500, 1250, 1250, 1, 1902167
5000, 2500, 2500, 1, 2102500
8000, 4000, 4000, 1, 3896458
10000, 5000, 5000, 1, 3934417
650, 325, 325, 1, 61500
1000, 500, 500, 1, 113750
2500, 1250, 1250, 1, 1894958
5000, 2500, 2500, 1, 2191708
8000, 4000, 4000, 1, 3907625
10000, 5000, 5000, 1, 4034667
650, 325, 325, 1, 61584
1000, 500, 500, 1, 113667
2500, 1250, 1250, 1, 1927458
5000, 2500, 2500, 1, 2088125
8000, 4000, 4000, 1, 3791458
10000, 5000, 5000, 1, 3939208
650, 325, 325, 1, 65875
1000, 500, 500, 1, 113875
2500, 1250, 1250, 1, 1907667
5000, 2500, 2500, 1, 2086459
8000, 4000, 4000, 1, 3787292
10000, 5000, 5000, 1, 3938958
650, 325, 325, 1, 63959
1000, 500, 500, 1, 113792
2500, 1250, 1250, 1, 1904666
5000, 2500, 2500, 1, 2090416
8000, 4000, 4000, 1, 3788583
10000, 5000, 5000, 1, 3938166
650, 325, 325, 1, 61709
1000, 500, 500, 1, 114084
2500, 1250, 1250, 1, 1935375
5000, 2500, 2500, 1, 2092791
8000, 4000, 4000, 1, 3785458
10000, 5000, 5000, 1, 3940292
650, 325, 325, 1, 61458
1000, 500, 500, 1, 114083
2500, 1250, 1250, 1, 1909125
5000, 2500, 2500, 1, 2089541
8000, 4000, 4000, 1, 3790750
10000, 5000, 5000, 1, 3985750
650, 325, 325, 1, 62125
1000, 500, 500, 1, 114250
2500, 1250, 1250, 1, 1912000
5000, 2500, 2500, 1, 2090625
8000, 4000, 4000, 1, 3794625
10000, 5000, 5000, 1, 3949500
650, 325, 325, 1, 61583
1000, 500, 500, 1, 114208
2500, 1250, 1250, 1, 1906208
5000, 2500, 2500, 1, 2097458
8000, 4000, 4000, 1, 3791916
10000, 5000, 5000, 1, 4026083
650, 325, 325, 1, 64334
1000, 500, 500, 1, 113875
2500, 1250, 1250, 1, 1904875
5000, 2500, 2500, 1, 2089334
8000, 4000, 4000, 1, 3901917
10000, 5000, 5000, 1, 4084292
650, 325, 325, 1, 61625
1000, 500, 500, 1, 113958
2500, 1250, 1250, 1, 1918875
5000, 2500, 2500, 1, 2096000
8000, 4000, 4000, 1, 3808416
10000, 5000, 5000, 1, 3954542
650, 325, 325, 1, 64208
1000, 500, 500, 1, 113959
2500, 1250, 1250, 1, 1941666
5000, 2500, 2500, 1, 2095458
8000, 4000, 4000, 1, 3796000
10000, 5000, 5000, 1, 3950708
650, 325, 325, 1, 61750
1000, 500, 500, 1, 117500
2500, 1250, 1250, 1, 1955792
5000, 2500, 2500, 1, 2095542
8000, 4000, 4000, 1, 3798542
10000, 5000, 5000, 1, 3956125
650, 325, 325, 1, 61708
1000, 500, 500, 1, 114084
2500, 1250, 1250, 1, 1930458
5000, 2500, 2500, 1, 2100667
8000, 4000, 4000, 1, 3801834
10000, 5000, 5000, 1, 3952333
650, 325, 325, 1, 61625
1000, 500, 500, 1, 114125
2500, 1250, 1250, 1, 1949792
5000, 2500, 2500, 1, 2096208
8000, 4000, 4000, 1, 3805542
10000, 5000, 5000, 1, 3958292
650, 325, 325, 1, 71958
1000, 500, 500, 1, 114167
2500, 1250, 1250, 1, 1919084
5000, 2500, 2500, 1, 2097292
8000, 4000, 4000, 1, 3803291
10000, 5000, 5000, 1, 3960250
650, 325, 325, 1, 61708
1000, 500, 500, 1, 118458
2500, 1250, 1250, 1, 1913459
5000, 2500, 2500, 1, 2098375
8000, 4000, 4000, 1, 3803625
10000, 5000, 5000, 1, 3960125
650, 325, 325, 1, 64000
1000, 500, 500, 1, 114459
2500, 1250, 1250, 1, 1928125
5000, 2500, 2500, 1, 2100417
8000, 4000, 4000, 1, 3804583
10000, 5000, 5000, 1, 3962791
650, 325, 325, 1, 61834
1000, 500, 500, 1, 114292
2500, 1250, 1250, 1, 1916167
5000, 2500, 2500, 1, 2099792
8000, 4000, 4000, 1, 3814292
10000, 5000, 5000, 1, 3972000
650, 325, 325, 1, 61958
1000, 500, 500, 1, 114209
2500, 1250, 1250, 1, 1916042
5000, 2500, 2500, 1, 2101209
8000, 4000, 4000, 1, 3808959
10000, 5000, 5000, 1, 3963958
650, 325, 325, 1, 61916
1000, 500, 500, 1, 114417
2500, 1250, 1250, 1, 1919458
5000, 2500, 2500, 1, 2102208
8000, 4000, 4000, 1, 3809625
10000, 5000, 5000, 1, 3967458
650, 325, 325, 1, 61833
1000, 500, 500, 1, 115042
2500, 1250, 1250, 1, 1919292
5000, 2500, 2500, 1, 2103042
8000, 4000, 4000, 1, 3811375
10000, 5000, 5000, 1, 3970667
650, 325, 325, 1, 61750
1000, 500, 500, 1, 114333
2500, 1250, 1250, 1, 1921500
5000, 2500, 2500, 1, 2104125
8000, 4000, 4000, 1, 3813041
10000, 5000, 5000, 1, 3983916
650, 325, 325, 1, 61917
1000, 500, 500, 1, 114333
2500, 1250, 1250, 1, 1920417
5000, 2500, 2500, 1, 2107792
8000, 4000, 4000, 1, 3821292
10000, 5000, 5000, 1, 3975708
650, 325, 325, 1, 62750
1000, 500, 500, 1, 114459
2500, 1250, 1250, 1, 1923250
5000, 2500, 2500, 1, 2109542
8000, 4000, 4000, 1, 3815958
10000, 5000, 5000, 1, 3972541
650, 325, 325, 1, 64250
1000, 500, 500, 1, 114458
2500, 1250, 1250, 1, 1925833
5000, 2500, 2500, 1, 2139291
8000, 4000, 4000, 1, 3818208
10000, 5000, 5000, 1, 3979875
650, 325, 325, 1, 62167
1000, 500, 500, 1, 114416
2500, 1250, 1250, 1, 1919083
5000, 2500, 2500, 1, 2107375
8000, 4000, 4000, 1, 3819708
10000, 5000, 5000, 1, 3975417
650, 325, 325, 1, 62292
1000, 500, 500, 1, 114667
2500, 1250, 1250, 1, 1923000
5000, 2500, 2500, 1, 2108250
8000, 4000, 4000, 1, 3830208
10000, 5000, 5000, 1, 3985500
650, 325, 325, 1, 61916
1000, 500, 500, 1, 114584
2500, 1250, 1250, 1, 1927541
5000, 2500, 2500, 1, 2109625
8000, 4000, 4000, 1, 3826167
10000, 5000, 5000, 1, 3978167
650, 325, 325, 1, 64000
1000, 500, 500, 1, 114625
2500, 1250, 1250, 1, 1924792
5000, 2500, 2500, 1, 2110459
8000, 4000, 4000, 1, 3828875
10000, 5000, 5000, 1, 3978750
650, 325, 325, 1, 62000
1000, 500, 500, 1, 114541
2500, 1250, 1250, 1, 1930208
5000, 2500, 2500, 1, 2111250
8000, 4000, 4000, 1, 3869250
10000, 5000, 5000, 1, 3981875
650, 325, 325, 1, 62667
1000, 500, 500, 1, 118000
2500, 1250, 1250, 1, 2008709
5000, 2500, 2500, 1, 2179542
8000, 4000, 4000, 1, 3842750
10000, 5000, 5000, 1, 3995583
650, 325, 325, 1, 61917
1000, 500, 500, 1, 114625
2500, 1250, 1250, 1, 1930625
5000, 2500, 2500, 1, 2115833
8000, 4000, 4000, 1, 3833959
10000, 5000, 5000, 1, 3984541
650, 325, 325, 1, 62083
1000, 500, 500, 1, 119417
2500, 1250, 1250, 1, 1928542
5000, 2500, 2500, 1, 2114041
8000, 4000, 4000, 1, 3850375
10000, 5000, 5000, 1, 3986333
650, 325, 325, 1, 61958
1000, 500, 500, 1, 114791
2500, 1250, 1250, 1, 1929250
5000, 2500, 2500, 1, 2118625
8000, 4000, 4000, 1, 3833917
10000, 5000, 5000, 1, 4019416
650, 325, 325, 1, 66250
1000, 500, 500, 1, 114583
2500, 1250, 1250, 1, 1933333
5000, 2500, 2500, 1, 2121833
8000, 4000, 4000, 1, 3855750
10000, 5000, 5000, 1, 3992458
650, 325, 325, 1, 62042
1000, 500, 500, 1, 117583
2500, 1250, 1250, 1, 1931666
5000, 2500, 2500, 1, 2119708
8000, 4000, 4000, 1, 3849666
10000, 5000, 5000, 1, 3993541
650, 325, 325, 1, 61750
1000, 500, 500, 1, 114750
2500, 1250, 1250, 1, 1935083
5000, 2500, 2500, 1, 2122000
8000, 4000, 4000, 1, 3841333
10000, 5000, 5000, 1, 3996750
650, 325, 325, 1, 61917
1000, 500, 500, 1, 114917
2500, 1250, 1250, 1, 1936708
5000, 2500, 2500, 1, 2121041
8000, 4000, 4000, 1, 3850208
10000, 5000, 5000, 1, 3997958
650, 325, 325, 1, 62042
1000, 500, 500, 1, 114667
2500, 1250, 1250, 1, 1939584
5000, 2500, 2500, 1, 2119292
8000, 4000, 4000, 1, 3845417
10000, 5000, 5000, 1, 3999292
650, 325, 325, 1, 61958
1000, 500, 500, 1, 119250
2500, 1250, 1250, 1, 1935083
5000, 2500, 2500, 1, 2120584
8000, 4000, 4000, 1, 3848750
10000, 5000, 5000, 1, 4020292
650, 325, 325, 1, 62042
1000, 500, 500, 1, 114792
2500, 1250, 1250, 1, 1936291
5000, 2500, 2500, 1, 2122084
8000, 4000, 4000, 1, 3855209
10000, 5000, 5000, 1, 4002708
650, 325, 325, 1, 62208
1000, 500, 500, 1, 119167
2500, 1250, 1250, 1, 1936625
5000, 2500, 2500, 1, 2122666
8000, 4000, 4000, 1, 3846500
10000, 5000, 5000, 1, 4002875
650, 325, 325, 1, 62083
1000, 500, 500, 1, 114833
2500, 1250, 1250, 1, 1951459
5000, 2500, 2500, 1, 2123250
8000, 4000, 4000, 1, 3851625
10000, 5000, 5000, 1, 4011125
650, 325, 325, 1, 62042
1000, 500, 500, 1, 117709
2500, 1250, 1250, 1, 1938750
5000, 2500, 2500, 1, 2126834
8000, 4000, 4000, 1, 3863833
10000, 5000, 5000, 1, 4001417
650, 325, 325, 1, 62334
1000, 500, 500, 1, 114917
2500, 1250, 1250, 1, 1937042
5000, 2500, 2500, 1, 2122958
8000, 4000, 4000, 1, 3849625
10000, 5000, 5000, 1, 4021959
650, 325, 325, 1, 62125
1000, 500, 500, 1, 114917
2500, 1250, 1250, 1, 1939500
5000, 2500, 2500, 1, 2122709
8000, 4000, 4000, 1, 3866125
10000, 5000, 5000, 1, 4010042
650, 325, 325, 1, 62083
1000, 500, 500, 1, 115000
2500, 1250, 1250, 1, 1973333
5000, 2500, 2500, 1, 2134125
8000, 4000, 4000, 1, 3852083
10000, 5000, 5000, 1, 4018625
650, 325, 325, 1, 62250
1000, 500, 500, 1, 115042
2500, 1250, 1250, 1, 1948333
5000, 2500, 2500, 1, 2125459
8000, 4000, 4000, 1, 3871666
10000, 5000, 5000, 1, 4016125
650, 325, 325, 1, 62417
1000, 500, 500, 1, 115125
2500, 1250, 1250, 1, 1959208
5000, 2500, 2500, 1, 2146458
8000, 4000, 4000, 1, 3859667
10000, 5000, 5000, 1, 4012916
650, 325, 325, 1, 62167
1000, 500, 500, 1, 115208
2500, 1250, 1250, 1, 1949958
5000, 2500, 2500, 1, 2137333
8000, 4000, 4000, 1, 3860125
10000, 5000, 5000, 1, 4018291
650, 325, 325, 1, 62375
1000, 500, 500, 1, 119500
2500, 1250, 1250, 1, 1954375
5000, 2500, 2500, 1, 2129875
8000, 4000, 4000, 1, 3861791
10000, 5000, 5000, 1, 4019167
650, 325, 325, 1, 62125
1000, 500, 500, 1, 115208
2500, 1250, 1250, 1, 1945625
5000, 2500, 2500, 1, 2130958
8000, 4000, 4000, 1, 3864750
10000, 5000, 5000, 1, 4018500
650, 325, 325, 1, 62209
1000, 500, 500, 1, 115250
2500, 1250, 1250, 1, 1946042
5000, 2500, 2500, 1, 2138541
8000, 4000, 4000, 1, 3866000
10000, 5000, 5000, 1, 4020208
650, 325, 325, 1, 62333
1000, 500, 500, 1, 117792
2500, 1250, 1250, 1, 1947542
5000, 2500, 2500, 1, 2133041
8000, 4000, 4000, 1, 3877667
10000, 5000, 5000, 1, 4022416
650, 325, 325, 1, 64958
1000, 500, 500, 1, 115291
2500, 1250, 1250, 1, 1948292
5000, 2500, 2500, 1, 2141041
8000, 4000, 4000, 1, 3872792
10000, 5000, 5000, 1, 4026125
650, 325, 325, 1, 62125
1000, 500, 500, 1, 115125
2500, 1250, 1250, 1, 1983792
5000, 2500, 2500, 1, 2138666
8000, 4000, 4000, 1, 3876667
10000, 5000, 5000, 1, 4027417
650, 325, 325, 1, 62208
1000, 500, 500, 1, 115416
2500, 1250, 1250, 1, 1954125
5000, 2500, 2500, 1, 2141708
8000, 4000, 4000, 1, 3888208
10000, 5000, 5000, 1, 4022792
650, 325, 325, 1, 62208
1000, 500, 500, 1, 115208
2500, 1250, 1250, 1, 1949208
5000, 2500, 2500, 1, 2139916
8000, 4000, 4000, 1, 3868583
10000, 5000, 5000, 1, 4026542
650, 325, 325, 1, 62000
1000, 500, 500, 1, 115333
2500, 1250, 1250, 1, 1962542
5000, 2500, 2500, 1, 2139208
8000, 4000, 4000, 1, 3870291
10000, 5000, 5000, 1, 4030042
650, 325, 325, 1, 62083
1000, 500, 500, 1, 115250
2500, 1250, 1250, 1, 1951000
5000, 2500, 2500, 1, 2145541
8000, 4000, 4000, 1, 3875250
10000, 5000, 5000, 1, 4032125
650, 325, 325, 1, 63750
1000, 500, 500, 1, 115375
2500, 1250, 1250, 1, 1990833
5000, 2500, 2500, 1, 2139666
8000, 4000, 4000, 1, 3877125
10000, 5000, 5000, 1, 4029208
