650, 325, 325, 1, 42666
650, 350, 300, 1, 41958
650, 300, 350, 1, 36416
1000, 500, 500, 1, 60250
1000, 700, 300, 1, 187042
2500, 1250, 1250, 1, 315792
2500, 1000, 1500, 1, 231167
5000, 2500, 2500, 1, 582708
5000, 3000, 2000, 1, 749834
8000, 4000, 4000, 1, 921959
8000, 2000, 6000, 1, 463542
10000, 4000, 6000, 1, 917375
10000, 5000, 5000, 1, 1177167
650, 325, 325, 1, 34167
650, 350, 300, 1, 36666
650, 300, 350, 1, 31667
1000, 500, 500, 1, 51542
1000, 700, 300, 1, 144875
2500, 1250, 1250, 1, 259417
2500, 1000, 1500, 1, 206083
5000, 2500, 2500, 1, 516000
5000, 3000, 2000, 1, 617250
8000, 4000, 4000, 1, 905375
8000, 2000, 6000, 1, 415916
10000, 4000, 6000, 1, 826959
10000, 5000, 5000, 1, 1046500
650, 325, 325, 1, 30208
650, 350, 300, 1, 32375
650, 300, 350, 1, 27958
1000, 500, 500, 1, 45834
1000, 700, 300, 1, 146167
2500, 1250, 1250, 1, 237375
2500, 1000, 1500, 1, 186625
5000, 2500, 2500, 1, 465084
5000, 3000, 2000, 1, 558541
8000, 4000, 4000, 1, 739625
8000, 2000, 6000, 1, 373834
10000, 4000, 6000, 1, 745625
10000, 5000, 5000, 1, 926959
650, 325, 325, 1, 27000
650, 350, 300, 1, 28875
650, 300, 350, 1, 25000
1000, 500, 500, 1, 40833
1000, 700, 300, 1, 133916
2500, 1250, 1250, 1, 240666
2500, 1000, 1500, 1, 190750
5000, 2500, 2500, 1, 475416
5000, 3000, 2000, 1, 574875
8000, 4000, 4000, 1, 743583
8000, 2000, 6000, 1, 350917
10000, 4000, 6000, 1, 670625
10000, 5000, 5000, 1, 841458
650, 325, 325, 1, 24334
650, 350, 300, 1, 26208
650, 300, 350, 1, 22583
1000, 500, 500, 1, 37000
1000, 700, 300, 1, 120250
2500, 1250, 1250, 1, 216125
2500, 1000, 1500, 1, 171916
5000, 2500, 2500, 1, 428375
5000, 3000, 2000, 1, 513833
8000, 4000, 4000, 1, 679917
8000, 2000, 6000, 1, 340500
10000, 4000, 6000, 1, 676042
10000, 5000, 5000, 1, 848250
650, 325, 325, 1, 24542
650, 350, 300, 1, 26291
650, 300, 350, 1, 22541
1000, 500, 500, 1, 37000
1000, 700, 300, 1, 121375
2500, 1250, 1250, 1, 217916
2500, 1000, 1500, 1, 172791
5000, 2500, 2500, 1, 396666
5000, 3000, 2000, 1, 477042
8000, 4000, 4000, 1, 623000
8000, 2000, 6000, 1, 316709
10000, 4000, 6000, 1, 622042
10000, 5000, 5000, 1, 780125
650, 325, 325, 1, 22292
650, 350, 300, 1, 23875
650, 300, 350, 1, 20667
1000, 500, 500, 1, 33625
1000, 700, 300, 1, 114375
2500, 1250, 1250, 1, 208625
2500, 1000, 1500, 1, 163291
5000, 2500, 2500, 1, 405625
5000, 3000, 2000, 1, 488292
8000, 4000, 4000, 1, 637209
8000, 2000, 6000, 1, 322667
10000, 4000, 6000, 1, 657334
10000, 5000, 5000, 1, 801750
650, 325, 325, 1, 22375
650, 350, 300, 1, 24125
650, 300, 350, 1, 19000
1000, 500, 500, 1, 31125
1000, 700, 300, 1, 106042
2500, 1250, 1250, 1, 195084
2500, 1000, 1500, 1, 154000
5000, 2500, 2500, 1, 376792
5000, 3000, 2000, 1, 453250
8000, 4000, 4000, 1, 590458
8000, 2000, 6000, 1, 299208
10000, 4000, 6000, 1, 590792
10000, 5000, 5000, 1, 742458
650, 325, 325, 1, 20417
650, 350, 300, 1, 22042
650, 300, 350, 1, 18875
1000, 500, 500, 1, 31167
1000, 700, 300, 1, 106792
2500, 1250, 1250, 1, 193083
2500, 1000, 1500, 1, 152458
5000, 2500, 2500, 1, 382458
5000, 3000, 2000, 1, 457333
8000, 4000, 4000, 1, 594458
8000, 2000, 6000, 1, 301417
10000, 4000, 6000, 1, 594875
10000, 5000, 5000, 1, 737875
650, 325, 325, 1, 19833
650, 350, 300, 1, 21709
650, 300, 350, 1, 18042
1000, 500, 500, 1, 30000
1000, 700, 300, 1, 103042
2500, 1250, 1250, 1, 189500
2500, 1000, 1500, 1, 147083
5000, 2500, 2500, 1, 366292
5000, 3000, 2000, 1, 441834
8000, 4000, 4000, 1, 572791
8000, 2000, 6000, 1, 290833
10000, 4000, 6000, 1, 573542
10000, 5000, 5000, 1, 722417
650, 325, 325, 1, 19625
650, 350, 300, 1, 21041
650, 300, 350, 1, 18167
1000, 500, 500, 1, 29750
1000, 700, 300, 1, 106500
2500, 1250, 1250, 1, 191083
2500, 1000, 1500, 1, 148542
5000, 2500, 2500, 1, 369875
5000, 3000, 2000, 1, 448208
8000, 4000, 4000, 1, 568250
8000, 2000, 6000, 1, 283708
10000, 4000, 6000, 1, 557792
10000, 5000, 5000, 1, 717208
650, 325, 325, 1, 19000
650, 350, 300, 1, 20375
650, 300, 350, 1, 17541
1000, 500, 500, 1, 28833
1000, 700, 300, 1, 101458
2500, 1250, 1250, 1, 183750
2500, 1000, 1500, 1, 144959
5000, 2500, 2500, 1, 362584
5000, 3000, 2000, 1, 433250
8000, 4000, 4000, 1, 559000
8000, 2000, 6000, 1, 284292
10000, 4000, 6000, 1, 560625
10000, 5000, 5000, 1, 704458
650, 325, 325, 1, 18875
650, 350, 300, 1, 20250
650, 300, 350, 1, 17542
1000, 500, 500, 1, 28541
1000, 700, 300, 1, 103750
2500, 1250, 1250, 1, 184417
2500, 1000, 1500, 1, 141959
5000, 2500, 2500, 1, 353958
5000, 3000, 2000, 1, 426458
8000, 4000, 4000, 1, 554791
8000, 2000, 6000, 1, 279625
10000, 4000, 6000, 1, 550000
10000, 5000, 5000, 1, 696375
650, 325, 325, 1, 18375
650, 350, 300, 1, 19917
650, 300, 350, 1, 17208
1000, 500, 500, 1, 28000
1000, 700, 300, 1, 100125
2500, 1250, 1250, 1, 199459
2500, 1000, 1500, 1, 143375
5000, 2500, 2500, 1, 356958
5000, 3000, 2000, 1, 435625
8000, 4000, 4000, 1, 553417
8000, 2000, 6000, 1, 281917
10000, 4000, 6000, 1, 554167
10000, 5000, 5000, 1, 698708
650, 325, 325, 1, 18417
650, 350, 300, 1, 19750
650, 300, 350, 1, 17125
1000, 500, 500, 1, 28000
1000, 700, 300, 1, 100875
2500, 1250, 1250, 1, 183542
2500, 1000, 1500, 1, 145917
5000, 2500, 2500, 1, 360375
5000, 3000, 2000, 1, 433791
8000, 4000, 4000, 1, 589500
8000, 2000, 6000, 1, 303583
10000, 4000, 6000, 1, 580625
10000, 5000, 5000, 1, 704375
650, 325, 325, 1, 18583
650, 350, 300, 1, 19833
650, 300, 350, 1, 18166
1000, 500, 500, 1, 27916
1000, 700, 300, 1, 101667
2500, 1250, 1250, 1, 185375
2500, 1000, 1500, 1, 145375
5000, 2500, 2500, 1, 370584
5000, 3000, 2000, 1, 437625
8000, 4000, 4000, 1, 562708
8000, 2000, 6000, 1, 286667
10000, 4000, 6000, 1, 561042
10000, 5000, 5000, 1, 717000
650, 325, 325, 1, 18625
650, 350, 300, 1, 19833
650, 300, 350, 1, 17167
1000, 500, 500, 1, 28083
1000, 700, 300, 1, 102333
2500, 1250, 1250, 1, 187875
2500, 1000, 1500, 1, 146750
5000, 2500, 2500, 1, 369500
5000, 3000, 2000, 1, 441125
8000, 4000, 4000, 1, 569667
8000, 2000, 6000, 1, 300583
10000, 4000, 6000, 1, 570084
10000, 5000, 5000, 1, 715083
650, 325, 325, 1, 18584
650, 350, 300, 1, 20541
650, 300, 350, 1, 17083
1000, 500, 500, 1, 27917
1000, 700, 300, 1, 106042
2500, 1250, 1250, 1, 189000
2500, 1000, 1500, 1, 147708
5000, 2500, 2500, 1, 371292
5000, 3000, 2000, 1, 447334
8000, 4000, 4000, 1, 568417
8000, 2000, 6000, 1, 291083
10000, 4000, 6000, 1, 568959
10000, 5000, 5000, 1, 722208
650, 325, 325, 1, 18500
650, 350, 300, 1, 19750
650, 300, 350, 1, 17042
1000, 500, 500, 1, 27917
1000, 700, 300, 1, 104000
2500, 1250, 1250, 1, 190333
2500, 1000, 1500, 1, 149125
5000, 2500, 2500, 1, 383583
5000, 3000, 2000, 1, 451500
8000, 4000, 4000, 1, 574750
8000, 2000, 6000, 1, 299583
10000, 4000, 6000, 1, 572208
10000, 5000, 5000, 1, 725000
650, 325, 325, 1, 18458
650, 350, 300, 1, 19792
650, 300, 350, 1, 17166
1000, 500, 500, 1, 28958
1000, 700, 300, 1, 104666
2500, 1250, 1250, 1, 192208
2500, 1000, 1500, 1, 153334
5000, 2500, 2500, 1, 374583
5000, 3000, 2000, 1, 452959
8000, 4000, 4000, 1, 580209
8000, 2000, 6000, 1, 295292
10000, 4000, 6000, 1, 575875
10000, 5000, 5000, 1, 767417
650, 325, 325, 1, 19375
650, 350, 300, 1, 21083
650, 300, 350, 1, 18125
1000, 500, 500, 1, 29208
1000, 700, 300, 1, 109208
2500, 1250, 1250, 1, 206875
2500, 1000, 1500, 1, 156459
5000, 2500, 2500, 1, 415709
5000, 3000, 2000, 1, 458959
8000, 4000, 4000, 1, 579750
8000, 2000, 6000, 1, 299084
10000, 4000, 6000, 1, 579458
10000, 5000, 5000, 1, 735334
650, 325, 325, 1, 18500
650, 350, 300, 1, 19792
650, 300, 350, 1, 16958
1000, 500, 500, 1, 28833
1000, 700, 300, 1, 109084
2500, 1250, 1250, 1, 195417
2500, 1000, 1500, 1, 152834
5000, 2500, 2500, 1, 380666
5000, 3000, 2000, 1, 460208
8000, 4000, 4000, 1, 608625
8000, 2000, 6000, 1, 308584
10000, 4000, 6000, 1, 609875
10000, 5000, 5000, 1, 771167
650, 325, 325, 1, 19000
650, 350, 300, 1, 20292
650, 300, 350, 1, 17958
1000, 500, 500, 1, 29125
1000, 700, 300, 1, 114958
2500, 1250, 1250, 1, 226583
2500, 1000, 1500, 1, 155458
5000, 2500, 2500, 1, 386459
5000, 3000, 2000, 1, 463834
8000, 4000, 4000, 1, 589000
8000, 2000, 6000, 1, 301958
10000, 4000, 6000, 1, 586625
10000, 5000, 5000, 1, 746292
650, 325, 325, 1, 18500
650, 350, 300, 1, 19875
650, 300, 350, 1, 17000
1000, 500, 500, 1, 28000
1000, 700, 300, 1, 107958
2500, 1250, 1250, 1, 205500
2500, 1000, 1500, 1, 155750
5000, 2500, 2500, 1, 386708
5000, 3000, 2000, 1, 472416
8000, 4000, 4000, 1, 595750
8000, 2000, 6000, 1, 303959
10000, 4000, 6000, 1, 596375
10000, 5000, 5000, 1, 751084
650, 325, 325, 1, 18541
650, 350, 300, 1, 19833
650, 300, 350, 1, 17083
1000, 500, 500, 1, 28041
1000, 700, 300, 1, 108667
2500, 1250, 1250, 1, 210500
2500, 1000, 1500, 1, 156459
5000, 2500, 2500, 1, 389500
5000, 3000, 2000, 1, 471333
8000, 4000, 4000, 1, 608250
8000, 2000, 6000, 1, 311875
10000, 4000, 6000, 1, 600416
10000, 5000, 5000, 1, 772250
650, 325, 325, 1, 18625
650, 350, 300, 1, 19875
650, 300, 350, 1, 17250
1000, 500, 500, 1, 28083
1000, 700, 300, 1, 109750
2500, 1250, 1250, 1, 202250
2500, 1000, 1500, 1, 157625
5000, 2500, 2500, 1, 395125
5000, 3000, 2000, 1, 483292
8000, 4000, 4000, 1, 610625
8000, 2000, 6000, 1, 308375
10000, 4000, 6000, 1, 601625
10000, 5000, 5000, 1, 761250
650, 325, 325, 1, 18542
650, 350, 300, 1, 19750
650, 300, 350, 1, 17125
1000, 500, 500, 1, 27958
1000, 700, 300, 1, 113250
2500, 1250, 1250, 1, 210291
2500, 1000, 1500, 1, 163875
5000, 2500, 2500, 1, 409542
5000, 3000, 2000, 1, 497417
8000, 4000, 4000, 1, 618334
8000, 2000, 6000, 1, 317625
10000, 4000, 6000, 1, 617667
10000, 5000, 5000, 1, 798541
650, 325, 325, 1, 19041
650, 350, 300, 1, 20417
650, 300, 350, 1, 17500
1000, 500, 500, 1, 29000
1000, 700, 300, 1, 114791
2500, 1250, 1250, 1, 211209
2500, 1000, 1500, 1, 160208
5000, 2500, 2500, 1, 403167
5000, 3000, 2000, 1, 482500
8000, 4000, 4000, 1, 605542
8000, 2000, 6000, 1, 317708
10000, 4000, 6000, 1, 606042
10000, 5000, 5000, 1, 769958
650, 325, 325, 1, 18416
650, 350, 300, 1, 19833
650, 300, 350, 1, 18542
1000, 500, 500, 1, 27875
1000, 700, 300, 1, 111917
2500, 1250, 1250, 1, 207125
2500, 1000, 1500, 1, 161209
5000, 2500, 2500, 1, 400708
5000, 3000, 2000, 1, 491042
8000, 4000, 4000, 1, 610334
8000, 2000, 6000, 1, 315250
10000, 4000, 6000, 1, 609959
10000, 5000, 5000, 1, 777459
650, 325, 325, 1, 18417
650, 350, 300, 1, 19958
650, 300, 350, 1, 17042
1000, 500, 500, 1, 28042
1000, 700, 300, 1, 112875
2500, 1250, 1250, 1, 208875
2500, 1000, 1500, 1, 168917
5000, 2500, 2500, 1, 406583
5000, 3000, 2000, 1, 489167
8000, 4000, 4000, 1, 613834
8000, 2000, 6000, 1, 316875
10000, 4000, 6000, 1, 613208
10000, 5000, 5000, 1, 785250
650, 325, 325, 1, 18500
650, 350, 300, 1, 19917
650, 300, 350, 1, 16958
1000, 500, 500, 1, 27875
1000, 700, 300, 1, 113625
2500, 1250, 1250, 1, 230542
2500, 1000, 1500, 1, 164416
5000, 2500, 2500, 1, 410208
5000, 3000, 2000, 1, 503417
8000, 4000, 4000, 1, 617625
8000, 2000, 6000, 1, 319125
10000, 4000, 6000, 1, 620209
10000, 5000, 5000, 1, 788750
650, 325, 325, 1, 18417
650, 350, 300, 1, 19958
650, 300, 350, 1, 16959
1000, 500, 500, 1, 28000
1000, 700, 300, 1, 114250
2500, 1250, 1250, 1, 211917
2500, 1000, 1500, 1, 164458
5000, 2500, 2500, 1, 410042
5000, 3000, 2000, 1, 497375
8000, 4000, 4000, 1, 624875
8000, 2000, 6000, 1, 321541
10000, 4000, 6000, 1, 625875
10000, 5000, 5000, 1, 796833
650, 325, 325, 1, 18542
650, 350, 300, 1, 19834
650, 300, 350, 1, 17125
1000, 500, 500, 1, 28125
1000, 700, 300, 1, 115375
2500, 1250, 1250, 1, 213833
2500, 1000, 1500, 1, 165708
5000, 2500, 2500, 1, 412875
5000, 3000, 2000, 1, 501333
8000, 4000, 4000, 1, 627625
8000, 2000, 6000, 1, 324208
10000, 4000, 6000, 1, 624458
10000, 5000, 5000, 1, 802584
650, 325, 325, 1, 18500
650, 350, 300, 1, 19792
650, 300, 350, 1, 17084
1000, 500, 500, 1, 27833
1000, 700, 300, 1, 115875
2500, 1250, 1250, 1, 215500
2500, 1000, 1500, 1, 167041
5000, 2500, 2500, 1, 418667
5000, 3000, 2000, 1, 504542
8000, 4000, 4000, 1, 630834
8000, 2000, 6000, 1, 325750
10000, 4000, 6000, 1, 630625
10000, 5000, 5000, 1, 806875
650, 325, 325, 1, 18625
650, 350, 300, 1, 19834
650, 300, 350, 1, 17000
1000, 500, 500, 1, 28167
1000, 700, 300, 1, 116750
2500, 1250, 1250, 1, 217292
2500, 1000, 1500, 1, 170916
5000, 2500, 2500, 1, 442417
5000, 3000, 2000, 1, 523917
8000, 4000, 4000, 1, 632042
8000, 2000, 6000, 1, 327792
10000, 4000, 6000, 1, 634458
10000, 5000, 5000, 1, 809792
650, 325, 325, 1, 18500
650, 350, 300, 1, 19708
650, 300, 350, 1, 17084
1000, 500, 500, 1, 28166
1000, 700, 300, 1, 117708
2500, 1250, 1250, 1, 220125
2500, 1000, 1500, 1, 169500
5000, 2500, 2500, 1, 421792
5000, 3000, 2000, 1, 511958
8000, 4000, 4000, 1, 640625
8000, 2000, 6000, 1, 330375
10000, 4000, 6000, 1, 636000
10000, 5000, 5000, 1, 816541
650, 325, 325, 1, 18417
650, 350, 300, 1, 19708
650, 300, 350, 1, 17000
1000, 500, 500, 1, 28042
1000, 700, 300, 1, 121292
2500, 1250, 1250, 1, 220584
2500, 1000, 1500, 1, 170750
5000, 2500, 2500, 1, 427625
5000, 3000, 2000, 1, 516000
8000, 4000, 4000, 1, 642458
8000, 2000, 6000, 1, 333459
10000, 4000, 6000, 1, 642042
10000, 5000, 5000, 1, 817875
650, 325, 325, 1, 18375
650, 350, 300, 1, 19834
650, 300, 350, 1, 17500
1000, 500, 500, 1, 27959
1000, 700, 300, 1, 119250
2500, 1250, 1250, 1, 222333
2500, 1000, 1500, 1, 171875
5000, 2500, 2500, 1, 430792
5000, 3000, 2000, 1, 527333
8000, 4000, 4000, 1, 643125
8000, 2000, 6000, 1, 334667
10000, 4000, 6000, 1, 649959
10000, 5000, 5000, 1, 822291
650, 325, 325, 1, 18417
650, 350, 300, 1, 19833
650, 300, 350, 1, 17000
1000, 500, 500, 1, 27917
1000, 700, 300, 1, 119875
2500, 1250, 1250, 1, 226959
2500, 1000, 1500, 1, 173042
5000, 2500, 2500, 1, 430750
5000, 3000, 2000, 1, 523083
8000, 4000, 4000, 1, 650750
8000, 2000, 6000, 1, 336750
10000, 4000, 6000, 1, 649709
10000, 5000, 5000, 1, 831458
650, 325, 325, 1, 18417
650, 350, 300, 1, 19833
650, 300, 350, 1, 16917
1000, 500, 500, 1, 27958
1000, 700, 300, 1, 120833
2500, 1250, 1250, 1, 225583
2500, 1000, 1500, 1, 175833
5000, 2500, 2500, 1, 439625
5000, 3000, 2000, 1, 527417
8000, 4000, 4000, 1, 652375
8000, 2000, 6000, 1, 342042
10000, 4000, 6000, 1, 650750
10000, 5000, 5000, 1, 868791
650, 325, 325, 1, 19584
650, 350, 300, 1, 21125
650, 300, 350, 1, 18375
1000, 500, 500, 1, 29083
1000, 700, 300, 1, 122750
2500, 1250, 1250, 1, 227333
2500, 1000, 1500, 1, 175500
5000, 2500, 2500, 1, 447958
5000, 3000, 2000, 1, 577292
8000, 4000, 4000, 1, 690541
8000, 2000, 6000, 1, 361625
10000, 4000, 6000, 1, 671708
10000, 5000, 5000, 1, 866666
650, 325, 325, 1, 18625
650, 350, 300, 1, 21167
650, 300, 350, 1, 18125
1000, 500, 500, 1, 29791
1000, 700, 300, 1, 130791
2500, 1250, 1250, 1, 243542
2500, 1000, 1500, 1, 187792
5000, 2500, 2500, 1, 467834
5000, 3000, 2000, 1, 563208
8000, 4000, 4000, 1, 659625
8000, 2000, 6000, 1, 343166
10000, 4000, 6000, 1, 680625
10000, 5000, 5000, 1, 843500
650, 325, 325, 1, 18541
650, 350, 300, 1, 19750
650, 300, 350, 1, 17250
1000, 500, 500, 1, 27958
1000, 700, 300, 1, 126542
2500, 1250, 1250, 1, 249000
2500, 1000, 1500, 1, 177792
5000, 2500, 2500, 1, 442417
5000, 3000, 2000, 1, 538250
8000, 4000, 4000, 1, 686542
8000, 2000, 6000, 1, 345500
10000, 4000, 6000, 1, 700667
10000, 5000, 5000, 1, 867792
650, 325, 325, 1, 18459
650, 350, 300, 1, 19833
650, 300, 350, 1, 17084
1000, 500, 500, 1, 27958
1000, 700, 300, 1, 124250
2500, 1250, 1250, 1, 233541
2500, 1000, 1500, 1, 190334
5000, 2500, 2500, 1, 445541
5000, 3000, 2000, 1, 542375
8000, 4000, 4000, 1, 684709
8000, 2000, 6000, 1, 347458
10000, 4000, 6000, 1, 678625
10000, 5000, 5000, 1, 877208
650, 325, 325, 1, 18458
650, 350, 300, 1, 19750
650, 300, 350, 1, 17208
1000, 500, 500, 1, 28084
1000, 700, 300, 1, 124875
2500, 1250, 1250, 1, 237375
2500, 1000, 1500, 1, 185625
5000, 2500, 2500, 1, 451583
5000, 3000, 2000, 1, 552625
8000, 4000, 4000, 1, 677292
8000, 2000, 6000, 1, 350083
10000, 4000, 6000, 1, 672416
10000, 5000, 5000, 1, 880458
650, 325, 325, 1, 18458
650, 350, 300, 1, 19792
650, 300, 350, 1, 17125
1000, 500, 500, 1, 27875
1000, 700, 300, 1, 125708
2500, 1250, 1250, 1, 235833
2500, 1000, 1500, 1, 181667
5000, 2500, 2500, 1, 453250
5000, 3000, 2000, 1, 549167
8000, 4000, 4000, 1, 675250
8000, 2000, 6000, 1, 351917
10000, 4000, 6000, 1, 672916
10000, 5000, 5000, 1, 868875
650, 325, 325, 1, 18375
650, 350, 300, 1, 19750
650, 300, 350, 1, 17000
1000, 500, 500, 1, 28000
1000, 700, 300, 1, 126500
2500, 1250, 1250, 1, 237334
2500, 1000, 1500, 1, 182625
5000, 2500, 2500, 1, 459500
5000, 3000, 2000, 1, 552667
8000, 4000, 4000, 1, 676083
8000, 2000, 6000, 1, 357125
10000, 4000, 6000, 1, 678917
10000, 5000, 5000, 1, 869625
650, 325, 325, 1, 18625
650, 350, 300, 1, 20625
650, 300, 350, 1, 17125
1000, 500, 500, 1, 28125
1000, 700, 300, 1, 127167
2500, 1250, 1250, 1, 238958
2500, 1000, 1500, 1, 183750
5000, 2500, 2500, 1, 457125
5000, 3000, 2000, 1, 564708
8000, 4000, 4000, 1, 680042
8000, 2000, 6000, 1, 359292
10000, 4000, 6000, 1, 685625
10000, 5000, 5000, 1, 873958
650, 325, 325, 1, 18667
650, 350, 300, 1, 19917
650, 300, 350, 1, 17083
1000, 500, 500, 1, 28166
1000, 700, 300, 1, 127958
2500, 1250, 1250, 1, 240709
2500, 1000, 1500, 1, 187583
5000, 2500, 2500, 1, 459917
5000, 3000, 2000, 1, 565459
8000, 4000, 4000, 1, 684167
8000, 2000, 6000, 1, 358500
10000, 4000, 6000, 1, 689291
10000, 5000, 5000, 1, 879125
650, 325, 325, 1, 18583
650, 350, 300, 1, 19750
650, 300, 350, 1, 17084
1000, 500, 500, 1, 28000
1000, 700, 300, 1, 128791
2500, 1250, 1250, 1, 247500
2500, 1000, 1500, 1, 186250
5000, 2500, 2500, 1, 466042
5000, 3000, 2000, 1, 564208
8000, 4000, 4000, 1, 729583
8000, 2000, 6000, 1, 360583
10000, 4000, 6000, 1, 687792
10000, 5000, 5000, 1, 891084
650, 325, 325, 1, 18666
650, 350, 300, 1, 19791
650, 300, 350, 1, 16917
1000, 500, 500, 1, 28125
1000, 700, 300, 1, 129833
2500, 1250, 1250, 1, 243958
2500, 1000, 1500, 1, 188000
5000, 2500, 2500, 1, 469042
5000, 3000, 2000, 1, 580750
8000, 4000, 4000, 1, 696833
8000, 2000, 6000, 1, 362917
10000, 4000, 6000, 1, 694958
10000, 5000, 5000, 1, 895000
650, 325, 325, 1, 18458
650, 350, 300, 1, 19875
650, 300, 350, 1, 17083
1000, 500, 500, 1, 28000
1000, 700, 300, 1, 130875
2500, 1250, 1250, 1, 248291
2500, 1000, 1500, 1, 189625
5000, 2500, 2500, 1, 473000
5000, 3000, 2000, 1, 571084
8000, 4000, 4000, 1, 700959
8000, 2000, 6000, 1, 365167
10000, 4000, 6000, 1, 697791
10000, 5000, 5000, 1, 899625
650, 325, 325, 1, 18375
650, 350, 300, 1, 19833
650, 300, 350, 1, 17125
1000, 500, 500, 1, 28250
1000, 700, 300, 1, 131167
2500, 1250, 1250, 1, 247416
2500, 1000, 1500, 1, 192584
5000, 2500, 2500, 1, 477458
5000, 3000, 2000, 1, 575000
8000, 4000, 4000, 1, 698750
8000, 2000, 6000, 1, 372750
10000, 4000, 6000, 1, 701875
10000, 5000, 5000, 1, 910125
650, 325, 325, 1, 18459
650, 350, 300, 1, 19875
650, 300, 350, 1, 17083
1000, 500, 500, 1, 27958
1000, 700, 300, 1, 132084
2500, 1250, 1250, 1, 249291
2500, 1000, 1500, 1, 190958
5000, 2500, 2500, 1, 479959
5000, 3000, 2000, 1, 578750
8000, 4000, 4000, 1, 703208
8000, 2000, 6000, 1, 374834
10000, 4000, 6000, 1, 702833
10000, 5000, 5000, 1, 904500
650, 325, 325, 1, 18459
650, 350, 300, 1, 19792
650, 300, 350, 1, 17125
1000, 500, 500, 1, 28291
1000, 700, 300, 1, 132667
2500, 1250, 1250, 1, 250500
2500, 1000, 1500, 1, 192417
5000, 2500, 2500, 1, 477667
5000, 3000, 2000, 1, 585083
8000, 4000, 4000, 1, 709041
8000, 2000, 6000, 1, 373959
10000, 4000, 6000, 1, 712792
10000, 5000, 5000, 1, 909875
650, 325, 325, 1, 18500
650, 350, 300, 1, 21250
650, 300, 350, 1, 16958
1000, 500, 500, 1, 28041
1000, 700, 300, 1, 133667
2500, 1250, 1250, 1, 252042
2500, 1000, 1500, 1, 196166
5000, 2500, 2500, 1, 495292
5000, 3000, 2000, 1, 597541
8000, 4000, 4000, 1, 710167
8000, 2000, 6000, 1, 374000
10000, 4000, 6000, 1, 715916
10000, 5000, 5000, 1, 915125
650, 325, 325, 1, 18500
650, 350, 300, 1, 19792
650, 300, 350, 1, 18167
1000, 500, 500, 1, 27875
1000, 700, 300, 1, 134500
2500, 1250, 1250, 1, 253916
2500, 1000, 1500, 1, 194625
5000, 2500, 2500, 1, 483916
5000, 3000, 2000, 1, 595209
8000, 4000, 4000, 1, 713583
8000, 2000, 6000, 1, 376125
10000, 4000, 6000, 1, 719250
10000, 5000, 5000, 1, 920291
650, 325, 325, 1, 18334
650, 350, 300, 1, 19833
650, 300, 350, 1, 17167
1000, 500, 500, 1, 30000
1000, 700, 300, 1, 139542
2500, 1250, 1250, 1, 255584
2500, 1000, 1500, 1, 196083
5000, 2500, 2500, 1, 486958
5000, 3000, 2000, 1, 598833
8000, 4000, 4000, 1, 716750
8000, 2000, 6000, 1, 428625
10000, 4000, 6000, 1, 722875
10000, 5000, 5000, 1, 937291
650, 325, 325, 1, 18541
650, 350, 300, 1, 19833
650, 300, 350, 1, 17167
1000, 500, 500, 1, 28833
1000, 700, 300, 1, 136334
2500, 1250, 1250, 1, 257458
2500, 1000, 1500, 1, 196667
5000, 2500, 2500, 1, 489958
5000, 3000, 2000, 1, 603458
8000, 4000, 4000, 1, 724000
8000, 2000, 6000, 1, 380250
10000, 4000, 6000, 1, 730833
10000, 5000, 5000, 1, 932708
650, 325, 325, 1, 18459
650, 350, 300, 1, 19792
650, 300, 350, 1, 17208
1000, 500, 500, 1, 28375
1000, 700, 300, 1, 136667
2500, 1250, 1250, 1, 259000
2500, 1000, 1500, 1, 198166
5000, 2500, 2500, 1, 492750
5000, 3000, 2000, 1, 606917
8000, 4000, 4000, 1, 725625
8000, 2000, 6000, 1, 382542
10000, 4000, 6000, 1, 731875
10000, 5000, 5000, 1, 936291
650, 325, 325, 1, 18500
650, 350, 300, 1, 19833
650, 300, 350, 1, 17166
1000, 500, 500, 1, 28000
1000, 700, 300, 1, 140000
2500, 1250, 1250, 1, 264583
2500, 1000, 1500, 1, 199458
5000, 2500, 2500, 1, 495916
5000, 3000, 2000, 1, 615541
8000, 4000, 4000, 1, 741625
8000, 2000, 6000, 1, 384458
10000, 4000, 6000, 1, 734083
10000, 5000, 5000, 1, 940417
650, 325, 325, 1, 18500
650, 350, 300, 1, 20084
650, 300, 350, 1, 17041
1000, 500, 500, 1, 27958
1000, 700, 300, 1, 140375
2500, 1250, 1250, 1, 262334
2500, 1000, 1500, 1, 200541
5000, 2500, 2500, 1, 501875
5000, 3000, 2000, 1, 613333
8000, 4000, 4000, 1, 732292
8000, 2000, 6000, 1, 386667
10000, 4000, 6000, 1, 741833
10000, 5000, 5000, 1, 945459
650, 325, 325, 1, 18417
650, 350, 300, 1, 19875
650, 300, 350, 1, 17209
1000, 500, 500, 1, 27917
1000, 700, 300, 1, 139625
2500, 1250, 1250, 1, 263667
2500, 1000, 1500, 1, 201667
5000, 2500, 2500, 1, 504333
5000, 3000, 2000, 1, 619208
8000, 4000, 4000, 1, 736167
8000, 2000, 6000, 1, 388916
10000, 4000, 6000, 1, 741417
10000, 5000, 5000, 1, 950791
650, 325, 325, 1, 18458
650, 350, 300, 1, 19833
650, 300, 350, 1, 18625
1000, 500, 500, 1, 28166
1000, 700, 300, 1, 140000
2500, 1250, 1250, 1, 265709
2500, 1000, 1500, 1, 205541
5000, 2500, 2500, 1, 504041
5000, 3000, 2000, 1, 620750
8000, 4000, 4000, 1, 739458
8000, 2000, 6000, 1, 390834
10000, 4000, 6000, 1, 745625
10000, 5000, 5000, 1, 957292
650, 325, 325, 1, 18583
650, 350, 300, 1, 21250
650, 300, 350, 1, 17208
1000, 500, 500, 1, 28084
1000, 700, 300, 1, 141167
2500, 1250, 1250, 1, 267500
2500, 1000, 1500, 1, 204000
5000, 2500, 2500, 1, 512958
5000, 3000, 2000, 1, 619875
8000, 4000, 4000, 1, 745875
8000, 2000, 6000, 1, 396166
10000, 4000, 6000, 1, 749500
10000, 5000, 5000, 1, 966958
650, 325, 325, 1, 18375
650, 350, 300, 1, 19792
650, 300, 350, 1, 17208
1000, 500, 500, 1, 28083
1000, 700, 300, 1, 141875
2500, 1250, 1250, 1, 269541
2500, 1000, 1500, 1, 210959
5000, 2500, 2500, 1, 513625
5000, 3000, 2000, 1, 628208
8000, 4000, 4000, 1, 755958
8000, 2000, 6000, 1, 395625
10000, 4000, 6000, 1, 785834
10000, 5000, 5000, 1, 972417
650, 325, 325, 1, 18667
650, 350, 300, 1, 19791
650, 300, 350, 1, 16958
1000, 500, 500, 1, 27917
1000, 700, 300, 1, 142417
2500, 1250, 1250, 1, 270625
2500, 1000, 1500, 1, 208291
5000, 2500, 2500, 1, 513333
5000, 3000, 2000, 1, 627041
8000, 4000, 4000, 1, 756500
8000, 2000, 6000, 1, 400667
10000, 4000, 6000, 1, 751167
10000, 5000, 5000, 1, 978666
650, 325, 325, 1, 18500
650, 350, 300, 1, 19750
650, 300, 350, 1, 17083
1000, 500, 500, 1, 28083
1000, 700, 300, 1, 143125
2500, 1250, 1250, 1, 297917
2500, 1000, 1500, 1, 207584
5000, 2500, 2500, 1, 516458
5000, 3000, 2000, 1, 630625
8000, 4000, 4000, 1, 774667
8000, 2000, 6000, 1, 400125
10000, 4000, 6000, 1, 761000
10000, 5000, 5000, 1, 976750
650, 325, 325, 1, 18459
650, 350, 300, 1, 19750
650, 300, 350, 1, 17042
1000, 500, 500, 1, 28083
1000, 700, 300, 1, 143958
2500, 1250, 1250, 1, 274750
2500, 1000, 1500, 1, 208958
5000, 2500, 2500, 1, 519500
5000, 3000, 2000, 1, 637458
8000, 4000, 4000, 1, 760875
8000, 2000, 6000, 1, 402125
10000, 4000, 6000, 1, 766958
10000, 5000, 5000, 1, 981333
650, 325, 325, 1, 18500
650, 350, 300, 1, 19833
650, 300, 350, 1, 17042
1000, 500, 500, 1, 28084
1000, 700, 300, 1, 149000
2500, 1250, 1250, 1, 275791
2500, 1000, 1500, 1, 210250
5000, 2500, 2500, 1, 522041
5000, 3000, 2000, 1, 643625
8000, 4000, 4000, 1, 762750
8000, 2000, 6000, 1, 404250
10000, 4000, 6000, 1, 768042
10000, 5000, 5000, 1, 986750
650, 325, 325, 1, 18542
650, 350, 300, 1, 19792
650, 300, 350, 1, 18000
1000, 500, 500, 1, 28041
1000, 700, 300, 1, 145667
2500, 1250, 1250, 1, 277542
2500, 1000, 1500, 1, 211333
5000, 2500, 2500, 1, 525375
5000, 3000, 2000, 1, 663041
8000, 4000, 4000, 1, 765667
8000, 2000, 6000, 1, 409333
10000, 4000, 6000, 1, 769875
10000, 5000, 5000, 1, 991708
650, 325, 325, 1, 19417
650, 350, 300, 1, 19791
650, 300, 350, 1, 17083
1000, 500, 500, 1, 28125
1000, 700, 300, 1, 146375
2500, 1250, 1250, 1, 279375
2500, 1000, 1500, 1, 212792
5000, 2500, 2500, 1, 529208
5000, 3000, 2000, 1, 645000
8000, 4000, 4000, 1, 772292
8000, 2000, 6000, 1, 414833
10000, 4000, 6000, 1, 769334
10000, 5000, 5000, 1, 1001583
650, 325, 325, 1, 18500
650, 350, 300, 1, 24250
650, 300, 350, 1, 17125
1000, 500, 500, 1, 28084
1000, 700, 300, 1, 147292
2500, 1250, 1250, 1, 280708
2500, 1000, 1500, 1, 213625
5000, 2500, 2500, 1, 536250
5000, 3000, 2000, 1, 651666
8000, 4000, 4000, 1, 773083
8000, 2000, 6000, 1, 417667
10000, 4000, 6000, 1, 773250
10000, 5000, 5000, 1, 1007500
650, 325, 325, 1, 18541
650, 350, 300, 1, 19791
650, 300, 350, 1, 17084
1000, 500, 500, 1, 28000
1000, 700, 300, 1, 148417
2500, 1250, 1250, 1, 282333
2500, 1000, 1500, 1, 215042
5000, 2500, 2500, 1, 538375
5000, 3000, 2000, 1, 652875
8000, 4000, 4000, 1, 785166
8000, 2000, 6000, 1, 417084
10000, 4000, 6000, 1, 780250
10000, 5000, 5000, 1, 1014708
650, 325, 325, 1, 18542
650, 350, 300, 1, 19792
650, 300, 350, 1, 17166
1000, 500, 500, 1, 27958
1000, 700, 300, 1, 149000
2500, 1250, 1250, 1, 284125
2500, 1000, 1500, 1, 220375
5000, 2500, 2500, 1, 537000
5000, 3000, 2000, 1, 656875
8000, 4000, 4000, 1, 786125
8000, 2000, 6000, 1, 415250
10000, 4000, 6000, 1, 783708
10000, 5000, 5000, 1, 1012250
650, 325, 325, 1, 18542
650, 350, 300, 1, 19833
650, 300, 350, 1, 17083
1000, 500, 500, 1, 28125
1000, 700, 300, 1, 149583
2500, 1250, 1250, 1, 291209
2500, 1000, 1500, 1, 217375
5000, 2500, 2500, 1, 541042
5000, 3000, 2000, 1, 663292
8000, 4000, 4000, 1, 785042
8000, 2000, 6000, 1, 417625
10000, 4000, 6000, 1, 790750
10000, 5000, 5000, 1, 1017708
650, 325, 325, 1, 18500
650, 350, 300, 1, 20042
650, 300, 350, 1, 17083
1000, 500, 500, 1, 28041
1000, 700, 300, 1, 151375
2500, 1250, 1250, 1, 287375
2500, 1000, 1500, 1, 218583
5000, 2500, 2500, 1, 544041
5000, 3000, 2000, 1, 669375
8000, 4000, 4000, 1, 787708
8000, 2000, 6000, 1, 422500
10000, 4000, 6000, 1, 793166
10000, 5000, 5000, 1, 1023292
650, 325, 325, 1, 19125
650, 350, 300, 1, 20375
650, 300, 350, 1, 17041
1000, 500, 500, 1, 28083
1000, 700, 300, 1, 151209
2500, 1250, 1250, 1, 289167
2500, 1000, 1500, 1, 219666
5000, 2500, 2500, 1, 546375
5000, 3000, 2000, 1, 667792
8000, 4000, 4000, 1, 791625
8000, 2000, 6000, 1, 427750
10000, 4000, 6000, 1, 794333
10000, 5000, 5000, 1, 1035291
650, 325, 325, 1, 18500
650, 350, 300, 1, 19916
650, 300, 350, 1, 17125
1000, 500, 500, 1, 28125
1000, 700, 300, 1, 152083
2500, 1250, 1250, 1, 290958
2500, 1000, 1500, 1, 220958
5000, 2500, 2500, 1, 554083
5000, 3000, 2000, 1, 677500
8000, 4000, 4000, 1, 801000
8000, 2000, 6000, 1, 424125
10000, 4000, 6000, 1, 798333
10000, 5000, 5000, 1, 1040625
650, 325, 325, 1, 18542
650, 350, 300, 1, 19875
650, 300, 350, 1, 17000
1000, 500, 500, 1, 27958
1000, 700, 300, 1, 153000
2500, 1250, 1250, 1, 295292
2500, 1000, 1500, 1, 227583
5000, 2500, 2500, 1, 554333
5000, 3000, 2000, 1, 675125
8000, 4000, 4000, 1, 805667
8000, 2000, 6000, 1, 426167
10000, 4000, 6000, 1, 802000
10000, 5000, 5000, 1, 1039500
650, 325, 325, 1, 18417
650, 350, 300, 1, 19875
650, 300, 350, 1, 17083
1000, 500, 500, 1, 28041
1000, 700, 300, 1, 153750
2500, 1250, 1250, 1, 296833
2500, 1000, 1500, 1, 223584
5000, 2500, 2500, 1, 557250
5000, 3000, 2000, 1, 683917
8000, 4000, 4000, 1, 803500
8000, 2000, 6000, 1, 428250
10000, 4000, 6000, 1, 807959
10000, 5000, 5000, 1, 1042958
650, 325, 325, 1, 18500
650, 350, 300, 1, 19792
650, 300, 350, 1, 18166
1000, 500, 500, 1, 28042
1000, 700, 300, 1, 154666
2500, 1250, 1250, 1, 295834
2500, 1000, 1500, 1, 224541
5000, 2500, 2500, 1, 560291
5000, 3000, 2000, 1, 687750
8000, 4000, 4000, 1, 809792
8000, 2000, 6000, 1, 436291
10000, 4000, 6000, 1, 807000
10000, 5000, 5000, 1, 1054083
650, 325, 325, 1, 18416
650, 350, 300, 1, 19750
650, 300, 350, 1, 17125
1000, 500, 500, 1, 28166
1000, 700, 300, 1, 155291
2500, 1250, 1250, 1, 297500
2500, 1000, 1500, 1, 225750
5000, 2500, 2500, 1, 565833
5000, 3000, 2000, 1, 686625
8000, 4000, 4000, 1, 815417
8000, 2000, 6000, 1, 432750
10000, 4000, 6000, 1, 810208
10000, 5000, 5000, 1, 1060959
650, 325, 325, 1, 18417
650, 350, 300, 1, 21167
650, 300, 350, 1, 17542
1000, 500, 500, 1, 29041
1000, 700, 300, 1, 162666
2500, 1250, 1250, 1, 312792
2500, 1000, 1500, 1, 237167
5000, 2500, 2500, 1, 584125
5000, 3000, 2000, 1, 696209
8000, 4000, 4000, 1, 842917
8000, 2000, 6000, 1, 443792
10000, 4000, 6000, 1, 837250
10000, 5000, 5000, 1, 1205958
650, 325, 325, 1, 18875
650, 350, 300, 1, 20083
650, 300, 350, 1, 17125
1000, 500, 500, 1, 27875
1000, 700, 300, 1, 157084
2500, 1250, 1250, 1, 302375
2500, 1000, 1500, 1, 229166
5000, 2500, 2500, 1, 567583
5000, 3000, 2000, 1, 693750
8000, 4000, 4000, 1, 841459
8000, 2000, 6000, 1, 459333
10000, 4000, 6000, 1, 819209
10000, 5000, 5000, 1, 1063709
650, 325, 325, 1, 18625
650, 350, 300, 1, 19750
650, 300, 350, 1, 17042
1000, 500, 500, 1, 28042
1000, 700, 300, 1, 157833
2500, 1250, 1250, 1, 302875
2500, 1000, 1500, 1, 229458
5000, 2500, 2500, 1, 569916
5000, 3000, 2000, 1, 754042
8000, 4000, 4000, 1, 868125
8000, 2000, 6000, 1, 456916
10000, 4000, 6000, 1, 851208
10000, 5000, 5000, 1, 1114416
650, 325, 325, 1, 19125
650, 350, 300, 1, 20541
650, 300, 350, 1, 17625
1000, 500, 500, 1, 28916
1000, 700, 300, 1, 163666
2500, 1250, 1250, 1, 314542
2500, 1000, 1500, 1, 237667
5000, 2500, 2500, 1, 590666
5000, 3000, 2000, 1, 726125
8000, 4000, 4000, 1, 856375
8000, 2000, 6000, 1, 455042
10000, 4000, 6000, 1, 854417
10000, 5000, 5000, 1, 1118916
650, 325, 325, 1, 19000
650, 350, 300, 1, 20417
650, 300, 350, 1, 17625
1000, 500, 500, 1, 28959
1000, 700, 300, 1, 164291
2500, 1250, 1250, 1, 315083
2500, 1000, 1500, 1, 276833
5000, 2500, 2500, 1, 641166
5000, 3000, 2000, 1, 708083
8000, 4000, 4000, 1, 831625
8000, 2000, 6000, 1, 443875
10000, 4000, 6000, 1, 833709
10000, 5000, 5000, 1, 1098125
650, 325, 325, 1, 18625
650, 350, 300, 1, 20375
650, 300, 350, 1, 18125
1000, 500, 500, 1, 28750
1000, 700, 300, 1, 166250
2500, 1250, 1250, 1, 317834
2500, 1000, 1500, 1, 240000
5000, 2500, 2500, 1, 596125
5000, 3000, 2000, 1, 731166
8000, 4000, 4000, 1, 863625
8000, 2000, 6000, 1, 476625
10000, 4000, 6000, 1, 863125
10000, 5000, 5000, 1, 1099958
650, 325, 325, 1, 18417
650, 350, 300, 1, 19875
650, 300, 350, 1, 17042
1000, 500, 500, 1, 28000
1000, 700, 300, 1, 161500
2500, 1250, 1250, 1, 309625
2500, 1000, 1500, 1, 234125
5000, 2500, 2500, 1, 606792
5000, 3000, 2000, 1, 713000
8000, 4000, 4000, 1, 836583
8000, 2000, 6000, 1, 447750
10000, 4000, 6000, 1, 842042
10000, 5000, 5000, 1, 1109708
650, 325, 325, 1, 19333
650, 350, 300, 1, 20584
650, 300, 350, 1, 17666
1000, 500, 500, 1, 28875
1000, 700, 300, 1, 166916
2500, 1250, 1250, 1, 388084
2500, 1000, 1500, 1, 263459
5000, 2500, 2500, 1, 685291
5000, 3000, 2000, 1, 832417
8000, 4000, 4000, 1, 907042
8000, 2000, 6000, 1, 451333
10000, 4000, 6000, 1, 850208
10000, 5000, 5000, 1, 1111708
650, 325, 325, 1, 18500
650, 350, 300, 1, 19958
650, 300, 350, 1, 17125
1000, 500, 500, 1, 27959
1000, 700, 300, 1, 162667
2500, 1250, 1250, 1, 316125
2500, 1000, 1500, 1, 237083
5000, 2500, 2500, 1, 587833
5000, 3000, 2000, 1, 720375
8000, 4000, 4000, 1, 849291
8000, 2000, 6000, 1, 454792
10000, 4000, 6000, 1, 849208
10000, 5000, 5000, 1, 1104500
650, 325, 325, 1, 18375
650, 350, 300, 1, 19875
650, 300, 350, 1, 17083
1000, 500, 500, 1, 30209
1000, 700, 300, 1, 163375
2500, 1250, 1250, 1, 314084
2500, 1000, 1500, 1, 237750
5000, 2500, 2500, 1, 590042
5000, 3000, 2000, 1, 739084
8000, 4000, 4000, 1, 850417
8000, 2000, 6000, 1, 459584
10000, 4000, 6000, 1, 847792
10000, 5000, 5000, 1, 1117708
650, 325, 325, 1, 18583
650, 350, 300, 1, 19917
650, 300, 350, 1, 17083
1000, 500, 500, 1, 28042
1000, 700, 300, 1, 165500
2500, 1250, 1250, 1, 318500
2500, 1000, 1500, 1, 241375
5000, 2500, 2500, 1, 595792
5000, 3000, 2000, 1, 726708
8000, 4000, 4000, 1, 856625
8000, 2000, 6000, 1, 456458
10000, 4000, 6000, 1, 853375
10000, 5000, 5000, 1, 1123292
650, 325, 325, 1, 18375
650, 350, 300, 1, 19833
650, 300, 350, 1, 17208
1000, 500, 500, 1, 28250
1000, 700, 300, 1, 166792
2500, 1250, 1250, 1, 317500
2500, 1000, 1500, 1, 239792
5000, 2500, 2500, 1, 596292
5000, 3000, 2000, 1, 736042
8000, 4000, 4000, 1, 861208
8000, 2000, 6000, 1, 458875
10000, 4000, 6000, 1, 861708
10000, 5000, 5000, 1, 1120208
650, 325, 325, 1, 18459
650, 350, 300, 1, 19791
650, 300, 350, 1, 16916
1000, 500, 500, 1, 28042
1000, 700, 300, 1, 165666
2500, 1250, 1250, 1, 319083
2500, 1000, 1500, 1, 241417
5000, 2500, 2500, 1, 604292
5000, 3000, 2000, 1, 734291
8000, 4000, 4000, 1, 866250
8000, 2000, 6000, 1, 460666
10000, 4000, 6000, 1, 898875
10000, 5000, 5000, 1, 1125500
650, 325, 325, 1, 18500
650, 350, 300, 1, 19750
650, 300, 350, 1, 17291
1000, 500, 500, 1, 28000
1000, 700, 300, 1, 166458
2500, 1250, 1250, 1, 326125
2500, 1000, 1500, 1, 242291
5000, 2500, 2500, 1, 601625
5000, 3000, 2000, 1, 743084
8000, 4000, 4000, 1, 866166
8000, 2000, 6000, 1, 463083
10000, 4000, 6000, 1, 867625
10000, 5000, 5000, 1, 1127625
650, 325, 325, 1, 19792
650, 350, 300, 1, 19792
650, 300, 350, 1, 17042
1000, 500, 500, 1, 28042
1000, 700, 300, 1, 167458
2500, 1250, 1250, 1, 322500
2500, 1000, 1500, 1, 243459
5000, 2500, 2500, 1, 609958
5000, 3000, 2000, 1, 741292
8000, 4000, 4000, 1, 871625
8000, 2000, 6000, 1, 465416
10000, 4000, 6000, 1, 868875
10000, 5000, 5000, 1, 1135292
650, 325, 325, 1, 18458
650, 350, 300, 1, 19791
650, 300, 350, 1, 17084
1000, 500, 500, 1, 28083
1000, 700, 300, 1, 168416
2500, 1250, 1250, 1, 327834
2500, 1000, 1500, 1, 244958
5000, 2500, 2500, 1, 608125
5000, 3000, 2000, 1, 745791
8000, 4000, 4000, 1, 872666
8000, 2000, 6000, 1, 467042
10000, 4000, 6000, 1, 878125
10000, 5000, 5000, 1, 1137291
650, 325, 325, 1, 18625
650, 350, 300, 1, 21291
650, 300, 350, 1, 17000
1000, 500, 500, 1, 27958
1000, 700, 300, 1, 168958
2500, 1250, 1250, 1, 325667
2500, 1000, 1500, 1, 246000
5000, 2500, 2500, 1, 641875
5000, 3000, 2000, 1, 759583
8000, 4000, 4000, 1, 887416
8000, 2000, 6000, 1, 483875
10000, 4000, 6000, 1, 874625
10000, 5000, 5000, 1, 1146542
650, 325, 325, 1, 18625
650, 350, 300, 1, 19917
650, 300, 350, 1, 17083
1000, 500, 500, 1, 28042
1000, 700, 300, 1, 169542
2500, 1250, 1250, 1, 331166
2500, 1000, 1500, 1, 247291
5000, 2500, 2500, 1, 619416
5000, 3000, 2000, 1, 756375
8000, 4000, 4000, 1, 877792
8000, 2000, 6000, 1, 472209
10000, 4000, 6000, 1, 884958
10000, 5000, 5000, 1, 1164708
650, 325, 325, 1, 19125
650, 350, 300, 1, 19834
650, 300, 350, 1, 17125
1000, 500, 500, 1, 28166
1000, 700, 300, 1, 170292
2500, 1250, 1250, 1, 329042
2500, 1000, 1500, 1, 248458
5000, 2500, 2500, 1, 621875
5000, 3000, 2000, 1, 759750
8000, 4000, 4000, 1, 883750
8000, 2000, 6000, 1, 473916
10000, 4000, 6000, 1, 881208
10000, 5000, 5000, 1, 1156209
650, 325, 325, 1, 18417
650, 350, 300, 1, 19917
650, 300, 350, 1, 17000
1000, 500, 500, 1, 28084
1000, 700, 300, 1, 174042
2500, 1250, 1250, 1, 341167
2500, 1000, 1500, 1, 249542
5000, 2500, 2500, 1, 619292
5000, 3000, 2000, 1, 763042
8000, 4000, 4000, 1, 884417
8000, 2000, 6000, 1, 476000
10000, 4000, 6000, 1, 891750
10000, 5000, 5000, 1, 1155875
650, 325, 325, 1, 18458
650, 350, 300, 1, 19792
650, 300, 350, 1, 17042
1000, 500, 500, 1, 27959
1000, 700, 300, 1, 172333
2500, 1250, 1250, 1, 332750
2500, 1000, 1500, 1, 250958
5000, 2500, 2500, 1, 626625
5000, 3000, 2000, 1, 764458
8000, 4000, 4000, 1, 891417
8000, 2000, 6000, 1, 478125
10000, 4000, 6000, 1, 892750
10000, 5000, 5000, 1, 1164375
650, 325, 325, 1, 18500
650, 350, 300, 1, 19792
650, 300, 350, 1, 17000
1000, 500, 500, 1, 28000
1000, 700, 300, 1, 180250
2500, 1250, 1250, 1, 343250
2500, 1000, 1500, 1, 252041
5000, 2500, 2500, 1, 635209
5000, 3000, 2000, 1, 778500
8000, 4000, 4000, 1, 895458
8000, 2000, 6000, 1, 480292
10000, 4000, 6000, 1, 895208
10000, 5000, 5000, 1, 1168708
650, 325, 325, 1, 18416
650, 350, 300, 1, 19792
650, 300, 350, 1, 17166
1000, 500, 500, 1, 28166
1000, 700, 300, 1, 173542
2500, 1250, 1250, 1, 366459
2500, 1000, 1500, 1, 257250
5000, 2500, 2500, 1, 631083
5000, 3000, 2000, 1, 771625
8000, 4000, 4000, 1, 899291
8000, 2000, 6000, 1, 482584
10000, 4000, 6000, 1, 897917
10000, 5000, 5000, 1, 1170833
650, 325, 325, 1, 18458
650, 350, 300, 1, 19875
650, 300, 350, 1, 16958
1000, 500, 500, 1, 28083
1000, 700, 300, 1, 177792
2500, 1250, 1250, 1, 337500
2500, 1000, 1500, 1, 254333
5000, 2500, 2500, 1, 631041
5000, 3000, 2000, 1, 777667
8000, 4000, 4000, 1, 901833
8000, 2000, 6000, 1, 491625
10000, 4000, 6000, 1, 899792
10000, 5000, 5000, 1, 1179000
650, 325, 325, 1, 18459
650, 350, 300, 1, 19917
650, 300, 350, 1, 17166
1000, 500, 500, 1, 28000
1000, 700, 300, 1, 175458
2500, 1250, 1250, 1, 339166
2500, 1000, 1500, 1, 257792
5000, 2500, 2500, 1, 637250
5000, 3000, 2000, 1, 778667
8000, 4000, 4000, 1, 905958
8000, 2000, 6000, 1, 486833
10000, 4000, 6000, 1, 906458
10000, 5000, 5000, 1, 1181584
650, 325, 325, 1, 18459
650, 350, 300, 1, 19750
650, 300, 350, 1, 17875
1000, 500, 500, 1, 28083
1000, 700, 300, 1, 176209
2500, 1250, 1250, 1, 341084
2500, 1000, 1500, 1, 256750
5000, 2500, 2500, 1, 637084
5000, 3000, 2000, 1, 782584
8000, 4000, 4000, 1, 912417
8000, 2000, 6000, 1, 490750
10000, 4000, 6000, 1, 906625
10000, 5000, 5000, 1, 1191208
650, 325, 325, 1, 18500
650, 350, 300, 1, 19791
650, 300, 350, 1, 17083
1000, 500, 500, 1, 28000
1000, 700, 300, 1, 176916
2500, 1250, 1250, 1, 345083
2500, 1000, 1500, 1, 260709
5000, 2500, 2500, 1, 640000
5000, 3000, 2000, 1, 793792
8000, 4000, 4000, 1, 911250
8000, 2000, 6000, 1, 491667
10000, 4000, 6000, 1, 917542
10000, 5000, 5000, 1, 1195500
650, 325, 325, 1, 18500
650, 350, 300, 1, 19834
650, 300, 350, 1, 17125
1000, 500, 500, 1, 28166
1000, 700, 300, 1, 177875
2500, 1250, 1250, 1, 344250
2500, 1000, 1500, 1, 259375
5000, 2500, 2500, 1, 646125
5000, 3000, 2000, 1, 792541
8000, 4000, 4000, 1, 918125
8000, 2000, 6000, 1, 496125
10000, 4000, 6000, 1, 923791
10000, 5000, 5000, 1, 1197083
650, 325, 325, 1, 18458
650, 350, 300, 1, 19917
650, 300, 350, 1, 17083
1000, 500, 500, 1, 28000
1000, 700, 300, 1, 181375
2500, 1250, 1250, 1, 345708
2500, 1000, 1500, 1, 260375
5000, 2500, 2500, 1, 646458
5000, 3000, 2000, 1, 797083
8000, 4000, 4000, 1, 921250
8000, 2000, 6000, 1, 499000
10000, 4000, 6000, 1, 921209
10000, 5000, 5000, 1, 1204292
650, 325, 325, 1, 18583
650, 350, 300, 1, 19833
650, 300, 350, 1, 17125
1000, 500, 500, 1, 28083
1000, 700, 300, 1, 179292
2500, 1250, 1250, 1, 347708
2500, 1000, 1500, 1, 265166
5000, 2500, 2500, 1, 649458
5000, 3000, 2000, 1, 797459
8000, 4000, 4000, 1, 924833
8000, 2000, 6000, 1, 497708
10000, 4000, 6000, 1, 925291
10000, 5000, 5000, 1, 1206750
650, 325, 325, 1, 19041
650, 350, 300, 1, 19750
650, 300, 350, 1, 17084
1000, 500, 500, 1, 28084
1000, 700, 300, 1, 179875
2500, 1250, 1250, 1, 349333
2500, 1000, 1500, 1, 265500
5000, 2500, 2500, 1, 654792
5000, 3000, 2000, 1, 800917
8000, 4000, 4000, 1, 928458
8000, 2000, 6000, 1, 503625
10000, 4000, 6000, 1, 925625
10000, 5000, 5000, 1, 1217042
650, 325, 325, 1, 18458
650, 350, 300, 1, 19875
650, 300, 350, 1, 17041
1000, 500, 500, 1, 28708
1000, 700, 300, 1, 181667
2500, 1250, 1250, 1, 355500
2500, 1000, 1500, 1, 265083
5000, 2500, 2500, 1, 655667
5000, 3000, 2000, 1, 810292
8000, 4000, 4000, 1, 929834
8000, 2000, 6000, 1, 508167
10000, 4000, 6000, 1, 936167
10000, 5000, 5000, 1, 1225416
650, 325, 325, 1, 18500
650, 350, 300, 1, 19958
650, 300, 350, 1, 17166
1000, 500, 500, 1, 27958
1000, 700, 300, 1, 181709
2500, 1250, 1250, 1, 352959
2500, 1000, 1500, 1, 270458
5000, 2500, 2500, 1, 657833
5000, 3000, 2000, 1, 811458
8000, 4000, 4000, 1, 943375
8000, 2000, 6000, 1, 504625
10000, 4000, 6000, 1, 975625
10000, 5000, 5000, 1, 1226666
650, 325, 325, 1, 18458
650, 350, 300, 1, 19959
650, 300, 350, 1, 17084
1000, 500, 500, 1, 27958
1000, 700, 300, 1, 182750
2500, 1250, 1250, 1, 356959
2500, 1000, 1500, 1, 266250
5000, 2500, 2500, 1, 666750
5000, 3000, 2000, 1, 812166
8000, 4000, 4000, 1, 942333
8000, 2000, 6000, 1, 509125
10000, 4000, 6000, 1, 942375
10000, 5000, 5000, 1, 1228834
650, 325, 325, 1, 18417
650, 350, 300, 1, 19833
650, 300, 350, 1, 17125
1000, 500, 500, 1, 27916
1000, 700, 300, 1, 184917
2500, 1250, 1250, 1, 355833
2500, 1000, 1500, 1, 267583
5000, 2500, 2500, 1, 666583
5000, 3000, 2000, 1, 821583
8000, 4000, 4000, 1, 940750
8000, 2000, 6000, 1, 513875
10000, 4000, 6000, 1, 940833
10000, 5000, 5000, 1, 1280375
650, 325, 325, 1, 19000
650, 350, 300, 1, 21125
650, 300, 350, 1, 18375
1000, 500, 500, 1, 29791
1000, 700, 300, 1, 193000
2500, 1250, 1250, 1, 379083
2500, 1000, 1500, 1, 296334
5000, 2500, 2500, 1, 697167
5000, 3000, 2000, 1, 854083
8000, 4000, 4000, 1, 975917
8000, 2000, 6000, 1, 534417
10000, 4000, 6000, 1, 978000
10000, 5000, 5000, 1, 1295000
650, 325, 325, 1, 18542
650, 350, 300, 1, 19750
650, 300, 350, 1, 17000
1000, 500, 500, 1, 27916
1000, 700, 300, 1, 187792
2500, 1250, 1250, 1, 359458
2500, 1000, 1500, 1, 270709
5000, 2500, 2500, 1, 670083
5000, 3000, 2000, 1, 827875
8000, 4000, 4000, 1, 989625
8000, 2000, 6000, 1, 529333
10000, 4000, 6000, 1, 983500
10000, 5000, 5000, 1, 1292417
650, 325, 325, 1, 19000
650, 350, 300, 1, 21291
650, 300, 350, 1, 17583
1000, 500, 500, 1, 28959
1000, 700, 300, 1, 192667
2500, 1250, 1250, 1, 372292
2500, 1000, 1500, 1, 283791
5000, 2500, 2500, 1, 701750
5000, 3000, 2000, 1, 892542
8000, 4000, 4000, 1, 1027875
8000, 2000, 6000, 1, 559542
10000, 4000, 6000, 1, 969083
10000, 5000, 5000, 1, 1251167
650, 325, 325, 1, 18583
650, 350, 300, 1, 19833
650, 300, 350, 1, 17125
1000, 500, 500, 1, 28000
1000, 700, 300, 1, 186417
2500, 1250, 1250, 1, 362875
2500, 1000, 1500, 1, 272750
5000, 2500, 2500, 1, 677458
5000, 3000, 2000, 1, 831375
8000, 4000, 4000, 1, 958459
8000, 2000, 6000, 1, 517500
10000, 4000, 6000, 1, 971583
10000, 5000, 5000, 1, 1253459
650, 325, 325, 1, 19208
650, 350, 300, 1, 19834
650, 300, 350, 1, 17041
1000, 500, 500, 1, 28000
1000, 700, 300, 1, 187542
2500, 1250, 1250, 1, 364500
2500, 1000, 1500, 1, 277667
5000, 2500, 2500, 1, 682042
5000, 3000, 2000, 1, 863334
8000, 4000, 4000, 1, 1011375
8000, 2000, 6000, 1, 519666
10000, 4000, 6000, 1, 967916
10000, 5000, 5000, 1, 1299958
650, 325, 325, 1, 18375
650, 350, 300, 1, 19833
650, 300, 350, 1, 17208
1000, 500, 500, 1, 28625
1000, 700, 300, 1, 188209
2500, 1250, 1250, 1, 365917
2500, 1000, 1500, 1, 274875
5000, 2500, 2500, 1, 682750
5000, 3000, 2000, 1, 840958
8000, 4000, 4000, 1, 965667
8000, 2000, 6000, 1, 535208
10000, 4000, 6000, 1, 978625
10000, 5000, 5000, 1, 1271208
650, 325, 325, 1, 18375
650, 350, 300, 1, 19916
650, 300, 350, 1, 17083
1000, 500, 500, 1, 28000
1000, 700, 300, 1, 189083
2500, 1250, 1250, 1, 367417
2500, 1000, 1500, 1, 276000
5000, 2500, 2500, 1, 684209
5000, 3000, 2000, 1, 848125
8000, 4000, 4000, 1, 967041
8000, 2000, 6000, 1, 526709
10000, 4000, 6000, 1, 967584
10000, 5000, 5000, 1, 1271500
650, 325, 325, 1, 18541
650, 350, 300, 1, 19792
650, 300, 350, 1, 17125
1000, 500, 500, 1, 27958
1000, 700, 300, 1, 189625
2500, 1250, 1250, 1, 371917
2500, 1000, 1500, 1, 280083
5000, 2500, 2500, 1, 689959
5000, 3000, 2000, 1, 851375
8000, 4000, 4000, 1, 970750
8000, 2000, 6000, 1, 542583
10000, 4000, 6000, 1, 971917
10000, 5000, 5000, 1, 1278500
650, 325, 325, 1, 18625
650, 350, 300, 1, 19833
650, 300, 350, 1, 17000
1000, 500, 500, 1, 28083
1000, 700, 300, 1, 190583
2500, 1250, 1250, 1, 371125
2500, 1000, 1500, 1, 280875
5000, 2500, 2500, 1, 690334
5000, 3000, 2000, 1, 849792
8000, 4000, 4000, 1, 974333
8000, 2000, 6000, 1, 528291
10000, 4000, 6000, 1, 976792
10000, 5000, 5000, 1, 1282084
650, 325, 325, 1, 18417
650, 350, 300, 1, 19708
650, 300, 350, 1, 17084
1000, 500, 500, 1, 27917
1000, 700, 300, 1, 191459
2500, 1250, 1250, 1, 372750
2500, 1000, 1500, 1, 279708
5000, 2500, 2500, 1, 696041
5000, 3000, 2000, 1, 855917
8000, 4000, 4000, 1, 980958
8000, 2000, 6000, 1, 530584
10000, 4000, 6000, 1, 982583
10000, 5000, 5000, 1, 1284292
650, 325, 325, 1, 18458
650, 350, 300, 1, 20000
650, 300, 350, 1, 17167
1000, 500, 500, 1, 29375
1000, 700, 300, 1, 192292
2500, 1250, 1250, 1, 376083
2500, 1000, 1500, 1, 283500
5000, 2500, 2500, 1, 695833
5000, 3000, 2000, 1, 861583
8000, 4000, 4000, 1, 983500
8000, 2000, 6000, 1, 535708
10000, 4000, 6000, 1, 981875
10000, 5000, 5000, 1, 1296000
650, 325, 325, 1, 19750
650, 350, 300, 1, 19791
650, 300, 350, 1, 17041
1000, 500, 500, 1, 28083
1000, 700, 300, 1, 192666
2500, 1250, 1250, 1, 378834
2500, 1000, 1500, 1, 286667
5000, 2500, 2500, 1, 699167
5000, 3000, 2000, 1, 863666
8000, 4000, 4000, 1, 985458
8000, 2000, 6000, 1, 537667
10000, 4000, 6000, 1, 988834
10000, 5000, 5000, 1, 1296791
650, 325, 325, 1, 18583
650, 350, 300, 1, 19834
650, 300, 350, 1, 17000
1000, 500, 500, 1, 28125
1000, 700, 300, 1, 193875
2500, 1250, 1250, 1, 394375
2500, 1000, 1500, 1, 283375
5000, 2500, 2500, 1, 702750
5000, 3000, 2000, 1, 867625
8000, 4000, 4000, 1, 991584
8000, 2000, 6000, 1, 541333
10000, 4000, 6000, 1, 989541
10000, 5000, 5000, 1, 1313667
650, 325, 325, 1, 18375
650, 350, 300, 1, 20042
650, 300, 350, 1, 17083
1000, 500, 500, 1, 28083
1000, 700, 300, 1, 197166
2500, 1250, 1250, 1, 379708
2500, 1000, 1500, 1, 285083
5000, 2500, 2500, 1, 705500
5000, 3000, 2000, 1, 871500
8000, 4000, 4000, 1, 992583
8000, 2000, 6000, 1, 539500
10000, 4000, 6000, 1, 996083
10000, 5000, 5000, 1, 1308125
650, 325, 325, 1, 18500
650, 350, 300, 1, 19834
650, 300, 350, 1, 17209
1000, 500, 500, 1, 28042
1000, 700, 300, 1, 195583
2500, 1250, 1250, 1, 381250
2500, 1000, 1500, 1, 290333
5000, 2500, 2500, 1, 708083
5000, 3000, 2000, 1, 871541
8000, 4000, 4000, 1, 1002625
8000, 2000, 6000, 1, 554333
10000, 4000, 6000, 1, 1002083
10000, 5000, 5000, 1, 1313208
650, 325, 325, 1, 18500
650, 350, 300, 1, 19833
650, 300, 350, 1, 17167
1000, 500, 500, 1, 28083
1000, 700, 300, 1, 195958
2500, 1250, 1250, 1, 382791
2500, 1000, 1500, 1, 286750
5000, 2500, 2500, 1, 711000
5000, 3000, 2000, 1, 875500
8000, 4000, 4000, 1, 1003625
8000, 2000, 6000, 1, 543833
10000, 4000, 6000, 1, 1005042
10000, 5000, 5000, 1, 1318292
650, 325, 325, 1, 18458
650, 350, 300, 1, 19917
650, 300, 350, 1, 17084
1000, 500, 500, 1, 28000
1000, 700, 300, 1, 196875
2500, 1250, 1250, 1, 387041
2500, 1000, 1500, 1, 287834
5000, 2500, 2500, 1, 719792
5000, 3000, 2000, 1, 883542
8000, 4000, 4000, 1, 1007167
8000, 2000, 6000, 1, 548041
10000, 4000, 6000, 1, 1007875
10000, 5000, 5000, 1, 1324083
650, 325, 325, 1, 18666
650, 350, 300, 1, 19917
650, 300, 350, 1, 17208
1000, 500, 500, 1, 28042
1000, 700, 300, 1, 200333
2500, 1250, 1250, 1, 386208
2500, 1000, 1500, 1, 289042
5000, 2500, 2500, 1, 723709
5000, 3000, 2000, 1, 882583
8000, 4000, 4000, 1, 1011292
8000, 2000, 6000, 1, 548083
10000, 4000, 6000, 1, 1011917
10000, 5000, 5000, 1, 1324833
650, 325, 325, 1, 19041
650, 350, 300, 1, 19750
650, 300, 350, 1, 16958
1000, 500, 500, 1, 28125
1000, 700, 300, 1, 198542
2500, 1250, 1250, 1, 387708
2500, 1000, 1500, 1, 290458
5000, 2500, 2500, 1, 725125
5000, 3000, 2000, 1, 886583
8000, 4000, 4000, 1, 1017000
8000, 2000, 6000, 1, 550333
10000, 4000, 6000, 1, 1017417
10000, 5000, 5000, 1, 1334875
650, 325, 325, 1, 18459
650, 350, 300, 1, 20417
650, 300, 350, 1, 17083
1000, 500, 500, 1, 27958
1000, 700, 300, 1, 199250
2500, 1250, 1250, 1, 389792
2500, 1000, 1500, 1, 294542
5000, 2500, 2500, 1, 725666
5000, 3000, 2000, 1, 890250
8000, 4000, 4000, 1, 1018875
8000, 2000, 6000, 1, 576833
10000, 4000, 6000, 1, 1018542
10000, 5000, 5000, 1, 1338291
650, 325, 325, 1, 18417
650, 350, 300, 1, 20458
650, 300, 350, 1, 17083
1000, 500, 500, 1, 28042
1000, 700, 300, 1, 200167
2500, 1250, 1250, 1, 391166
2500, 1000, 1500, 1, 292833
5000, 2500, 2500, 1, 730333
5000, 3000, 2000, 1, 893541
8000, 4000, 4000, 1, 1023208
8000, 2000, 6000, 1, 554625
10000, 4000, 6000, 1, 1026625
10000, 5000, 5000, 1, 1343292
650, 325, 325, 1, 18417
650, 350, 300, 1, 20333
650, 300, 350, 1, 17041
1000, 500, 500, 1, 27958
1000, 700, 300, 1, 200875
2500, 1250, 1250, 1, 392834
2500, 1000, 1500, 1, 293958
5000, 2500, 2500, 1, 731083
5000, 3000, 2000, 1, 897709
8000, 4000, 4000, 1, 1032875
8000, 2000, 6000, 1, 557000
10000, 4000, 6000, 1, 1044834
10000, 5000, 5000, 1, 1345875
650, 325, 325, 1, 19167
650, 350, 300, 1, 20667
650, 300, 350, 1, 17209
1000, 500, 500, 1, 28000
1000, 700, 300, 1, 201708
2500, 1250, 1250, 1, 394500
2500, 1000, 1500, 1, 295042
5000, 2500, 2500, 1, 734458
5000, 3000, 2000, 1, 904709
8000, 4000, 4000, 1, 1032541
8000, 2000, 6000, 1, 561625
10000, 4000, 6000, 1, 1032875
10000, 5000, 5000, 1, 1353458
650, 325, 325, 1, 19458
650, 350, 300, 1, 25750
650, 300, 350, 1, 20666
1000, 500, 500, 1, 30417
1000, 700, 300, 1, 203209
2500, 1250, 1250, 1, 403584
2500, 1000, 1500, 1, 296959
5000, 2500, 2500, 1, 738875
5000, 3000, 2000, 1, 913292
8000, 4000, 4000, 1, 1041334
8000, 2000, 6000, 1, 561916
10000, 4000, 6000, 1, 1031792
10000, 5000, 5000, 1, 1363875
650, 325, 325, 1, 18458
650, 350, 300, 1, 19917
650, 300, 350, 1, 17042
1000, 500, 500, 1, 28000
1000, 700, 300, 1, 203500
2500, 1250, 1250, 1, 398333
2500, 1000, 1500, 1, 298125
5000, 2500, 2500, 1, 869292
5000, 3000, 2000, 1, 914167
8000, 4000, 4000, 1, 1075833
8000, 2000, 6000, 1, 578833
10000, 4000, 6000, 1, 1045084
10000, 5000, 5000, 1, 1374875
650, 325, 325, 1, 18416
650, 350, 300, 1, 19875
650, 300, 350, 1, 17209
1000, 500, 500, 1, 28042
1000, 700, 300, 1, 203916
2500, 1250, 1250, 1, 399542
2500, 1000, 1500, 1, 301541
5000, 2500, 2500, 1, 740958
5000, 3000, 2000, 1, 916958
8000, 4000, 4000, 1, 1041750
8000, 2000, 6000, 1, 565625
10000, 4000, 6000, 1, 1045042
10000, 5000, 5000, 1, 1375208
650, 325, 325, 1, 18458
650, 350, 300, 1, 19792
650, 300, 350, 1, 17083
1000, 500, 500, 1, 28208
1000, 700, 300, 1, 207541
2500, 1250, 1250, 1, 401042
2500, 1000, 1500, 1, 302417
5000, 2500, 2500, 1, 743916
5000, 3000, 2000, 1, 923458
8000, 4000, 4000, 1, 1055375
8000, 2000, 6000, 1, 581416
10000, 4000, 6000, 1, 1042833
10000, 5000, 5000, 1, 1389750
650, 325, 325, 1, 18417
650, 350, 300, 1, 19958
650, 300, 350, 1, 17042
1000, 500, 500, 1, 28167
1000, 700, 300, 1, 205875
2500, 1250, 1250, 1, 403625
2500, 1000, 1500, 1, 301042
5000, 2500, 2500, 1, 746708
5000, 3000, 2000, 1, 925041
8000, 4000, 4000, 1, 1048125
8000, 2000, 6000, 1, 575292
10000, 4000, 6000, 1, 1048333
10000, 5000, 5000, 1, 1382292
650, 325, 325, 1, 18416
650, 350, 300, 1, 19833
650, 300, 350, 1, 17167
1000, 500, 500, 1, 28000
1000, 700, 300, 1, 206708
2500, 1250, 1250, 1, 410584
2500, 1000, 1500, 1, 302125
5000, 2500, 2500, 1, 752708
5000, 3000, 2000, 1, 929250
8000, 4000, 4000, 1, 1049167
8000, 2000, 6000, 1, 576792
10000, 4000, 6000, 1, 1049292
10000, 5000, 5000, 1, 1390458
650, 325, 325, 1, 18542
650, 350, 300, 1, 19875
650, 300, 350, 1, 17208
1000, 500, 500, 1, 28083
1000, 700, 300, 1, 207417
2500, 1250, 1250, 1, 411666
2500, 1000, 1500, 1, 303541
5000, 2500, 2500, 1, 752625
5000, 3000, 2000, 1, 935125
8000, 4000, 4000, 1, 1053584
8000, 2000, 6000, 1, 574667
10000, 4000, 6000, 1, 1089500
10000, 5000, 5000, 1, 1393208
650, 325, 325, 1, 18625
650, 350, 300, 1, 19709
650, 300, 350, 1, 17125
1000, 500, 500, 1, 27917
1000, 700, 300, 1, 212166
2500, 1250, 1250, 1, 408000
2500, 1000, 1500, 1, 308375
5000, 2500, 2500, 1, 756542
5000, 3000, 2000, 1, 931291
8000, 4000, 4000, 1, 1061584
8000, 2000, 6000, 1, 576625
10000, 4000, 6000, 1, 1061916
10000, 5000, 5000, 1, 1391750
650, 325, 325, 1, 18416
650, 350, 300, 1, 19792
650, 300, 350, 1, 17542
1000, 500, 500, 1, 28000
1000, 700, 300, 1, 209083
2500, 1250, 1250, 1, 409750
2500, 1000, 1500, 1, 309500
5000, 2500, 2500, 1, 763791
5000, 3000, 2000, 1, 938458
8000, 4000, 4000, 1, 1067666
8000, 2000, 6000, 1, 583500
10000, 4000, 6000, 1, 1065125
10000, 5000, 5000, 1, 1399875
650, 325, 325, 1, 18958
650, 350, 300, 1, 19833
650, 300, 350, 1, 17167
1000, 500, 500, 1, 27917
1000, 700, 300, 1, 209833
2500, 1250, 1250, 1, 411167
2500, 1000, 1500, 1, 307084
5000, 2500, 2500, 1, 766542
5000, 3000, 2000, 1, 941167
8000, 4000, 4000, 1, 1072292
8000, 2000, 6000, 1, 582083
10000, 4000, 6000, 1, 1072042
10000, 5000, 5000, 1, 1421375
650, 325, 325, 1, 18500
650, 350, 300, 1, 19916
650, 300, 350, 1, 17125
1000, 500, 500, 1, 28041
1000, 700, 300, 1, 210541
2500, 1250, 1250, 1, 413042
2500, 1000, 1500, 1, 308583
5000, 2500, 2500, 1, 769375
5000, 3000, 2000, 1, 942541
8000, 4000, 4000, 1, 1071916
8000, 2000, 6000, 1, 582792
10000, 4000, 6000, 1, 1072000
10000, 5000, 5000, 1, 1414166
650, 325, 325, 1, 18334
650, 350, 300, 1, 19834
650, 300, 350, 1, 17083
1000, 500, 500, 1, 28000
1000, 700, 300, 1, 228125
2500, 1250, 1250, 1, 414500
2500, 1000, 1500, 1, 314708
5000, 2500, 2500, 1, 770334
5000, 3000, 2000, 1, 951125
8000, 4000, 4000, 1, 1073750
8000, 2000, 6000, 1, 590375
10000, 4000, 6000, 1, 1075042
10000, 5000, 5000, 1, 1439166
650, 325, 325, 1, 18833
650, 350, 300, 1, 20667
650, 300, 350, 1, 17792
1000, 500, 500, 1, 30584
1000, 700, 300, 1, 219208
2500, 1250, 1250, 1, 437250
2500, 1000, 1500, 1, 310917
5000, 2500, 2500, 1, 781167
5000, 3000, 2000, 1, 992417
8000, 4000, 4000, 1, 1074958
8000, 2000, 6000, 1, 591917
10000, 4000, 6000, 1, 1084792
10000, 5000, 5000, 1, 1501541
650, 325, 325, 1, 19166
650, 350, 300, 1, 21041
650, 300, 350, 1, 17500
1000, 500, 500, 1, 29083
1000, 700, 300, 1, 224500
2500, 1250, 1250, 1, 443791
2500, 1000, 1500, 1, 331292
5000, 2500, 2500, 1, 817583
5000, 3000, 2000, 1, 991250
8000, 4000, 4000, 1, 1157541
8000, 2000, 6000, 1, 608792
10000, 4000, 6000, 1, 1122125
10000, 5000, 5000, 1, 1480917
650, 325, 325, 1, 19208
650, 350, 300, 1, 20542
650, 300, 350, 1, 17542
1000, 500, 500, 1, 28875
1000, 700, 300, 1, 225458
2500, 1250, 1250, 1, 434375
2500, 1000, 1500, 1, 327458
5000, 2500, 2500, 1, 806500
5000, 3000, 2000, 1, 993000
8000, 4000, 4000, 1, 1117959
8000, 2000, 6000, 1, 615250
10000, 4000, 6000, 1, 1119666
10000, 5000, 5000, 1, 1478666
650, 325, 325, 1, 19125
650, 350, 300, 1, 20583
650, 300, 350, 1, 17500
1000, 500, 500, 1, 29000
1000, 700, 300, 1, 221375
2500, 1250, 1250, 1, 437125
2500, 1000, 1500, 1, 324250
5000, 2500, 2500, 1, 805708
5000, 3000, 2000, 1, 1021875
8000, 4000, 4000, 1, 1159000
8000, 2000, 6000, 1, 621334
10000, 4000, 6000, 1, 1127917
10000, 5000, 5000, 1, 1483292
650, 325, 325, 1, 19000
650, 350, 300, 1, 21375
650, 300, 350, 1, 17666
1000, 500, 500, 1, 29125
1000, 700, 300, 1, 225125
2500, 1250, 1250, 1, 442416
2500, 1000, 1500, 1, 326417
5000, 2500, 2500, 1, 817625
5000, 3000, 2000, 1, 1002375
8000, 4000, 4000, 1, 1130042
8000, 2000, 6000, 1, 616834
10000, 4000, 6000, 1, 1131250
10000, 5000, 5000, 1, 1507416
650, 325, 325, 1, 19875
650, 350, 300, 1, 20542
650, 300, 350, 1, 18333
1000, 500, 500, 1, 29625
1000, 700, 300, 1, 233750
2500, 1250, 1250, 1, 447583
2500, 1000, 1500, 1, 332750
5000, 2500, 2500, 1, 825666
5000, 3000, 2000, 1, 1017458
8000, 4000, 4000, 1, 1150584
8000, 2000, 6000, 1, 645375
10000, 4000, 6000, 1, 1138208
10000, 5000, 5000, 1, 1477500
650, 325, 325, 1, 18458
650, 350, 300, 1, 19792
650, 300, 350, 1, 17166
1000, 500, 500, 1, 27958
1000, 700, 300, 1, 223209
2500, 1250, 1250, 1, 426458
2500, 1000, 1500, 1, 318000
5000, 2500, 2500, 1, 793083
5000, 3000, 2000, 1, 971833
8000, 4000, 4000, 1, 1102625
8000, 2000, 6000, 1, 600333
10000, 4000, 6000, 1, 1102625
10000, 5000, 5000, 1, 1455750
650, 325, 325, 1, 19750
650, 350, 300, 1, 19916
650, 300, 350, 1, 17166
1000, 500, 500, 1, 28041
1000, 700, 300, 1, 220583
2500, 1250, 1250, 1, 427708
2500, 1000, 1500, 1, 318833
5000, 2500, 2500, 1, 796083
5000, 3000, 2000, 1, 977000
8000, 4000, 4000, 1, 1106459
8000, 2000, 6000, 1, 602625
10000, 4000, 6000, 1, 1106000
10000, 5000, 5000, 1, 1458708
650, 325, 325, 1, 18541
650, 350, 300, 1, 19916
650, 300, 350, 1, 17000
1000, 500, 500, 1, 27875
1000, 700, 300, 1, 218583
2500, 1250, 1250, 1, 429542
2500, 1000, 1500, 1, 325458
5000, 2500, 2500, 1, 796375
5000, 3000, 2000, 1, 984542
8000, 4000, 4000, 1, 1104542
8000, 2000, 6000, 1, 609625
10000, 4000, 6000, 1, 1107542
10000, 5000, 5000, 1, 1466292
650, 325, 325, 1, 18542
650, 350, 300, 1, 19833
650, 300, 350, 1, 17125
1000, 500, 500, 1, 28000
1000, 700, 300, 1, 219625
2500, 1250, 1250, 1, 436792
2500, 1000, 1500, 1, 321416
5000, 2500, 2500, 1, 796542
5000, 3000, 2000, 1, 1001750
8000, 4000, 4000, 1, 1113083
8000, 2000, 6000, 1, 606958
10000, 4000, 6000, 1, 1111084
10000, 5000, 5000, 1, 1463958
650, 325, 325, 1, 19000
650, 350, 300, 1, 19959
650, 300, 350, 1, 17083
1000, 500, 500, 1, 27959
1000, 700, 300, 1, 220292
2500, 1250, 1250, 1, 433000
2500, 1000, 1500, 1, 322625
5000, 2500, 2500, 1, 804708
5000, 3000, 2000, 1, 986459
8000, 4000, 4000, 1, 1117291
8000, 2000, 6000, 1, 609000
10000, 4000, 6000, 1, 1127292
10000, 5000, 5000, 1, 1510542
650, 325, 325, 1, 18708
650, 350, 300, 1, 19791
650, 300, 350, 1, 17125
1000, 500, 500, 1, 28166
1000, 700, 300, 1, 221084
2500, 1250, 1250, 1, 437333
2500, 1000, 1500, 1, 329333
5000, 2500, 2500, 1, 802625
5000, 3000, 2000, 1, 995625
8000, 4000, 4000, 1, 1116042
8000, 2000, 6000, 1, 616666
10000, 4000, 6000, 1, 1116333
10000, 5000, 5000, 1, 1482542
650, 325, 325, 1, 24083
650, 350, 300, 1, 19875
650, 300, 350, 1, 17042
1000, 500, 500, 1, 28917
1000, 700, 300, 1, 222417
2500, 1250, 1250, 1, 441625
2500, 1000, 1500, 1, 325167
5000, 2500, 2500, 1, 807584
5000, 3000, 2000, 1, 1002708
8000, 4000, 4000, 1, 1124958
8000, 2000, 6000, 1, 613166
10000, 4000, 6000, 1, 1124250
10000, 5000, 5000, 1, 1497000
650, 325, 325, 1, 18417
650, 350, 300, 1, 19833
650, 300, 350, 1, 18375
1000, 500, 500, 1, 28084
1000, 700, 300, 1, 222583
2500, 1250, 1250, 1, 437958
2500, 1000, 1500, 1, 326333
5000, 2500, 2500, 1, 817167
5000, 3000, 2000, 1, 1000209
8000, 4000, 4000, 1, 1131292
8000, 2000, 6000, 1, 615625
10000, 4000, 6000, 1, 1128834
10000, 5000, 5000, 1, 1491917
650, 325, 325, 1, 18500
650, 350, 300, 1, 19792
650, 300, 350, 1, 17000
1000, 500, 500, 1, 28125
1000, 700, 300, 1, 223417
2500, 1250, 1250, 1, 439416
2500, 1000, 1500, 1, 332667
5000, 2500, 2500, 1, 811208
5000, 3000, 2000, 1, 1007334
8000, 4000, 4000, 1, 1126625
8000, 2000, 6000, 1, 623625
10000, 4000, 6000, 1, 1126791
10000, 5000, 5000, 1, 1494917
650, 325, 325, 1, 18458
650, 350, 300, 1, 19792
650, 300, 350, 1, 17167
1000, 500, 500, 1, 27958
1000, 700, 300, 1, 225833
2500, 1250, 1250, 1, 441042
2500, 1000, 1500, 1, 328542
5000, 2500, 2500, 1, 816958
5000, 3000, 2000, 1, 1006875
8000, 4000, 4000, 1, 1138416
8000, 2000, 6000, 1, 619833
10000, 4000, 6000, 1, 1136209
10000, 5000, 5000, 1, 1509875
650, 325, 325, 1, 19375
650, 350, 300, 1, 19959
650, 300, 350, 1, 17083
1000, 500, 500, 1, 28041
1000, 700, 300, 1, 225041
2500, 1250, 1250, 1, 443000
2500, 1000, 1500, 1, 329917
5000, 2500, 2500, 1, 825416
5000, 3000, 2000, 1, 1009083
8000, 4000, 4000, 1, 1142042
8000, 2000, 6000, 1, 622375
10000, 4000, 6000, 1, 1139750
10000, 5000, 5000, 1, 1506292
650, 325, 325, 1, 18375
650, 350, 300, 1, 19959
650, 300, 350, 1, 17084
1000, 500, 500, 1, 28125
1000, 700, 300, 1, 225750
2500, 1250, 1250, 1, 450125
2500, 1000, 1500, 1, 330916
5000, 2500, 2500, 1, 822750
5000, 3000, 2000, 1, 1021083
8000, 4000, 4000, 1, 1141000
8000, 2000, 6000, 1, 629625
10000, 4000, 6000, 1, 1138375
10000, 5000, 5000, 1, 1508917
650, 325, 325, 1, 18417
650, 350, 300, 1, 19917
650, 300, 350, 1, 17083
1000, 500, 500, 1, 28833
1000, 700, 300, 1, 226542
2500, 1250, 1250, 1, 448250
2500, 1000, 1500, 1, 332541
5000, 2500, 2500, 1, 828500
5000, 3000, 2000, 1, 1016667
8000, 4000, 4000, 1, 1148000
8000, 2000, 6000, 1, 626167
10000, 4000, 6000, 1, 1155250
10000, 5000, 5000, 1, 1515500
650, 325, 325, 1, 18458
650, 350, 300, 1, 19875
650, 300, 350, 1, 17209
1000, 500, 500, 1, 28042
1000, 700, 300, 1, 227375
2500, 1250, 1250, 1, 450625
2500, 1000, 1500, 1, 338666
5000, 2500, 2500, 1, 829459
5000, 3000, 2000, 1, 1025875
8000, 4000, 4000, 1, 1145292
8000, 2000, 6000, 1, 633708
10000, 4000, 6000, 1, 1148333
10000, 5000, 5000, 1, 1520500
650, 325, 325, 1, 18458
650, 350, 300, 1, 19792
650, 300, 350, 1, 17125
1000, 500, 500, 1, 28000
1000, 700, 300, 1, 229500
2500, 1250, 1250, 1, 449541
2500, 1000, 1500, 1, 334833
5000, 2500, 2500, 1, 833291
5000, 3000, 2000, 1, 1026834
8000, 4000, 4000, 1, 1154791
8000, 2000, 6000, 1, 633708
10000, 4000, 6000, 1, 1154667
10000, 5000, 5000, 1, 1524334
650, 325, 325, 1, 19125
650, 350, 300, 1, 19792
650, 300, 350, 1, 17250
1000, 500, 500, 1, 28125
1000, 700, 300, 1, 229125
2500, 1250, 1250, 1, 453959
2500, 1000, 1500, 1, 350041
5000, 2500, 2500, 1, 837459
5000, 3000, 2000, 1, 1028625
8000, 4000, 4000, 1, 1158750
8000, 2000, 6000, 1, 635625
10000, 4000, 6000, 1, 1157958
10000, 5000, 5000, 1, 1530666
650, 325, 325, 1, 18375
650, 350, 300, 1, 19833
650, 300, 350, 1, 17291
1000, 500, 500, 1, 28042
1000, 700, 300, 1, 229708
2500, 1250, 1250, 1, 453083
2500, 1000, 1500, 1, 337208
5000, 2500, 2500, 1, 834917
5000, 3000, 2000, 1, 1039500
8000, 4000, 4000, 1, 1161750
8000, 2000, 6000, 1, 640583
10000, 4000, 6000, 1, 1159875
10000, 5000, 5000, 1, 1539042
650, 325, 325, 1, 18458
650, 350, 300, 1, 19792
650, 300, 350, 1, 17042
1000, 500, 500, 1, 28916
1000, 700, 300, 1, 230709
2500, 1250, 1250, 1, 455000
2500, 1000, 1500, 1, 338291
5000, 2500, 2500, 1, 846291
5000, 3000, 2000, 1, 1034667
8000, 4000, 4000, 1, 1165584
8000, 2000, 6000, 1, 638625
10000, 4000, 6000, 1, 1166500
10000, 5000, 5000, 1, 1541125
650, 325, 325, 1, 18584
650, 350, 300, 1, 20084
650, 300, 350, 1, 17000
1000, 500, 500, 1, 28125
1000, 700, 300, 1, 231458
2500, 1250, 1250, 1, 456417
2500, 1000, 1500, 1, 345375
5000, 2500, 2500, 1, 841084
5000, 3000, 2000, 1, 1044125
8000, 4000, 4000, 1, 1164375
8000, 2000, 6000, 1, 645250
10000, 4000, 6000, 1, 1185000
10000, 5000, 5000, 1, 1557791
650, 325, 325, 1, 18583
650, 350, 300, 1, 20041
650, 300, 350, 1, 19791
1000, 500, 500, 1, 28083
1000, 700, 300, 1, 232584
2500, 1250, 1250, 1, 459000
2500, 1000, 1500, 1, 342209
5000, 2500, 2500, 1, 851625
5000, 3000, 2000, 1, 1043916
8000, 4000, 4000, 1, 1175417
8000, 2000, 6000, 1, 642750
10000, 4000, 6000, 1, 1283291
10000, 5000, 5000, 1, 1649584
650, 325, 325, 1, 19750
650, 350, 300, 1, 21125
650, 300, 350, 1, 18083
1000, 500, 500, 1, 30083
1000, 700, 300, 1, 256709
2500, 1250, 1250, 1, 490083
2500, 1000, 1500, 1, 348875
5000, 2500, 2500, 1, 913916
5000, 3000, 2000, 1, 1114333
8000, 4000, 4000, 1, 1258416
8000, 2000, 6000, 1, 694833
10000, 4000, 6000, 1, 1220542
10000, 5000, 5000, 1, 1681250
650, 325, 325, 1, 20000
650, 350, 300, 1, 21250
650, 300, 350, 1, 18375
1000, 500, 500, 1, 30292
1000, 700, 300, 1, 249833
2500, 1250, 1250, 1, 491917
2500, 1000, 1500, 1, 366750
5000, 2500, 2500, 1, 935458
5000, 3000, 2000, 1, 1139333
8000, 4000, 4000, 1, 1255416
8000, 2000, 6000, 1, 696083
10000, 4000, 6000, 1, 1256334
10000, 5000, 5000, 1, 1641000
650, 325, 325, 1, 19750
650, 350, 300, 1, 21166
650, 300, 350, 1, 18083
1000, 500, 500, 1, 28750
1000, 700, 300, 1, 242500
2500, 1250, 1250, 1, 490208
2500, 1000, 1500, 1, 366458
5000, 2500, 2500, 1, 894500
5000, 3000, 2000, 1, 1110417
8000, 4000, 4000, 1, 1230541
8000, 2000, 6000, 1, 680958
10000, 4000, 6000, 1, 1222625
10000, 5000, 5000, 1, 1669917
650, 325, 325, 1, 19625
650, 350, 300, 1, 21000
650, 300, 350, 1, 18334
1000, 500, 500, 1, 29875
1000, 700, 300, 1, 242708
2500, 1250, 1250, 1, 467042
2500, 1000, 1500, 1, 346000
5000, 2500, 2500, 1, 879750
5000, 3000, 2000, 1, 1089292
8000, 4000, 4000, 1, 1231666
8000, 2000, 6000, 1, 682000
10000, 4000, 6000, 1, 1222417
10000, 5000, 5000, 1, 1617833
650, 325, 325, 1, 19000
650, 350, 300, 1, 20666
650, 300, 350, 1, 17833
1000, 500, 500, 1, 28750
1000, 700, 300, 1, 243667
2500, 1250, 1250, 1, 484250
2500, 1000, 1500, 1, 357916
5000, 2500, 2500, 1, 889458
5000, 3000, 2000, 1, 1095417
8000, 4000, 4000, 1, 1225250
8000, 2000, 6000, 1, 671708
10000, 4000, 6000, 1, 1225208
10000, 5000, 5000, 1, 1621334
650, 325, 325, 1, 19083
650, 350, 300, 1, 20417
650, 300, 350, 1, 17625
1000, 500, 500, 1, 28791
1000, 700, 300, 1, 244000
2500, 1250, 1250, 1, 483833
2500, 1000, 1500, 1, 361250
5000, 2500, 2500, 1, 876750
5000, 3000, 2000, 1, 1068958
8000, 4000, 4000, 1, 1190583
8000, 2000, 6000, 1, 660500
10000, 4000, 6000, 1, 1190292
10000, 5000, 5000, 1, 1584792
650, 325, 325, 1, 18416
650, 350, 300, 1, 19750
650, 300, 350, 1, 17167
1000, 500, 500, 1, 28125
1000, 700, 300, 1, 240250
2500, 1250, 1250, 1, 469750
2500, 1000, 1500, 1, 351583
5000, 2500, 2500, 1, 873125
5000, 3000, 2000, 1, 1068917
8000, 4000, 4000, 1, 1200917
8000, 2000, 6000, 1, 657208
10000, 4000, 6000, 1, 1227917
10000, 5000, 5000, 1, 1634417
650, 325, 325, 1, 19125
650, 350, 300, 1, 20458
650, 300, 350, 1, 17625
1000, 500, 500, 1, 29083
1000, 700, 300, 1, 245875
2500, 1250, 1250, 1, 489792
2500, 1000, 1500, 1, 361041
5000, 2500, 2500, 1, 891000
5000, 3000, 2000, 1, 1077791
8000, 4000, 4000, 1, 1203583
8000, 2000, 6000, 1, 659875
10000, 4000, 6000, 1, 1201625
10000, 5000, 5000, 1, 1593750
650, 325, 325, 1, 18625
650, 350, 300, 1, 21125
650, 300, 350, 1, 17167
1000, 500, 500, 1, 28084
1000, 700, 300, 1, 239458
2500, 1250, 1250, 1, 473375
2500, 1000, 1500, 1, 351750
5000, 2500, 2500, 1, 873000
5000, 3000, 2000, 1, 1079666
8000, 4000, 4000, 1, 1202000
8000, 2000, 6000, 1, 664458
10000, 4000, 6000, 1, 1201583
10000, 5000, 5000, 1, 1596333
650, 325, 325, 1, 18458
650, 350, 300, 1, 19875
650, 300, 350, 1, 18625
1000, 500, 500, 1, 28542
1000, 700, 300, 1, 243042
2500, 1250, 1250, 1, 490750
2500, 1000, 1500, 1, 352750
5000, 2500, 2500, 1, 877417
5000, 3000, 2000, 1, 1082750
8000, 4000, 4000, 1, 1207708
8000, 2000, 6000, 1, 674791
10000, 4000, 6000, 1, 1232417
10000, 5000, 5000, 1, 1632000
650, 325, 325, 1, 19541
650, 350, 300, 1, 20083
650, 300, 350, 1, 17000
1000, 500, 500, 1, 28000
1000, 700, 300, 1, 241042
2500, 1250, 1250, 1, 477208
2500, 1000, 1500, 1, 354667
5000, 2500, 2500, 1, 884458
5000, 3000, 2000, 1, 1086083
8000, 4000, 4000, 1, 1211167
8000, 2000, 6000, 1, 665917
10000, 4000, 6000, 1, 1212417
10000, 5000, 5000, 1, 1604667
650, 325, 325, 1, 18416
650, 350, 300, 1, 20542
650, 300, 350, 1, 17250
1000, 500, 500, 1, 28125
1000, 700, 300, 1, 246583
2500, 1250, 1250, 1, 492916
2500, 1000, 1500, 1, 355209
5000, 2500, 2500, 1, 889459
5000, 3000, 2000, 1, 1099667
8000, 4000, 4000, 1, 1213917
8000, 2000, 6000, 1, 670708
10000, 4000, 6000, 1, 1212583
10000, 5000, 5000, 1, 1610625
650, 325, 325, 1, 18375
650, 350, 300, 1, 19750
650, 300, 350, 1, 17166
1000, 500, 500, 1, 27917
1000, 700, 300, 1, 243250
2500, 1250, 1250, 1, 480667
2500, 1000, 1500, 1, 356125
5000, 2500, 2500, 1, 897833
5000, 3000, 2000, 1, 1090166
8000, 4000, 4000, 1, 1219375
8000, 2000, 6000, 1, 670084
10000, 4000, 6000, 1, 1219792
10000, 5000, 5000, 1, 1644875
650, 325, 325, 1, 19042
650, 350, 300, 1, 20583
650, 300, 350, 1, 17542
1000, 500, 500, 1, 28792
1000, 700, 300, 1, 251250
2500, 1250, 1250, 1, 495917
2500, 1000, 1500, 1, 362000
5000, 2500, 2500, 1, 890208
5000, 3000, 2000, 1, 1099166
8000, 4000, 4000, 1, 1249125
8000, 2000, 6000, 1, 706916
10000, 4000, 6000, 1, 1302083
10000, 5000, 5000, 1, 1693500
650, 325, 325, 1, 18375
650, 350, 300, 1, 19750
650, 300, 350, 1, 17083
1000, 500, 500, 1, 27958
1000, 700, 300, 1, 244291
2500, 1250, 1250, 1, 485625
2500, 1000, 1500, 1, 361167
5000, 2500, 2500, 1, 906584
5000, 3000, 2000, 1, 1102875
8000, 4000, 4000, 1, 1224125
8000, 2000, 6000, 1, 681667
10000, 4000, 6000, 1, 1255334
10000, 5000, 5000, 1, 1638542
650, 325, 325, 1, 18458
650, 350, 300, 1, 19792
650, 300, 350, 1, 17250
1000, 500, 500, 1, 28625
1000, 700, 300, 1, 245166
2500, 1250, 1250, 1, 487125
2500, 1000, 1500, 1, 362500
5000, 2500, 2500, 1, 894791
5000, 3000, 2000, 1, 1118125
8000, 4000, 4000, 1, 1230167
8000, 2000, 6000, 1, 679209
10000, 4000, 6000, 1, 1233000
10000, 5000, 5000, 1, 1633084
650, 325, 325, 1, 18417
650, 350, 300, 1, 19833
650, 300, 350, 1, 16958
1000, 500, 500, 1, 28083
1000, 700, 300, 1, 248625
2500, 1250, 1250, 1, 515291
2500, 1000, 1500, 1, 360917
5000, 2500, 2500, 1, 893625
5000, 3000, 2000, 1, 1114083
8000, 4000, 4000, 1, 1238000
8000, 2000, 6000, 1, 678583
10000, 4000, 6000, 1, 1248292
10000, 5000, 5000, 1, 1636708
650, 325, 325, 1, 18416
650, 350, 300, 1, 19792
650, 300, 350, 1, 17167
1000, 500, 500, 1, 28041
1000, 700, 300, 1, 246667
2500, 1250, 1250, 1, 488333
2500, 1000, 1500, 1, 366750
5000, 2500, 2500, 1, 897250
5000, 3000, 2000, 1, 1114500
8000, 4000, 4000, 1, 1241375
8000, 2000, 6000, 1, 680625
10000, 4000, 6000, 1, 1237834
10000, 5000, 5000, 1, 1638333
650, 325, 325, 1, 19000
650, 350, 300, 1, 19750
650, 300, 350, 1, 17042
1000, 500, 500, 1, 28041
1000, 700, 300, 1, 247416
2500, 1250, 1250, 1, 489708
2500, 1000, 1500, 1, 363500
5000, 2500, 2500, 1, 903875
5000, 3000, 2000, 1, 1115209
8000, 4000, 4000, 1, 1242375
8000, 2000, 6000, 1, 688625
10000, 4000, 6000, 1, 1238583
10000, 5000, 5000, 1, 1648209
650, 325, 325, 1, 18375
650, 350, 300, 1, 19792
650, 300, 350, 1, 17042
1000, 500, 500, 1, 28167
1000, 700, 300, 1, 251208
2500, 1250, 1250, 1, 491333
2500, 1000, 1500, 1, 364709
5000, 2500, 2500, 1, 909458
5000, 3000, 2000, 1, 1116334
8000, 4000, 4000, 1, 1251542
8000, 2000, 6000, 1, 692209
10000, 4000, 6000, 1, 1244792
10000, 5000, 5000, 1, 1671500
650, 325, 325, 1, 18500
650, 350, 300, 1, 19875
650, 300, 350, 1, 17083
1000, 500, 500, 1, 28000
1000, 700, 300, 1, 251875
2500, 1250, 1250, 1, 492958
2500, 1000, 1500, 1, 365708
5000, 2500, 2500, 1, 908625
5000, 3000, 2000, 1, 1119792
8000, 4000, 4000, 1, 1249833
8000, 2000, 6000, 1, 687500
10000, 4000, 6000, 1, 1354375
10000, 5000, 5000, 1, 1666709
650, 325, 325, 1, 18542
650, 350, 300, 1, 19834
650, 300, 350, 1, 17041
1000, 500, 500, 1, 28042
1000, 700, 300, 1, 250292
2500, 1250, 1250, 1, 498458
2500, 1000, 1500, 1, 367500
5000, 2500, 2500, 1, 909875
5000, 3000, 2000, 1, 1127833
8000, 4000, 4000, 1, 1251167
8000, 2000, 6000, 1, 692875
10000, 4000, 6000, 1, 1369292
10000, 5000, 5000, 1, 1721208
650, 325, 325, 1, 18542
650, 350, 300, 1, 19834
650, 300, 350, 1, 17042
1000, 500, 500, 1, 28000
1000, 700, 300, 1, 250709
2500, 1250, 1250, 1, 500083
2500, 1000, 1500, 1, 368042
5000, 2500, 2500, 1, 921750
5000, 3000, 2000, 1, 1141167
8000, 4000, 4000, 1, 1261833
8000, 2000, 6000, 1, 692041
10000, 4000, 6000, 1, 1261291
10000, 5000, 5000, 1, 1670042
650, 325, 325, 1, 18458
650, 350, 300, 1, 19959
650, 300, 350, 1, 17125
1000, 500, 500, 1, 28042
1000, 700, 300, 1, 251417
2500, 1250, 1250, 1, 498250
2500, 1000, 1500, 1, 372584
5000, 2500, 2500, 1, 914875
5000, 3000, 2000, 1, 1146125
8000, 4000, 4000, 1, 1260292
8000, 2000, 6000, 1, 704291
10000, 4000, 6000, 1, 1273417
10000, 5000, 5000, 1, 1681083
650, 325, 325, 1, 18500
650, 350, 300, 1, 20417
650, 300, 350, 1, 17042
1000, 500, 500, 1, 28250
1000, 700, 300, 1, 252375
2500, 1250, 1250, 1, 500125
2500, 1000, 1500, 1, 370625
5000, 2500, 2500, 1, 920417
5000, 3000, 2000, 1, 1147417
8000, 4000, 4000, 1, 1280334
8000, 2000, 6000, 1, 707125
10000, 4000, 6000, 1, 1264250
10000, 5000, 5000, 1, 1686041
650, 325, 325, 1, 18500
650, 350, 300, 1, 19875
650, 300, 350, 1, 17083
1000, 500, 500, 1, 28042
1000, 700, 300, 1, 254125
2500, 1250, 1250, 1, 501417
2500, 1000, 1500, 1, 371875
5000, 2500, 2500, 1, 934667
5000, 3000, 2000, 1, 1138375
8000, 4000, 4000, 1, 1270583
8000, 2000, 6000, 1, 709083
10000, 4000, 6000, 1, 1267375
10000, 5000, 5000, 1, 1686791
650, 325, 325, 1, 18542
650, 350, 300, 1, 19834
650, 300, 350, 1, 17041
1000, 500, 500, 1, 28083
1000, 700, 300, 1, 253833
2500, 1250, 1250, 1, 506125
2500, 1000, 1500, 1, 372834
5000, 2500, 2500, 1, 925916
5000, 3000, 2000, 1, 1142375
8000, 4000, 4000, 1, 1276416
8000, 2000, 6000, 1, 719792
10000, 4000, 6000, 1, 1285542
10000, 5000, 5000, 1, 1687917
650, 325, 325, 1, 22917
650, 350, 300, 1, 19709
650, 300, 350, 1, 17000
1000, 500, 500, 1, 27958
1000, 700, 300, 1, 260834
2500, 1250, 1250, 1, 507542
2500, 1000, 1500, 1, 374041
5000, 2500, 2500, 1, 926708
5000, 3000, 2000, 1, 1149375
8000, 4000, 4000, 1, 1274750
8000, 2000, 6000, 1, 702542
10000, 4000, 6000, 1, 1277833
10000, 5000, 5000, 1, 1691750
650, 325, 325, 1, 18584
650, 350, 300, 1, 19833
650, 300, 350, 1, 17083
1000, 500, 500, 1, 28000
1000, 700, 300, 1, 258250
2500, 1250, 1250, 1, 508458
2500, 1000, 1500, 1, 375458
5000, 2500, 2500, 1, 938709
5000, 3000, 2000, 1, 1154625
8000, 4000, 4000, 1, 1279375
8000, 2000, 6000, 1, 704916
10000, 4000, 6000, 1, 1293583
10000, 5000, 5000, 1, 1730958
650, 325, 325, 1, 18583
650, 350, 300, 1, 19958
650, 300, 350, 1, 17042
1000, 500, 500, 1, 27958
1000, 700, 300, 1, 256833
2500, 1250, 1250, 1, 511750
2500, 1000, 1500, 1, 379542
5000, 2500, 2500, 1, 933250
5000, 3000, 2000, 1, 1156750
8000, 4000, 4000, 1, 1280083
8000, 2000, 6000, 1, 706875
10000, 4000, 6000, 1, 1283125
10000, 5000, 5000, 1, 1706666
650, 325, 325, 1, 18458
650, 350, 300, 1, 19833
650, 300, 350, 1, 17209
1000, 500, 500, 1, 28000
1000, 700, 300, 1, 256958
2500, 1250, 1250, 1, 509916
2500, 1000, 1500, 1, 378125
5000, 2500, 2500, 1, 934917
5000, 3000, 2000, 1, 1159625
8000, 4000, 4000, 1, 1283167
8000, 2000, 6000, 1, 712917
10000, 4000, 6000, 1, 1286042
10000, 5000, 5000, 1, 1704625
650, 325, 325, 1, 18625
650, 350, 300, 1, 20375
650, 300, 350, 1, 17208
1000, 500, 500, 1, 28083
1000, 700, 300, 1, 258042
2500, 1250, 1250, 1, 511500
2500, 1000, 1500, 1, 381666
5000, 2500, 2500, 1, 961833
5000, 3000, 2000, 1, 1164000
8000, 4000, 4000, 1, 1291542
8000, 2000, 6000, 1, 716875
10000, 4000, 6000, 1, 1289667
10000, 5000, 5000, 1, 1714333
650, 325, 325, 1, 18542
650, 350, 300, 1, 19833
650, 300, 350, 1, 17750
1000, 500, 500, 1, 27958
1000, 700, 300, 1, 258625
2500, 1250, 1250, 1, 513250
2500, 1000, 1500, 1, 385375
5000, 2500, 2500, 1, 945459
5000, 3000, 2000, 1, 1181291
8000, 4000, 4000, 1, 1290750
8000, 2000, 6000, 1, 716625
10000, 4000, 6000, 1, 1339666
10000, 5000, 5000, 1, 1803334
650, 325, 325, 1, 19834
650, 350, 300, 1, 21208
650, 300, 350, 1, 18417
1000, 500, 500, 1, 28875
1000, 700, 300, 1, 270541
2500, 1250, 1250, 1, 548000
2500, 1000, 1500, 1, 396125
5000, 2500, 2500, 1, 1025583
5000, 3000, 2000, 1, 1200750
8000, 4000, 4000, 1, 1313125
8000, 2000, 6000, 1, 726125
10000, 4000, 6000, 1, 1307667
10000, 5000, 5000, 1, 1731875
650, 325, 325, 1, 18625
650, 350, 300, 1, 20541
650, 300, 350, 1, 17167
1000, 500, 500, 1, 28167
1000, 700, 300, 1, 260333
2500, 1250, 1250, 1, 519709
2500, 1000, 1500, 1, 382583
5000, 2500, 2500, 1, 953208
5000, 3000, 2000, 1, 1177500
8000, 4000, 4000, 1, 1308250
8000, 2000, 6000, 1, 723209
10000, 4000, 6000, 1, 1298375
10000, 5000, 5000, 1, 1734875
650, 325, 325, 1, 18500
650, 350, 300, 1, 19792
650, 300, 350, 1, 17667
1000, 500, 500, 1, 28042
1000, 700, 300, 1, 260958
2500, 1250, 1250, 1, 520791
2500, 1000, 1500, 1, 383583
5000, 2500, 2500, 1, 1004375
5000, 3000, 2000, 1, 1196375
8000, 4000, 4000, 1, 1308292
8000, 2000, 6000, 1, 726666
10000, 4000, 6000, 1, 1305083
10000, 5000, 5000, 1, 1736542
650, 325, 325, 1, 18500
650, 350, 300, 1, 19750
650, 300, 350, 1, 17584
1000, 500, 500, 1, 28000
1000, 700, 300, 1, 264500
2500, 1250, 1250, 1, 520000
2500, 1000, 1500, 1, 385292
5000, 2500, 2500, 1, 960750
5000, 3000, 2000, 1, 1187000
8000, 4000, 4000, 1, 1305875
8000, 2000, 6000, 1, 727500
10000, 4000, 6000, 1, 1321750
10000, 5000, 5000, 1, 1743000
650, 325, 325, 1, 18375
650, 350, 300, 1, 19750
650, 300, 350, 1, 17042
1000, 500, 500, 1, 28792
1000, 700, 300, 1, 262750
2500, 1250, 1250, 1, 524334
2500, 1000, 1500, 1, 385916
5000, 2500, 2500, 1, 964167
5000, 3000, 2000, 1, 1187541
8000, 4000, 4000, 1, 1309416
8000, 2000, 6000, 1, 729625
10000, 4000, 6000, 1, 1310792
10000, 5000, 5000, 1, 1749167
650, 325, 325, 1, 18375
650, 350, 300, 1, 19792
650, 300, 350, 1, 17041
1000, 500, 500, 1, 30083
1000, 700, 300, 1, 263541
2500, 1250, 1250, 1, 522833
2500, 1000, 1500, 1, 387208
5000, 2500, 2500, 1, 967042
5000, 3000, 2000, 1, 1190541
8000, 4000, 4000, 1, 1314584
8000, 2000, 6000, 1, 734167
10000, 4000, 6000, 1, 1313292
10000, 5000, 5000, 1, 1751125
650, 325, 325, 1, 18416
650, 350, 300, 1, 20416
650, 300, 350, 1, 17250
1000, 500, 500, 1, 30042
1000, 700, 300, 1, 264459
2500, 1250, 1250, 1, 527417
2500, 1000, 1500, 1, 388375
5000, 2500, 2500, 1, 968167
5000, 3000, 2000, 1, 1191333
8000, 4000, 4000, 1, 1348209
8000, 2000, 6000, 1, 738417
10000, 4000, 6000, 1, 1338000
10000, 5000, 5000, 1, 1761334
650, 325, 325, 1, 18500
650, 350, 300, 1, 19791
650, 300, 350, 1, 17584
1000, 500, 500, 1, 28000
1000, 700, 300, 1, 265000
2500, 1250, 1250, 1, 541875
2500, 1000, 1500, 1, 389667
5000, 2500, 2500, 1, 973083
5000, 3000, 2000, 1, 1211125
8000, 4000, 4000, 1, 1323875
8000, 2000, 6000, 1, 736958
10000, 4000, 6000, 1, 1320750
10000, 5000, 5000, 1, 1763917
650, 325, 325, 1, 18417
650, 350, 300, 1, 19917
650, 300, 350, 1, 17083
1000, 500, 500, 1, 28042
1000, 700, 300, 1, 265750
2500, 1250, 1250, 1, 527958
2500, 1000, 1500, 1, 390875
5000, 2500, 2500, 1, 973125
5000, 3000, 2000, 1, 1231625
8000, 4000, 4000, 1, 1324292
8000, 2000, 6000, 1, 738458
10000, 4000, 6000, 1, 1324792
10000, 5000, 5000, 1, 1765041
650, 325, 325, 1, 18500
650, 350, 300, 1, 21125
650, 300, 350, 1, 17042
1000, 500, 500, 1, 28042
1000, 700, 300, 1, 266666
2500, 1250, 1250, 1, 530000
2500, 1000, 1500, 1, 394917
5000, 2500, 2500, 1, 978625
5000, 3000, 2000, 1, 1211708
8000, 4000, 4000, 1, 1330583
8000, 2000, 6000, 1, 740292
10000, 4000, 6000, 1, 1330084
10000, 5000, 5000, 1, 1766875
650, 325, 325, 1, 19792
650, 350, 300, 1, 19875
650, 300, 350, 1, 17083
1000, 500, 500, 1, 28042
1000, 700, 300, 1, 267250
2500, 1250, 1250, 1, 531625
2500, 1000, 1500, 1, 393333
5000, 2500, 2500, 1, 974125
5000, 3000, 2000, 1, 1212166
8000, 4000, 4000, 1, 1332167
8000, 2000, 6000, 1, 742667
10000, 4000, 6000, 1, 1336875
10000, 5000, 5000, 1, 1777000
650, 325, 325, 1, 18375
650, 350, 300, 1, 19834
650, 300, 350, 1, 17042
1000, 500, 500, 1, 28084
1000, 700, 300, 1, 268167
2500, 1250, 1250, 1, 533416
2500, 1000, 1500, 1, 399250
5000, 2500, 2500, 1, 976208
5000, 3000, 2000, 1, 1217709
8000, 4000, 4000, 1, 1335833
8000, 2000, 6000, 1, 742583
10000, 4000, 6000, 1, 1340708
10000, 5000, 5000, 1, 1784667
650, 325, 325, 1, 18583
650, 350, 300, 1, 19834
650, 300, 350, 1, 17083
1000, 500, 500, 1, 27917
1000, 700, 300, 1, 268917
2500, 1250, 1250, 1, 534541
2500, 1000, 1500, 1, 400625
5000, 2500, 2500, 1, 982125
5000, 3000, 2000, 1, 1235833
8000, 4000, 4000, 1, 1344500
8000, 2000, 6000, 1, 741458
10000, 4000, 6000, 1, 1344750
10000, 5000, 5000, 1, 1790000
650, 325, 325, 1, 18500
650, 350, 300, 1, 19834
650, 300, 350, 1, 17167
1000, 500, 500, 1, 27875
1000, 700, 300, 1, 269667
2500, 1250, 1250, 1, 536708
2500, 1000, 1500, 1, 399291
5000, 2500, 2500, 1, 982875
5000, 3000, 2000, 1, 1224708
8000, 4000, 4000, 1, 1351291
8000, 2000, 6000, 1, 746833
10000, 4000, 6000, 1, 1348375
10000, 5000, 5000, 1, 1792792
650, 325, 325, 1, 18500
650, 350, 300, 1, 19708
650, 300, 350, 1, 17000
1000, 500, 500, 1, 28084
1000, 700, 300, 1, 270625
2500, 1250, 1250, 1, 543458
2500, 1000, 1500, 1, 398000
5000, 2500, 2500, 1, 984875
5000, 3000, 2000, 1, 1229125
8000, 4000, 4000, 1, 1351500
8000, 2000, 6000, 1, 745958
10000, 4000, 6000, 1, 1351792
10000, 5000, 5000, 1, 1800042
650, 325, 325, 1, 18542
650, 350, 300, 1, 19750
650, 300, 350, 1, 17042
1000, 500, 500, 1, 28000
1000, 700, 300, 1, 271250
2500, 1250, 1250, 1, 545000
2500, 1000, 1500, 1, 399333
5000, 2500, 2500, 1, 993792
5000, 3000, 2000, 1, 1227541
8000, 4000, 4000, 1, 1355333
8000, 2000, 6000, 1, 748167
10000, 4000, 6000, 1, 1358250
10000, 5000, 5000, 1, 1811667
650, 325, 325, 1, 18375
650, 350, 300, 1, 19875
650, 300, 350, 1, 17000
1000, 500, 500, 1, 28167
1000, 700, 300, 1, 272209
2500, 1250, 1250, 1, 546833
2500, 1000, 1500, 1, 400333
5000, 2500, 2500, 1, 996334
5000, 3000, 2000, 1, 1234500
8000, 4000, 4000, 1, 1361041
8000, 2000, 6000, 1, 753250
10000, 4000, 6000, 1, 1356291
10000, 5000, 5000, 1, 1810208
650, 325, 325, 1, 18417
650, 350, 300, 1, 19792
650, 300, 350, 1, 16958
1000, 500, 500, 1, 28000
1000, 700, 300, 1, 278458
2500, 1250, 1250, 1, 543167
2500, 1000, 1500, 1, 401709
5000, 2500, 2500, 1, 1031042
5000, 3000, 2000, 1, 1235959
8000, 4000, 4000, 1, 1361792
8000, 2000, 6000, 1, 757459
10000, 4000, 6000, 1, 1357542
10000, 5000, 5000, 1, 1815500
650, 325, 325, 1, 18375
650, 350, 300, 1, 19875
650, 300, 350, 1, 18292
1000, 500, 500, 1, 27917
1000, 700, 300, 1, 276541
2500, 1250, 1250, 1, 555083
2500, 1000, 1500, 1, 402667
5000, 2500, 2500, 1, 1004834
5000, 3000, 2000, 1, 1245250
8000, 4000, 4000, 1, 1361458
8000, 2000, 6000, 1, 759916
10000, 4000, 6000, 1, 1366708
10000, 5000, 5000, 1, 1917750
650, 325, 325, 1, 18375
650, 350, 300, 1, 19917
650, 300, 350, 1, 17041
1000, 500, 500, 1, 28042
1000, 700, 300, 1, 274834
2500, 1250, 1250, 1, 554500
2500, 1000, 1500, 1, 406917
5000, 2500, 2500, 1, 1007167
5000, 3000, 2000, 1, 1248541
8000, 4000, 4000, 1, 1373375
8000, 2000, 6000, 1, 757000
10000, 4000, 6000, 1, 1467125
10000, 5000, 5000, 1, 1857542
650, 325, 325, 1, 18500
650, 350, 300, 1, 19750
650, 300, 350, 1, 19708
1000, 500, 500, 1, 30875
1000, 700, 300, 1, 275542
2500, 1250, 1250, 1, 556959
2500, 1000, 1500, 1, 407291
5000, 2500, 2500, 1, 1008500
5000, 3000, 2000, 1, 1254667
8000, 4000, 4000, 1, 1384417
8000, 2000, 6000, 1, 763000
10000, 4000, 6000, 1, 1386333
10000, 5000, 5000, 1, 1836417
650, 325, 325, 1, 18500
650, 350, 300, 1, 19833
650, 300, 350, 1, 17083
1000, 500, 500, 1, 28167
1000, 700, 300, 1, 281375
2500, 1250, 1250, 1, 549916
2500, 1000, 1500, 1, 406250
5000, 2500, 2500, 1, 1020875
5000, 3000, 2000, 1, 1245875
8000, 4000, 4000, 1, 1378500
8000, 2000, 6000, 1, 766416
10000, 4000, 6000, 1, 1377250
10000, 5000, 5000, 1, 1837459
650, 325, 325, 1, 18459
650, 350, 300, 1, 19708
650, 300, 350, 1, 18000
1000, 500, 500, 1, 28041
1000, 700, 300, 1, 277000
2500, 1250, 1250, 1, 551542
2500, 1000, 1500, 1, 407500
5000, 2500, 2500, 1, 1016750
5000, 3000, 2000, 1, 1255292
8000, 4000, 4000, 1, 1377000
8000, 2000, 6000, 1, 768625
10000, 4000, 6000, 1, 1386167
10000, 5000, 5000, 1, 1840667
650, 325, 325, 1, 18416
650, 350, 300, 1, 19833
650, 300, 350, 1, 17042
1000, 500, 500, 1, 28083
1000, 700, 300, 1, 280625
2500, 1250, 1250, 1, 555959
2500, 1000, 1500, 1, 414458
5000, 2500, 2500, 1, 1011917
5000, 3000, 2000, 1, 1267917
8000, 4000, 4000, 1, 1393208
8000, 2000, 6000, 1, 765875
10000, 4000, 6000, 1, 1412125
10000, 5000, 5000, 1, 1843708
650, 325, 325, 1, 18541
650, 350, 300, 1, 19792
650, 300, 350, 1, 17083
1000, 500, 500, 1, 28000
1000, 700, 300, 1, 278834
2500, 1250, 1250, 1, 560042
2500, 1000, 1500, 1, 409792
5000, 2500, 2500, 1, 1029625
5000, 3000, 2000, 1, 1266959
8000, 4000, 4000, 1, 1389166
8000, 2000, 6000, 1, 768916
10000, 4000, 6000, 1, 1392250
10000, 5000, 5000, 1, 1848791
650, 325, 325, 1, 18584
650, 350, 300, 1, 20084
650, 300, 350, 1, 16958
1000, 500, 500, 1, 28042
1000, 700, 300, 1, 287584
2500, 1250, 1250, 1, 556250
2500, 1000, 1500, 1, 410834
5000, 2500, 2500, 1, 1022916
5000, 3000, 2000, 1, 1261125
8000, 4000, 4000, 1, 1390875
8000, 2000, 6000, 1, 779375
10000, 4000, 6000, 1, 1387791
10000, 5000, 5000, 1, 1856250
650, 325, 325, 1, 18500
650, 350, 300, 1, 20500
650, 300, 350, 1, 17167
1000, 500, 500, 1, 28084
1000, 700, 300, 1, 280417
2500, 1250, 1250, 1, 558042
2500, 1000, 1500, 1, 412500
5000, 2500, 2500, 1, 1025250
5000, 3000, 2000, 1, 1272750
8000, 4000, 4000, 1, 1396333
8000, 2000, 6000, 1, 775375
10000, 4000, 6000, 1, 1396666
10000, 5000, 5000, 1, 1866708
650, 325, 325, 1, 18416
650, 350, 300, 1, 19792
650, 300, 350, 1, 17042
1000, 500, 500, 1, 28042
1000, 700, 300, 1, 281166
2500, 1250, 1250, 1, 562292
2500, 1000, 1500, 1, 417291
5000, 2500, 2500, 1, 1023625
5000, 3000, 2000, 1, 1273792
8000, 4000, 4000, 1, 1404750
8000, 2000, 6000, 1, 774709
10000, 4000, 6000, 1, 1400833
10000, 5000, 5000, 1, 1864167
650, 325, 325, 1, 18375
650, 350, 300, 1, 19875
650, 300, 350, 1, 17209
1000, 500, 500, 1, 27959
1000, 700, 300, 1, 281875
2500, 1250, 1250, 1, 574084
2500, 1000, 1500, 1, 414917
5000, 2500, 2500, 1, 1031458
5000, 3000, 2000, 1, 1303417
8000, 4000, 4000, 1, 1405625
8000, 2000, 6000, 1, 778416
10000, 4000, 6000, 1, 1399000
10000, 5000, 5000, 1, 1892791
650, 325, 325, 1, 18917
650, 350, 300, 1, 20041
650, 300, 350, 1, 17083
1000, 500, 500, 1, 30166
1000, 700, 300, 1, 282750
2500, 1250, 1250, 1, 563167
2500, 1000, 1500, 1, 415833
5000, 2500, 2500, 1, 1044208
5000, 3000, 2000, 1, 1314000
8000, 4000, 4000, 1, 1465750
8000, 2000, 6000, 1, 830541
10000, 4000, 6000, 1, 1488667
10000, 5000, 5000, 1, 1976208
650, 325, 325, 1, 18334
650, 350, 300, 1, 20000
650, 300, 350, 1, 16917
1000, 500, 500, 1, 28042
1000, 700, 300, 1, 283334
2500, 1250, 1250, 1, 570417
2500, 1000, 1500, 1, 421417
5000, 2500, 2500, 1, 1032709
5000, 3000, 2000, 1, 1287459
8000, 4000, 4000, 1, 1416917
8000, 2000, 6000, 1, 783417
10000, 4000, 6000, 1, 1411458
10000, 5000, 5000, 1, 1882792
650, 325, 325, 1, 18375
650, 350, 300, 1, 19917
650, 300, 350, 1, 17000
1000, 500, 500, 1, 27958
1000, 700, 300, 1, 286875
2500, 1250, 1250, 1, 574208
2500, 1000, 1500, 1, 418542
5000, 2500, 2500, 1, 1045125
5000, 3000, 2000, 1, 1285541
8000, 4000, 4000, 1, 1415375
8000, 2000, 6000, 1, 788250
10000, 4000, 6000, 1, 1435625
10000, 5000, 5000, 1, 1894208
650, 325, 325, 1, 19125
650, 350, 300, 1, 20000
650, 300, 350, 1, 17167
1000, 500, 500, 1, 28084
1000, 700, 300, 1, 285417
2500, 1250, 1250, 1, 569042
2500, 1000, 1500, 1, 419958
5000, 2500, 2500, 1, 1040583
5000, 3000, 2000, 1, 1295667
8000, 4000, 4000, 1, 1440584
8000, 2000, 6000, 1, 787917
10000, 4000, 6000, 1, 1425792
10000, 5000, 5000, 1, 1890125
650, 325, 325, 1, 18500
650, 350, 300, 1, 24208
650, 300, 350, 1, 17250
1000, 500, 500, 1, 28000
1000, 700, 300, 1, 285875
2500, 1250, 1250, 1, 575292
2500, 1000, 1500, 1, 426750
5000, 2500, 2500, 1, 1046375
5000, 3000, 2000, 1, 1297667
8000, 4000, 4000, 1, 1424208
8000, 2000, 6000, 1, 786833
10000, 4000, 6000, 1, 1428333
10000, 5000, 5000, 1, 1893041
650, 325, 325, 1, 18417
650, 350, 300, 1, 19708
650, 300, 350, 1, 17167
1000, 500, 500, 1, 27958
1000, 700, 300, 1, 291750
2500, 1250, 1250, 1, 571167
2500, 1000, 1500, 1, 421958
5000, 2500, 2500, 1, 1049625
5000, 3000, 2000, 1, 1295792
8000, 4000, 4000, 1, 1423833
8000, 2000, 6000, 1, 798042
10000, 4000, 6000, 1, 1423625
10000, 5000, 5000, 1, 1899666
650, 325, 325, 1, 18625
650, 350, 300, 1, 19750
650, 300, 350, 1, 17167
1000, 500, 500, 1, 28208
1000, 700, 300, 1, 287584
2500, 1250, 1250, 1, 573417
2500, 1000, 1500, 1, 428833
5000, 2500, 2500, 1, 1047458
5000, 3000, 2000, 1, 1306167
8000, 4000, 4000, 1, 1430208
8000, 2000, 6000, 1, 808542
10000, 4000, 6000, 1, 1441667
10000, 5000, 5000, 1, 1911000
650, 325, 325, 1, 18625
650, 350, 300, 1, 19834
650, 300, 350, 1, 17000
1000, 500, 500, 1, 28167
1000, 700, 300, 1, 288250
2500, 1250, 1250, 1, 582792
2500, 1000, 1500, 1, 424083
5000, 2500, 2500, 1, 1057708
5000, 3000, 2000, 1, 1301625
8000, 4000, 4000, 1, 1437458
8000, 2000, 6000, 1, 797750
10000, 4000, 6000, 1, 1428709
10000, 5000, 5000, 1, 1913042
650, 325, 325, 1, 18459
650, 350, 300, 1, 19750
650, 300, 350, 1, 17625
1000, 500, 500, 1, 28084
1000, 700, 300, 1, 288875
2500, 1250, 1250, 1, 576542
2500, 1000, 1500, 1, 425250
5000, 2500, 2500, 1, 1058916
5000, 3000, 2000, 1, 1313541
8000, 4000, 4000, 1, 1436375
8000, 2000, 6000, 1, 798416
10000, 4000, 6000, 1, 1437708
10000, 5000, 5000, 1, 1915584
650, 325, 325, 1, 18541
650, 350, 300, 1, 19875
650, 300, 350, 1, 17042
1000, 500, 500, 1, 28125
1000, 700, 300, 1, 289708
2500, 1250, 1250, 1, 580958
2500, 1000, 1500, 1, 426709
5000, 2500, 2500, 1, 1070042
5000, 3000, 2000, 1, 1318750
8000, 4000, 4000, 1, 1473250
8000, 2000, 6000, 1, 798084
10000, 4000, 6000, 1, 1441708
10000, 5000, 5000, 1, 1947792
650, 325, 325, 1, 18542
650, 350, 300, 1, 19833
650, 300, 350, 1, 17083
1000, 500, 500, 1, 28084
1000, 700, 300, 1, 295666
2500, 1250, 1250, 1, 579750
2500, 1000, 1500, 1, 428083
5000, 2500, 2500, 1, 1067375
5000, 3000, 2000, 1, 1317792
8000, 4000, 4000, 1, 1439875
8000, 2000, 6000, 1, 805625
10000, 4000, 6000, 1, 1448541
10000, 5000, 5000, 1, 1925042
650, 325, 325, 1, 18583
650, 350, 300, 1, 19875
650, 300, 350, 1, 17000
1000, 500, 500, 1, 28041
1000, 700, 300, 1, 291541
2500, 1250, 1250, 1, 581625
2500, 1000, 1500, 1, 434292
5000, 2500, 2500, 1, 1062208
5000, 3000, 2000, 1, 1329792
8000, 4000, 4000, 1, 1448833
8000, 2000, 6000, 1, 802750
10000, 4000, 6000, 1, 1450500
10000, 5000, 5000, 1, 1930292
650, 325, 325, 1, 18292
650, 350, 300, 1, 19875
650, 300, 350, 1, 17125
1000, 500, 500, 1, 27917
1000, 700, 300, 1, 296167
2500, 1250, 1250, 1, 597625
2500, 1000, 1500, 1, 430292
5000, 2500, 2500, 1, 1070459
5000, 3000, 2000, 1, 1320000
8000, 4000, 4000, 1, 1451750
8000, 2000, 6000, 1, 814292
10000, 4000, 6000, 1, 1450041
10000, 5000, 5000, 1, 1940375
650, 325, 325, 1, 18458
650, 350, 300, 1, 19750
650, 300, 350, 1, 17083
1000, 500, 500, 1, 28041
1000, 700, 300, 1, 292959
2500, 1250, 1250, 1, 584833
2500, 1000, 1500, 1, 436958
5000, 2500, 2500, 1, 1068125
5000, 3000, 2000, 1, 1328625
8000, 4000, 4000, 1, 1459250
8000, 2000, 6000, 1, 808333
10000, 4000, 6000, 1, 1459625
10000, 5000, 5000, 1, 1941375
650, 325, 325, 1, 18375
650, 350, 300, 1, 19792
650, 300, 350, 1, 17125
1000, 500, 500, 1, 28083
1000, 700, 300, 1, 293625
2500, 1250, 1250, 1, 591833
2500, 1000, 1500, 1, 433042
5000, 2500, 2500, 1, 1080125
5000, 3000, 2000, 1, 1334833
8000, 4000, 4000, 1, 1464000
8000, 2000, 6000, 1, 814375
10000, 4000, 6000, 1, 1454750
10000, 5000, 5000, 1, 1948792
650, 325, 325, 1, 18375
650, 350, 300, 1, 19959
650, 300, 350, 1, 17209
1000, 500, 500, 1, 28084
1000, 700, 300, 1, 294792
2500, 1250, 1250, 1, 593458
2500, 1000, 1500, 1, 433875
5000, 2500, 2500, 1, 1084000
5000, 3000, 2000, 1, 1341291
8000, 4000, 4000, 1, 1464958
8000, 2000, 6000, 1, 811292
10000, 4000, 6000, 1, 1465750
10000, 5000, 5000, 1, 1951792
650, 325, 325, 1, 18583
650, 350, 300, 1, 19875
650, 300, 350, 1, 17584
1000, 500, 500, 1, 28209
1000, 700, 300, 1, 295791
2500, 1250, 1250, 1, 591708
2500, 1000, 1500, 1, 435375
5000, 2500, 2500, 1, 1082166
5000, 3000, 2000, 1, 1340500
8000, 4000, 4000, 1, 1472750
8000, 2000, 6000, 1, 824375
10000, 4000, 6000, 1, 1468083
10000, 5000, 5000, 1, 1956917
650, 325, 325, 1, 18458
650, 350, 300, 1, 19791
650, 300, 350, 1, 16958
1000, 500, 500, 1, 28084
1000, 700, 300, 1, 296375
2500, 1250, 1250, 1, 596708
2500, 1000, 1500, 1, 436500
5000, 2500, 2500, 1, 1116083
5000, 3000, 2000, 1, 1346625
8000, 4000, 4000, 1, 1470917
8000, 2000, 6000, 1, 819541
10000, 4000, 6000, 1, 1466042
10000, 5000, 5000, 1, 1966875
650, 325, 325, 1, 18500
650, 350, 300, 1, 20500
650, 300, 350, 1, 17042
1000, 500, 500, 1, 28000
1000, 700, 300, 1, 297125
2500, 1250, 1250, 1, 593209
2500, 1000, 1500, 1, 437667
5000, 2500, 2500, 1, 1089750
5000, 3000, 2000, 1, 1347875
8000, 4000, 4000, 1, 1475000
8000, 2000, 6000, 1, 820917
10000, 4000, 6000, 1, 1475583
10000, 5000, 5000, 1, 1971084
650, 325, 325, 1, 18459
650, 350, 300, 1, 19750
650, 300, 350, 1, 17125
1000, 500, 500, 1, 27917
1000, 700, 300, 1, 298041
2500, 1250, 1250, 1, 601958
2500, 1000, 1500, 1, 438875
5000, 2500, 2500, 1, 1090750
5000, 3000, 2000, 1, 1389167
8000, 4000, 4000, 1, 1478375
8000, 2000, 6000, 1, 825167
10000, 4000, 6000, 1, 1475917
10000, 5000, 5000, 1, 1974833
650, 325, 325, 1, 18334
650, 350, 300, 1, 19833
650, 300, 350, 1, 17083
1000, 500, 500, 1, 28042
1000, 700, 300, 1, 298792
2500, 1250, 1250, 1, 599375
2500, 1000, 1500, 1, 448500
5000, 2500, 2500, 1, 1092792
5000, 3000, 2000, 1, 1357792
8000, 4000, 4000, 1, 1482500
8000, 2000, 6000, 1, 821916
10000, 4000, 6000, 1, 1485167
10000, 5000, 5000, 1, 1976625
650, 325, 325, 1, 18542
650, 350, 300, 1, 19791
650, 300, 350, 1, 17042
1000, 500, 500, 1, 28041
1000, 700, 300, 1, 304708
2500, 1250, 1250, 1, 598167
2500, 1000, 1500, 1, 442209
5000, 2500, 2500, 1, 1099667
5000, 3000, 2000, 1, 1394833
8000, 4000, 4000, 1, 1481167
8000, 2000, 6000, 1, 830042
10000, 4000, 6000, 1, 1486125
10000, 5000, 5000, 1, 1982250
650, 325, 325, 1, 18416
650, 350, 300, 1, 19875
650, 300, 350, 1, 17041
1000, 500, 500, 1, 28000
1000, 700, 300, 1, 303666
2500, 1250, 1250, 1, 602541
2500, 1000, 1500, 1, 442041
5000, 2500, 2500, 1, 1096792
5000, 3000, 2000, 1, 1363000
8000, 4000, 4000, 1, 1515916
8000, 2000, 6000, 1, 826250
10000, 4000, 6000, 1, 1491875
10000, 5000, 5000, 1, 1993250
650, 325, 325, 1, 18375
650, 350, 300, 1, 19750
650, 300, 350, 1, 17375
1000, 500, 500, 1, 27958
1000, 700, 300, 1, 301208
2500, 1250, 1250, 1, 604209
2500, 1000, 1500, 1, 450083
5000, 2500, 2500, 1, 1102625
5000, 3000, 2000, 1, 1370583
8000, 4000, 4000, 1, 1493417
8000, 2000, 6000, 1, 828375
10000, 4000, 6000, 1, 1496666
10000, 5000, 5000, 1, 1996333
650, 325, 325, 1, 18417
650, 350, 300, 1, 21084
650, 300, 350, 1, 17583
1000, 500, 500, 1, 27958
1000, 700, 300, 1, 302250
2500, 1250, 1250, 1, 608833
2500, 1000, 1500, 1, 444625
5000, 2500, 2500, 1, 1105042
5000, 3000, 2000, 1, 1364667
8000, 4000, 4000, 1, 1500583
8000, 2000, 6000, 1, 836167
10000, 4000, 6000, 1, 1498834
10000, 5000, 5000, 1, 1999458
650, 325, 325, 1, 18417
650, 350, 300, 1, 19833
650, 300, 350, 1, 17125
1000, 500, 500, 1, 28917
1000, 700, 300, 1, 317333
2500, 1250, 1250, 1, 605250
2500, 1000, 1500, 1, 451167
5000, 2500, 2500, 1, 1105875
5000, 3000, 2000, 1, 1374375
8000, 4000, 4000, 1, 1501791
8000, 2000, 6000, 1, 833334
10000, 4000, 6000, 1, 1528375
10000, 5000, 5000, 1, 2003375
650, 325, 325, 1, 18458
650, 350, 300, 1, 20042
650, 300, 350, 1, 17125
1000, 500, 500, 1, 28125
1000, 700, 300, 1, 308917
2500, 1250, 1250, 1, 609584
2500, 1000, 1500, 1, 451167
5000, 2500, 2500, 1, 1111750
5000, 3000, 2000, 1, 1382917
8000, 4000, 4000, 1, 1501000
8000, 2000, 6000, 1, 844375
10000, 4000, 6000, 1, 1506375
10000, 5000, 5000, 1, 2009167
650, 325, 325, 1, 18542
650, 350, 300, 1, 19875
650, 300, 350, 1, 17084
1000, 500, 500, 1, 28041
1000, 700, 300, 1, 306792
2500, 1250, 1250, 1, 613375
2500, 1000, 1500, 1, 448500
5000, 2500, 2500, 1, 1126208
5000, 3000, 2000, 1, 1376208
8000, 4000, 4000, 1, 1512583
8000, 2000, 6000, 1, 842666
10000, 4000, 6000, 1, 1502917
10000, 5000, 5000, 1, 2013375
650, 325, 325, 1, 19625
650, 350, 300, 1, 19875
650, 300, 350, 1, 17250
1000, 500, 500, 1, 28084
1000, 700, 300, 1, 305125
2500, 1250, 1250, 1, 609875
2500, 1000, 1500, 1, 454708
5000, 2500, 2500, 1, 1114709
5000, 3000, 2000, 1, 1384750
8000, 4000, 4000, 1, 1511834
8000, 2000, 6000, 1, 839625
10000, 4000, 6000, 1, 1512541
10000, 5000, 5000, 1, 2117667
650, 325, 325, 1, 18500
650, 350, 300, 1, 19875
650, 300, 350, 1, 17083
1000, 500, 500, 1, 27959
1000, 700, 300, 1, 318375
2500, 1250, 1250, 1, 611541
2500, 1000, 1500, 1, 453625
5000, 2500, 2500, 1, 1129625
5000, 3000, 2000, 1, 1385542
8000, 4000, 4000, 1, 1510500
8000, 2000, 6000, 1, 844583
10000, 4000, 6000, 1, 1634500
10000, 5000, 5000, 1, 2056500
650, 325, 325, 1, 18542
650, 350, 300, 1, 19917
650, 300, 350, 1, 17208
1000, 500, 500, 1, 28041
1000, 700, 300, 1, 306834
2500, 1250, 1250, 1, 619000
2500, 1000, 1500, 1, 452084
5000, 2500, 2500, 1, 1126083
5000, 3000, 2000, 1, 1387500
8000, 4000, 4000, 1, 1522167
8000, 2000, 6000, 1, 853500
10000, 4000, 6000, 1, 1521959
10000, 5000, 5000, 1, 2030750
650, 325, 325, 1, 18500
650, 350, 300, 1, 19792
650, 300, 350, 1, 17000
1000, 500, 500, 1, 28000
1000, 700, 300, 1, 311708
2500, 1250, 1250, 1, 614666
2500, 1000, 1500, 1, 457917
5000, 2500, 2500, 1, 1120834
5000, 3000, 2000, 1, 1398583
8000, 4000, 4000, 1, 1527792
8000, 2000, 6000, 1, 848625
10000, 4000, 6000, 1, 1523000
10000, 5000, 5000, 1, 2047000
650, 325, 325, 1, 18583
650, 350, 300, 1, 19833
650, 300, 350, 1, 18250
1000, 500, 500, 1, 28291
1000, 700, 300, 1, 309042
2500, 1250, 1250, 1, 619125
2500, 1000, 1500, 1, 454291
5000, 2500, 2500, 1, 1128959
5000, 3000, 2000, 1, 1403125
8000, 4000, 4000, 1, 1525500
8000, 2000, 6000, 1, 847500
10000, 4000, 6000, 1, 1525417
10000, 5000, 5000, 1, 2050500
650, 325, 325, 1, 18416
650, 350, 300, 1, 19708
650, 300, 350, 1, 17083
1000, 500, 500, 1, 28042
1000, 700, 300, 1, 310250
2500, 1250, 1250, 1, 618500
2500, 1000, 1500, 1, 455458
5000, 2500, 2500, 1, 1139041
5000, 3000, 2000, 1, 1402250
8000, 4000, 4000, 1, 1523792
8000, 2000, 6000, 1, 855625
10000, 4000, 6000, 1, 1530417
10000, 5000, 5000, 1, 2043666
650, 325, 325, 1, 18500
650, 350, 300, 1, 19792
650, 300, 350, 1, 17167
1000, 500, 500, 1, 28000
1000, 700, 300, 1, 317000
2500, 1250, 1250, 1, 631334
2500, 1000, 1500, 1, 459542
5000, 2500, 2500, 1, 1130625
5000, 3000, 2000, 1, 1401416
8000, 4000, 4000, 1, 1533083
8000, 2000, 6000, 1, 857292
10000, 4000, 6000, 1, 1527708
10000, 5000, 5000, 1, 2048709
650, 325, 325, 1, 18375
650, 350, 300, 1, 19750
650, 300, 350, 1, 17084
1000, 500, 500, 1, 27875
1000, 700, 300, 1, 310875
2500, 1250, 1250, 1, 621416
2500, 1000, 1500, 1, 463584
5000, 2500, 2500, 1, 1132541
5000, 3000, 2000, 1, 1416709
8000, 4000, 4000, 1, 1538791
8000, 2000, 6000, 1, 854541
10000, 4000, 6000, 1, 1538584
10000, 5000, 5000, 1, 2058500
650, 325, 325, 1, 18416
650, 350, 300, 1, 19916
650, 300, 350, 1, 17167
1000, 500, 500, 1, 28959
1000, 700, 300, 1, 311666
2500, 1250, 1250, 1, 623166
2500, 1000, 1500, 1, 459041
5000, 2500, 2500, 1, 1140709
5000, 3000, 2000, 1, 1414625
8000, 4000, 4000, 1, 1541625
8000, 2000, 6000, 1, 857000
10000, 4000, 6000, 1, 1543334
10000, 5000, 5000, 1, 2058625
650, 325, 325, 1, 18584
650, 350, 300, 1, 19750
650, 300, 350, 1, 17000
1000, 500, 500, 1, 28167
1000, 700, 300, 1, 312583
2500, 1250, 1250, 1, 630333
2500, 1000, 1500, 1, 460500
5000, 2500, 2500, 1, 1145917
5000, 3000, 2000, 1, 1433375
8000, 4000, 4000, 1, 1542834
8000, 2000, 6000, 1, 864458
10000, 4000, 6000, 1, 1545625
10000, 5000, 5000, 1, 2063542
650, 325, 325, 1, 18500
650, 350, 300, 1, 22500
650, 300, 350, 1, 18375
1000, 500, 500, 1, 28834
1000, 700, 300, 1, 328917
2500, 1250, 1250, 1, 639667
2500, 1000, 1500, 1, 477333
5000, 2500, 2500, 1, 1177625
5000, 3000, 2000, 1, 1457459
8000, 4000, 4000, 1, 1576958
8000, 2000, 6000, 1, 897917
10000, 4000, 6000, 1, 1589625
10000, 5000, 5000, 1, 2173959
650, 325, 325, 1, 19666
650, 350, 300, 1, 20459
650, 300, 350, 1, 17708
1000, 500, 500, 1, 29875
1000, 700, 300, 1, 319833
2500, 1250, 1250, 1, 657041
2500, 1000, 1500, 1, 479459
5000, 2500, 2500, 1, 1198167
5000, 3000, 2000, 1, 1469750
8000, 4000, 4000, 1, 1616209
8000, 2000, 6000, 1, 896584
10000, 4000, 6000, 1, 1610875
10000, 5000, 5000, 1, 2155083
650, 325, 325, 1, 19250
650, 350, 300, 1, 20375
650, 300, 350, 1, 17708
1000, 500, 500, 1, 29125
1000, 700, 300, 1, 325583
2500, 1250, 1250, 1, 660500
2500, 1000, 1500, 1, 497083
5000, 2500, 2500, 1, 1228084
5000, 3000, 2000, 1, 1517334
8000, 4000, 4000, 1, 1608166
8000, 2000, 6000, 1, 899583
10000, 4000, 6000, 1, 1609125
10000, 5000, 5000, 1, 2150334
650, 325, 325, 1, 19083
650, 350, 300, 1, 20458
650, 300, 350, 1, 17708
1000, 500, 500, 1, 29000
1000, 700, 300, 1, 328833
2500, 1250, 1250, 1, 657000
2500, 1000, 1500, 1, 480875
5000, 2500, 2500, 1, 1196208
5000, 3000, 2000, 1, 1482208
8000, 4000, 4000, 1, 1616666
8000, 2000, 6000, 1, 932916
10000, 4000, 6000, 1, 1633125
10000, 5000, 5000, 1, 2184292
650, 325, 325, 1, 20000
650, 350, 300, 1, 20500
650, 300, 350, 1, 17792
1000, 500, 500, 1, 29500
1000, 700, 300, 1, 331792
2500, 1250, 1250, 1, 677584
2500, 1000, 1500, 1, 469083
5000, 2500, 2500, 1, 1159041
5000, 3000, 2000, 1, 1432458
8000, 4000, 4000, 1, 1560667
8000, 2000, 6000, 1, 875583
10000, 4000, 6000, 1, 1564541
10000, 5000, 5000, 1, 2100167
650, 325, 325, 1, 18500
650, 350, 300, 1, 19750
650, 300, 350, 1, 17083
1000, 500, 500, 1, 27959
1000, 700, 300, 1, 317208
2500, 1250, 1250, 1, 640000
2500, 1000, 1500, 1, 467750
5000, 2500, 2500, 1, 1169459
5000, 3000, 2000, 1, 1439083
8000, 4000, 4000, 1, 1571042
8000, 2000, 6000, 1, 877792
10000, 4000, 6000, 1, 1593375
10000, 5000, 5000, 1, 2095083
650, 325, 325, 1, 18708
650, 350, 300, 1, 19833
650, 300, 350, 1, 17125
1000, 500, 500, 1, 27958
1000, 700, 300, 1, 329042
2500, 1250, 1250, 1, 638209
2500, 1000, 1500, 1, 498458
5000, 2500, 2500, 1, 1159458
5000, 3000, 2000, 1, 1445792
8000, 4000, 4000, 1, 1572125
8000, 2000, 6000, 1, 881292
10000, 4000, 6000, 1, 1566333
10000, 5000, 5000, 1, 2104708
650, 325, 325, 1, 18375
650, 350, 300, 1, 19917
650, 300, 350, 1, 17042
1000, 500, 500, 1, 27916
1000, 700, 300, 1, 318583
2500, 1250, 1250, 1, 638333
2500, 1000, 1500, 1, 475084
5000, 2500, 2500, 1, 1162459
5000, 3000, 2000, 1, 1450541
8000, 4000, 4000, 1, 1579917
8000, 2000, 6000, 1, 876666
10000, 4000, 6000, 1, 1574292
10000, 5000, 5000, 1, 2105167
650, 325, 325, 1, 19000
650, 350, 300, 1, 19833
650, 300, 350, 1, 16958
1000, 500, 500, 1, 28083
1000, 700, 300, 1, 319666
2500, 1250, 1250, 1, 640083
2500, 1000, 1500, 1, 476750
5000, 2500, 2500, 1, 1164958
5000, 3000, 2000, 1, 1455125
8000, 4000, 4000, 1, 1582042
8000, 2000, 6000, 1, 878625
10000, 4000, 6000, 1, 1582417
10000, 5000, 5000, 1, 2133750
650, 325, 325, 1, 18834
650, 350, 300, 1, 19958
650, 300, 350, 1, 22000
1000, 500, 500, 1, 28000
1000, 700, 300, 1, 320667
2500, 1250, 1250, 1, 644916
2500, 1000, 1500, 1, 474833
5000, 2500, 2500, 1, 1181125
5000, 3000, 2000, 1, 1452875
8000, 4000, 4000, 1, 1580500
8000, 2000, 6000, 1, 880916
10000, 4000, 6000, 1, 1580875
10000, 5000, 5000, 1, 2118333
650, 325, 325, 1, 18292
650, 350, 300, 1, 19750
650, 300, 350, 1, 18000
1000, 500, 500, 1, 28250
1000, 700, 300, 1, 321375
2500, 1250, 1250, 1, 643625
2500, 1000, 1500, 1, 473375
5000, 2500, 2500, 1, 1178708
5000, 3000, 2000, 1, 1456666
8000, 4000, 4000, 1, 1584917
8000, 2000, 6000, 1, 883291
10000, 4000, 6000, 1, 1585709
10000, 5000, 5000, 1, 2119541
650, 325, 325, 1, 18583
650, 350, 300, 1, 19916
650, 300, 350, 1, 17208
1000, 500, 500, 1, 28875
1000, 700, 300, 1, 322041
2500, 1250, 1250, 1, 645417
2500, 1000, 1500, 1, 474750
5000, 2500, 2500, 1, 1178375
5000, 3000, 2000, 1, 1460125
8000, 4000, 4000, 1, 1590375
8000, 2000, 6000, 1, 885583
10000, 4000, 6000, 1, 1588750
10000, 5000, 5000, 1, 2123625
650, 325, 325, 1, 18459
650, 350, 300, 1, 19833
650, 300, 350, 1, 17125
1000, 500, 500, 1, 28166
1000, 700, 300, 1, 325541
2500, 1250, 1250, 1, 648459
2500, 1000, 1500, 1, 476416
5000, 2500, 2500, 1, 1180208
5000, 3000, 2000, 1, 1465500
8000, 4000, 4000, 1, 1593958
8000, 2000, 6000, 1, 887833
10000, 4000, 6000, 1, 1591667
10000, 5000, 5000, 1, 2131667
650, 325, 325, 1, 18417
650, 350, 300, 1, 19750
650, 300, 350, 1, 16959
1000, 500, 500, 1, 28250
1000, 700, 300, 1, 326333
2500, 1250, 1250, 1, 648708
2500, 1000, 1500, 1, 477084
5000, 2500, 2500, 1, 1186125
5000, 3000, 2000, 1, 1469625
8000, 4000, 4000, 1, 1597417
8000, 2000, 6000, 1, 889916
10000, 4000, 6000, 1, 1597916
10000, 5000, 5000, 1, 2135958
650, 325, 325, 1, 18375
650, 350, 300, 1, 19875
650, 300, 350, 1, 16958
1000, 500, 500, 1, 28083
1000, 700, 300, 1, 326709
2500, 1250, 1250, 1, 652416
2500, 1000, 1500, 1, 478333
5000, 2500, 2500, 1, 1190750
5000, 3000, 2000, 1, 1478542
8000, 4000, 4000, 1, 1605125
8000, 2000, 6000, 1, 891792
10000, 4000, 6000, 1, 1605042
10000, 5000, 5000, 1, 2142125
650, 325, 325, 1, 18625
650, 350, 300, 1, 19958
650, 300, 350, 1, 17208
1000, 500, 500, 1, 28125
1000, 700, 300, 1, 327125
2500, 1250, 1250, 1, 652167
2500, 1000, 1500, 1, 479541
5000, 2500, 2500, 1, 1216500
5000, 3000, 2000, 1, 1522291
8000, 4000, 4000, 1, 1653125
8000, 2000, 6000, 1, 922958
10000, 4000, 6000, 1, 1653708
10000, 5000, 5000, 1, 2166167
650, 325, 325, 1, 19125
650, 350, 300, 1, 19750
650, 300, 350, 1, 17042
1000, 500, 500, 1, 29083
1000, 700, 300, 1, 339750
2500, 1250, 1250, 1, 673625
2500, 1000, 1500, 1, 482583
5000, 2500, 2500, 1, 1196500
5000, 3000, 2000, 1, 1483209
8000, 4000, 4000, 1, 1611417
8000, 2000, 6000, 1, 919250
10000, 4000, 6000, 1, 1628833
10000, 5000, 5000, 1, 2153583
650, 325, 325, 1, 18584
650, 350, 300, 1, 19750
650, 300, 350, 1, 17125
1000, 500, 500, 1, 28042
1000, 700, 300, 1, 332667
2500, 1250, 1250, 1, 677125
2500, 1000, 1500, 1, 497125
5000, 2500, 2500, 1, 1235959
5000, 3000, 2000, 1, 1495542
8000, 4000, 4000, 1, 1623833
8000, 2000, 6000, 1, 898625
10000, 4000, 6000, 1, 1616333
10000, 5000, 5000, 1, 2160166
650, 325, 325, 1, 18375
650, 350, 300, 1, 19875
650, 300, 350, 1, 17208
1000, 500, 500, 1, 28042
1000, 700, 300, 1, 328917
2500, 1250, 1250, 1, 656667
2500, 1000, 1500, 1, 482875
5000, 2500, 2500, 1, 1202958
5000, 3000, 2000, 1, 1493042
8000, 4000, 4000, 1, 1616583
8000, 2000, 6000, 1, 903916
10000, 4000, 6000, 1, 1618791
10000, 5000, 5000, 1, 2160292
650, 325, 325, 1, 18500
650, 350, 300, 1, 19875
650, 300, 350, 1, 17208
1000, 500, 500, 1, 28750
1000, 700, 300, 1, 328125
2500, 1250, 1250, 1, 661167
2500, 1000, 1500, 1, 488291
5000, 2500, 2500, 1, 1212583
5000, 3000, 2000, 1, 1499750
8000, 4000, 4000, 1, 1622167
8000, 2000, 6000, 1, 905541
10000, 4000, 6000, 1, 1620666
10000, 5000, 5000, 1, 2167916
650, 325, 325, 1, 18459
650, 350, 300, 1, 19958
650, 300, 350, 1, 17000
1000, 500, 500, 1, 29792
1000, 700, 300, 1, 331875
2500, 1250, 1250, 1, 659917
2500, 1000, 1500, 1, 485625
5000, 2500, 2500, 1, 1205666
5000, 3000, 2000, 1, 1499292
8000, 4000, 4000, 1, 1624334
8000, 2000, 6000, 1, 905291
10000, 4000, 6000, 1, 1626625
10000, 5000, 5000, 1, 2178834
650, 325, 325, 1, 18375
650, 350, 300, 1, 19917
650, 300, 350, 1, 18292
1000, 500, 500, 1, 28083
1000, 700, 300, 1, 329875
2500, 1250, 1250, 1, 664625
2500, 1000, 1500, 1, 486500
5000, 2500, 2500, 1, 1206625
5000, 3000, 2000, 1, 1499709
8000, 4000, 4000, 1, 1628334
8000, 2000, 6000, 1, 907000
10000, 4000, 6000, 1, 1629542
10000, 5000, 5000, 1, 2188625
650, 325, 325, 1, 18458
650, 350, 300, 1, 21167
650, 300, 350, 1, 17625
1000, 500, 500, 1, 27917
1000, 700, 300, 1, 330834
2500, 1250, 1250, 1, 663459
2500, 1000, 1500, 1, 493667
5000, 2500, 2500, 1, 1206084
5000, 3000, 2000, 1, 1503583
8000, 4000, 4000, 1, 1634958
8000, 2000, 6000, 1, 910500
10000, 4000, 6000, 1, 1641500
10000, 5000, 5000, 1, 2185542
650, 325, 325, 1, 18375
650, 350, 300, 1, 19625
650, 300, 350, 1, 17041
1000, 500, 500, 1, 28000
1000, 700, 300, 1, 331500
2500, 1250, 1250, 1, 664958
2500, 1000, 1500, 1, 494834
5000, 2500, 2500, 1, 1209375
5000, 3000, 2000, 1, 1511166
8000, 4000, 4000, 1, 1637459
8000, 2000, 6000, 1, 916334
10000, 4000, 6000, 1, 1632375
10000, 5000, 5000, 1, 2188584
650, 325, 325, 1, 18458
650, 350, 300, 1, 19750
650, 300, 350, 1, 17125
1000, 500, 500, 1, 28125
1000, 700, 300, 1, 332334
2500, 1250, 1250, 1, 668458
2500, 1000, 1500, 1, 491875
5000, 2500, 2500, 1, 1215125
5000, 3000, 2000, 1, 1511500
8000, 4000, 4000, 1, 1641708
8000, 2000, 6000, 1, 918750
10000, 4000, 6000, 1, 1639458
10000, 5000, 5000, 1, 2192333
650, 325, 325, 1, 18417
650, 350, 300, 1, 19792
650, 300, 350, 1, 17000
1000, 500, 500, 1, 28125
1000, 700, 300, 1, 333292
2500, 1250, 1250, 1, 673708
2500, 1000, 1500, 1, 491375
5000, 2500, 2500, 1, 1220708
5000, 3000, 2000, 1, 1512500
8000, 4000, 4000, 1, 1643208
8000, 2000, 6000, 1, 923708
10000, 4000, 6000, 1, 1651208
10000, 5000, 5000, 1, 2201625
650, 325, 325, 1, 18375
650, 350, 300, 1, 19833
650, 300, 350, 1, 17041
1000, 500, 500, 1, 28083
1000, 700, 300, 1, 333833
2500, 1250, 1250, 1, 675459
2500, 1000, 1500, 1, 495333
5000, 2500, 2500, 1, 1223791
5000, 3000, 2000, 1, 1545958
8000, 4000, 4000, 1, 1641334
8000, 2000, 6000, 1, 925750
10000, 4000, 6000, 1, 1652916
10000, 5000, 5000, 1, 2199916
650, 325, 325, 1, 18542
650, 350, 300, 1, 19833
650, 300, 350, 1, 17167
1000, 500, 500, 1, 27917
1000, 700, 300, 1, 334917
2500, 1250, 1250, 1, 674583
2500, 1000, 1500, 1, 497917
5000, 2500, 2500, 1, 1224542
5000, 3000, 2000, 1, 1519875
8000, 4000, 4000, 1, 1645708
8000, 2000, 6000, 1, 920291
10000, 4000, 6000, 1, 1647458
10000, 5000, 5000, 1, 2211500
650, 325, 325, 1, 18709
650, 350, 300, 1, 19834
650, 300, 350, 1, 17042
1000, 500, 500, 1, 28125
1000, 700, 300, 1, 339292
2500, 1250, 1250, 1, 676333
2500, 1000, 1500, 1, 495041
5000, 2500, 2500, 1, 1227625
5000, 3000, 2000, 1, 1526583
8000, 4000, 4000, 1, 1653708
8000, 2000, 6000, 1, 922458
10000, 4000, 6000, 1, 1658709
10000, 5000, 5000, 1, 2224291
650, 325, 325, 1, 18417
650, 350, 300, 1, 19792
650, 300, 350, 1, 17125
1000, 500, 500, 1, 27959
1000, 700, 300, 1, 336291
2500, 1250, 1250, 1, 674834
2500, 1000, 1500, 1, 499125
5000, 2500, 2500, 1, 1230542
5000, 3000, 2000, 1, 1527167
8000, 4000, 4000, 1, 1657000
8000, 2000, 6000, 1, 928750
10000, 4000, 6000, 1, 1682667
10000, 5000, 5000, 1, 2218500
650, 325, 325, 1, 18458
650, 350, 300, 1, 20291
650, 300, 350, 1, 17042
1000, 500, 500, 1, 28042
1000, 700, 300, 1, 340000
2500, 1250, 1250, 1, 676583
2500, 1000, 1500, 1, 501375
5000, 2500, 2500, 1, 1230042
5000, 3000, 2000, 1, 1537500
8000, 4000, 4000, 1, 1662708
8000, 2000, 6000, 1, 926959
10000, 4000, 6000, 1, 1656167
10000, 5000, 5000, 1, 2223291
650, 325, 325, 1, 18500
650, 350, 300, 1, 19791
650, 300, 350, 1, 16959
1000, 500, 500, 1, 28167
1000, 700, 300, 1, 337959
2500, 1250, 1250, 1, 680625
2500, 1000, 1500, 1, 515375
5000, 2500, 2500, 1, 1238208
5000, 3000, 2000, 1, 1535208
8000, 4000, 4000, 1, 1662333
8000, 2000, 6000, 1, 934417
10000, 4000, 6000, 1, 1665541
10000, 5000, 5000, 1, 2226084
650, 325, 325, 1, 18417
650, 350, 300, 1, 19750
650, 300, 350, 1, 17084
1000, 500, 500, 1, 28000
1000, 700, 300, 1, 338792
2500, 1250, 1250, 1, 687041
2500, 1000, 1500, 1, 499625
5000, 2500, 2500, 1, 1240083
5000, 3000, 2000, 1, 1539291
8000, 4000, 4000, 1, 1666208
8000, 2000, 6000, 1, 934250
10000, 4000, 6000, 1, 1668292
10000, 5000, 5000, 1, 2232625
650, 325, 325, 1, 18500
650, 350, 300, 1, 19917
650, 300, 350, 1, 17083
1000, 500, 500, 1, 27750
1000, 700, 300, 1, 339709
2500, 1250, 1250, 1, 682125
2500, 1000, 1500, 1, 501125
5000, 2500, 2500, 1, 1243000
5000, 3000, 2000, 1, 1541667
8000, 4000, 4000, 1, 1678417
8000, 2000, 6000, 1, 935542
10000, 4000, 6000, 1, 1670000
10000, 5000, 5000, 1, 2236167
650, 325, 325, 1, 18459
650, 350, 300, 1, 19792
650, 300, 350, 1, 17083
1000, 500, 500, 1, 27875
1000, 700, 300, 1, 341125
2500, 1250, 1250, 1, 683625
2500, 1000, 1500, 1, 504917
5000, 2500, 2500, 1, 1245417
5000, 3000, 2000, 1, 1545250
8000, 4000, 4000, 1, 1677458
8000, 2000, 6000, 1, 935125
10000, 4000, 6000, 1, 1673250
10000, 5000, 5000, 1, 2268000
650, 325, 325, 1, 19208
650, 350, 300, 1, 20000
650, 300, 350, 1, 17125
1000, 500, 500, 1, 28000
1000, 700, 300, 1, 341542
2500, 1250, 1250, 1, 686250
2500, 1000, 1500, 1, 506833
5000, 2500, 2500, 1, 1247917
5000, 3000, 2000, 1, 1549000
8000, 4000, 4000, 1, 1677334
8000, 2000, 6000, 1, 940209
10000, 4000, 6000, 1, 1684500
10000, 5000, 5000, 1, 2245583
650, 325, 325, 1, 18542
650, 350, 300, 1, 19833
650, 300, 350, 1, 17083
1000, 500, 500, 1, 28209
1000, 700, 300, 1, 342125
2500, 1250, 1250, 1, 690125
2500, 1000, 1500, 1, 504500
5000, 2500, 2500, 1, 1250292
5000, 3000, 2000, 1, 1549875
8000, 4000, 4000, 1, 1681292
8000, 2000, 6000, 1, 946792
10000, 4000, 6000, 1, 1680583
10000, 5000, 5000, 1, 2251583
650, 325, 325, 1, 18542
650, 350, 300, 1, 19875
650, 300, 350, 1, 17167
1000, 500, 500, 1, 28208
1000, 700, 300, 1, 342709
2500, 1250, 1250, 1, 691250
2500, 1000, 1500, 1, 505667
5000, 2500, 2500, 1, 1254625
5000, 3000, 2000, 1, 1561708
8000, 4000, 4000, 1, 1684916
8000, 2000, 6000, 1, 941792
10000, 4000, 6000, 1, 1684750
10000, 5000, 5000, 1, 2259417
650, 325, 325, 1, 18708
650, 350, 300, 1, 19834
650, 300, 350, 1, 17000
1000, 500, 500, 1, 28084
1000, 700, 300, 1, 346417
2500, 1250, 1250, 1, 689958
2500, 1000, 1500, 1, 507333
5000, 2500, 2500, 1, 1261083
5000, 3000, 2000, 1, 1560292
8000, 4000, 4000, 1, 1688666
8000, 2000, 6000, 1, 946791
10000, 4000, 6000, 1, 1725416
10000, 5000, 5000, 1, 2270584
650, 325, 325, 1, 19000
650, 350, 300, 1, 19833
650, 300, 350, 1, 17125
1000, 500, 500, 1, 28000
1000, 700, 300, 1, 344250
2500, 1250, 1250, 1, 691750
2500, 1000, 1500, 1, 511834
5000, 2500, 2500, 1, 1259375
5000, 3000, 2000, 1, 1564292
8000, 4000, 4000, 1, 1691958
8000, 2000, 6000, 1, 949000
10000, 4000, 6000, 1, 1691542
10000, 5000, 5000, 1, 2271500
650, 325, 325, 1, 18417
650, 350, 300, 1, 19750
650, 300, 350, 1, 17167
1000, 500, 500, 1, 28084
1000, 700, 300, 1, 345291
2500, 1250, 1250, 1, 697166
2500, 1000, 1500, 1, 509167
5000, 2500, 2500, 1, 1264708
5000, 3000, 2000, 1, 1564958
8000, 4000, 4000, 1, 1694833
8000, 2000, 6000, 1, 958958
10000, 4000, 6000, 1, 1695917
10000, 5000, 5000, 1, 2272208
650, 325, 325, 1, 18375
650, 350, 300, 1, 19916
650, 300, 350, 1, 17125
1000, 500, 500, 1, 27958
1000, 700, 300, 1, 345875
2500, 1250, 1250, 1, 695083
2500, 1000, 1500, 1, 510708
5000, 2500, 2500, 1, 1271209
5000, 3000, 2000, 1, 1576417
8000, 4000, 4000, 1, 1703875
8000, 2000, 6000, 1, 953125
10000, 4000, 6000, 1, 1699584
10000, 5000, 5000, 1, 2279417
650, 325, 325, 1, 18417
650, 350, 300, 1, 19875
650, 300, 350, 1, 17125
1000, 500, 500, 1, 28209
1000, 700, 300, 1, 346792
2500, 1250, 1250, 1, 696625
2500, 1000, 1500, 1, 515666
5000, 2500, 2500, 1, 1269834
5000, 3000, 2000, 1, 1574750
8000, 4000, 4000, 1, 1703292
8000, 2000, 6000, 1, 955375
10000, 4000, 6000, 1, 1702542
10000, 5000, 5000, 1, 2282041
650, 325, 325, 1, 18375
650, 350, 300, 1, 19750
650, 300, 350, 1, 17042
1000, 500, 500, 1, 27875
1000, 700, 300, 1, 360083
2500, 1250, 1250, 1, 701958
2500, 1000, 1500, 1, 513042
5000, 2500, 2500, 1, 1271000
5000, 3000, 2000, 1, 1576291
8000, 4000, 4000, 1, 1731458
8000, 2000, 6000, 1, 963542
10000, 4000, 6000, 1, 1718167
10000, 5000, 5000, 1, 2290459
650, 325, 325, 1, 18459
650, 350, 300, 1, 19792
650, 300, 350, 1, 17208
1000, 500, 500, 1, 30708
1000, 700, 300, 1, 351834
2500, 1250, 1250, 1, 699875
2500, 1000, 1500, 1, 514125
5000, 2500, 2500, 1, 1276625
5000, 3000, 2000, 1, 1583500
8000, 4000, 4000, 1, 1711208
8000, 2000, 6000, 1, 959792
10000, 4000, 6000, 1, 1711042
10000, 5000, 5000, 1, 2294750
650, 325, 325, 1, 18500
650, 350, 300, 1, 20542
650, 300, 350, 1, 17125
1000, 500, 500, 1, 28083
1000, 700, 300, 1, 353458
2500, 1250, 1250, 1, 701667
2500, 1000, 1500, 1, 518208
5000, 2500, 2500, 1, 1274500
5000, 3000, 2000, 1, 1589750
8000, 4000, 4000, 1, 1714417
8000, 2000, 6000, 1, 961959
10000, 4000, 6000, 1, 1713959
10000, 5000, 5000, 1, 2312833
650, 325, 325, 1, 18500
650, 350, 300, 1, 19792
650, 300, 350, 1, 17042
1000, 500, 500, 1, 28375
1000, 700, 300, 1, 350250
2500, 1250, 1250, 1, 706209
2500, 1000, 1500, 1, 519209
5000, 2500, 2500, 1, 1283375
5000, 3000, 2000, 1, 1589458
8000, 4000, 4000, 1, 1715708
8000, 2000, 6000, 1, 971666
10000, 4000, 6000, 1, 1718417
10000, 5000, 5000, 1, 2306042
650, 325, 325, 1, 18500
650, 350, 300, 1, 19875
650, 300, 350, 1, 17125
1000, 500, 500, 1, 28041
1000, 700, 300, 1, 353291
2500, 1250, 1250, 1, 705000
2500, 1000, 1500, 1, 517958
5000, 2500, 2500, 1, 1285958
5000, 3000, 2000, 1, 1605875
8000, 4000, 4000, 1, 1723125
8000, 2000, 6000, 1, 996666
10000, 4000, 6000, 1, 1721833
10000, 5000, 5000, 1, 2339792
650, 325, 325, 1, 18417
650, 350, 300, 1, 19833
650, 300, 350, 1, 17125
1000, 500, 500, 1, 28042
1000, 700, 300, 1, 351583
2500, 1250, 1250, 1, 706417
2500, 1000, 1500, 1, 522292
5000, 2500, 2500, 1, 1287458
5000, 3000, 2000, 1, 1596459
8000, 4000, 4000, 1, 1727416
8000, 2000, 6000, 1, 968833
10000, 4000, 6000, 1, 1726250
10000, 5000, 5000, 1, 2314292
650, 325, 325, 1, 18584
650, 350, 300, 1, 19750
650, 300, 350, 1, 17667
1000, 500, 500, 1, 28041
1000, 700, 300, 1, 352333
2500, 1250, 1250, 1, 750750
2500, 1000, 1500, 1, 520291
5000, 2500, 2500, 1, 1289166
5000, 3000, 2000, 1, 1602000
8000, 4000, 4000, 1, 1729041
8000, 2000, 6000, 1, 967917
10000, 4000, 6000, 1, 1730125
10000, 5000, 5000, 1, 2319166
650, 325, 325, 1, 18542
650, 350, 300, 1, 19834
650, 300, 350, 1, 17167
1000, 500, 500, 1, 28000
1000, 700, 300, 1, 358708
2500, 1250, 1250, 1, 710000
2500, 1000, 1500, 1, 524542
5000, 2500, 2500, 1, 1289125
5000, 3000, 2000, 1, 1605666
8000, 4000, 4000, 1, 1733167
8000, 2000, 6000, 1, 977334
10000, 4000, 6000, 1, 1734375
10000, 5000, 5000, 1, 2334333
650, 325, 325, 1, 18458
650, 350, 300, 1, 19791
650, 300, 350, 1, 17125
1000, 500, 500, 1, 28000
1000, 700, 300, 1, 353834
2500, 1250, 1250, 1, 714625
2500, 1000, 1500, 1, 522375
5000, 2500, 2500, 1, 1297708
5000, 3000, 2000, 1, 1629916
8000, 4000, 4000, 1, 1742334
8000, 2000, 6000, 1, 973042
10000, 4000, 6000, 1, 1741000
10000, 5000, 5000, 1, 2329125
650, 325, 325, 1, 18667
650, 350, 300, 1, 19834
650, 300, 350, 1, 17042
1000, 500, 500, 1, 28917
1000, 700, 300, 1, 357750
2500, 1250, 1250, 1, 713584
2500, 1000, 1500, 1, 526458
5000, 2500, 2500, 1, 1298500
5000, 3000, 2000, 1, 1613042
8000, 4000, 4000, 1, 1752250
8000, 2000, 6000, 1, 978542
10000, 4000, 6000, 1, 1737667
10000, 5000, 5000, 1, 2337750
650, 325, 325, 1, 18416
650, 350, 300, 1, 19875
650, 300, 350, 1, 17125
1000, 500, 500, 1, 28000
1000, 700, 300, 1, 355625
2500, 1250, 1250, 1, 718375
2500, 1000, 1500, 1, 524959
5000, 2500, 2500, 1, 1301166
5000, 3000, 2000, 1, 1617417
8000, 4000, 4000, 1, 1744500
8000, 2000, 6000, 1, 979625
10000, 4000, 6000, 1, 1745292
10000, 5000, 5000, 1, 2336708
650, 325, 325, 1, 18375
650, 350, 300, 1, 19750
650, 300, 350, 1, 17000
1000, 500, 500, 1, 28167
1000, 700, 300, 1, 359500
2500, 1250, 1250, 1, 717084
2500, 1000, 1500, 1, 528833
5000, 2500, 2500, 1, 1303917
5000, 3000, 2000, 1, 1620459
8000, 4000, 4000, 1, 1751750
8000, 2000, 6000, 1, 978833
10000, 4000, 6000, 1, 1747625
10000, 5000, 5000, 1, 2346875
650, 325, 325, 1, 18541
650, 350, 300, 1, 19791
650, 300, 350, 1, 16917
1000, 500, 500, 1, 27875
1000, 700, 300, 1, 357334
2500, 1250, 1250, 1, 721292
2500, 1000, 1500, 1, 529958
5000, 2500, 2500, 1, 1306958
5000, 3000, 2000, 1, 1624041
8000, 4000, 4000, 1, 1750958
8000, 2000, 6000, 1, 988291
10000, 4000, 6000, 1, 1751917
10000, 5000, 5000, 1, 2349125
650, 325, 325, 1, 18500
650, 350, 300, 1, 19791
650, 300, 350, 1, 17167
1000, 500, 500, 1, 28000
1000, 700, 300, 1, 360708
2500, 1250, 1250, 1, 721750
2500, 1000, 1500, 1, 547292
5000, 2500, 2500, 1, 1309875
5000, 3000, 2000, 1, 1627583
8000, 4000, 4000, 1, 1758167
8000, 2000, 6000, 1, 982917
10000, 4000, 6000, 1, 1757875
10000, 5000, 5000, 1, 2360583
650, 325, 325, 1, 18542
650, 350, 300, 1, 19834
650, 300, 350, 1, 17042
1000, 500, 500, 1, 28042
1000, 700, 300, 1, 358792
2500, 1250, 1250, 1, 724125
2500, 1000, 1500, 1, 529708
5000, 2500, 2500, 1, 1312333
5000, 3000, 2000, 1, 1630875
8000, 4000, 4000, 1, 1762875
8000, 2000, 6000, 1, 988334
10000, 4000, 6000, 1, 1763208
10000, 5000, 5000, 1, 2362000
650, 325, 325, 1, 18459
650, 350, 300, 1, 20083
650, 300, 350, 1, 17041
1000, 500, 500, 1, 28000
1000, 700, 300, 1, 362875
2500, 1250, 1250, 1, 726416
2500, 1000, 1500, 1, 530834
5000, 2500, 2500, 1, 1315541
5000, 3000, 2000, 1, 1638750
8000, 4000, 4000, 1, 1766833
8000, 2000, 6000, 1, 987875
10000, 4000, 6000, 1, 1764584
10000, 5000, 5000, 1, 2366875
650, 325, 325, 1, 18459
650, 350, 300, 1, 19875
650, 300, 350, 1, 17167
1000, 500, 500, 1, 28084
1000, 700, 300, 1, 360459
2500, 1250, 1250, 1, 727792
2500, 1000, 1500, 1, 535167
5000, 2500, 2500, 1, 1356916
5000, 3000, 2000, 1, 1636125
8000, 4000, 4000, 1, 1766166
8000, 2000, 6000, 1, 1111041
10000, 4000, 6000, 1, 1786208
10000, 5000, 5000, 1, 2384375
650, 325, 325, 1, 18333
650, 350, 300, 1, 20291
650, 300, 350, 1, 16958
1000, 500, 500, 1, 28292
1000, 700, 300, 1, 361791
2500, 1250, 1250, 1, 727250
2500, 1000, 1500, 1, 533375
5000, 2500, 2500, 1, 1320917
5000, 3000, 2000, 1, 1770084
8000, 4000, 4000, 1, 1788416
8000, 2000, 6000, 1, 1006125
10000, 4000, 6000, 1, 1785500
10000, 5000, 5000, 1, 2386875
650, 325, 325, 1, 18459
650, 350, 300, 1, 19792
650, 300, 350, 1, 17083
1000, 500, 500, 1, 28042
1000, 700, 300, 1, 362208
2500, 1250, 1250, 1, 731542
2500, 1000, 1500, 1, 538000
5000, 2500, 2500, 1, 1330125
5000, 3000, 2000, 1, 1648250
8000, 4000, 4000, 1, 1778708
8000, 2000, 6000, 1, 996917
10000, 4000, 6000, 1, 1774209
10000, 5000, 5000, 1, 2387375
650, 325, 325, 1, 19209
650, 350, 300, 1, 19834
650, 300, 350, 1, 17125
1000, 500, 500, 1, 28083
1000, 700, 300, 1, 362792
2500, 1250, 1250, 1, 730042
2500, 1000, 1500, 1, 539500
5000, 2500, 2500, 1, 1327042
5000, 3000, 2000, 1, 1652500
8000, 4000, 4000, 1, 1777792
8000, 2000, 6000, 1, 1021708
10000, 4000, 6000, 1, 1777541
10000, 5000, 5000, 1, 2392833
650, 325, 325, 1, 18500
650, 350, 300, 1, 19750
650, 300, 350, 1, 17125
1000, 500, 500, 1, 28084
1000, 700, 300, 1, 366458
2500, 1250, 1250, 1, 731708
2500, 1000, 1500, 1, 539709
5000, 2500, 2500, 1, 1333125
5000, 3000, 2000, 1, 1676584
8000, 4000, 4000, 1, 1784917
8000, 2000, 6000, 1, 998250
10000, 4000, 6000, 1, 1781500
10000, 5000, 5000, 1, 2394125
650, 325, 325, 1, 18584
650, 350, 300, 1, 20000
650, 300, 350, 1, 17042
1000, 500, 500, 1, 28041
1000, 700, 300, 1, 364625
2500, 1250, 1250, 1, 736625
2500, 1000, 1500, 1, 539458
5000, 2500, 2500, 1, 1332833
5000, 3000, 2000, 1, 1665583
8000, 4000, 4000, 1, 1784000
8000, 2000, 6000, 1, 1003000
10000, 4000, 6000, 1, 1785583
10000, 5000, 5000, 1, 2399708
650, 325, 325, 1, 18416
650, 350, 300, 1, 19833
650, 300, 350, 1, 17042
1000, 500, 500, 1, 28458
1000, 700, 300, 1, 365375
2500, 1250, 1250, 1, 737875
2500, 1000, 1500, 1, 541709
5000, 2500, 2500, 1, 1336000
5000, 3000, 2000, 1, 1660667
8000, 4000, 4000, 1, 1788583
8000, 2000, 6000, 1, 1005916
10000, 4000, 6000, 1, 1792666
10000, 5000, 5000, 1, 2400625
650, 325, 325, 1, 18583
650, 350, 300, 1, 19833
650, 300, 350, 1, 17250
1000, 500, 500, 1, 28083
1000, 700, 300, 1, 366250
2500, 1250, 1250, 1, 741959
2500, 1000, 1500, 1, 540250
5000, 2500, 2500, 1, 1339084
5000, 3000, 2000, 1, 1664084
8000, 4000, 4000, 1, 1797333
8000, 2000, 6000, 1, 1005041
10000, 4000, 6000, 1, 1794958
10000, 5000, 5000, 1, 2408833
650, 325, 325, 1, 18792
650, 350, 300, 1, 19959
650, 300, 350, 1, 17042
1000, 500, 500, 1, 28083
1000, 700, 300, 1, 367000
2500, 1250, 1250, 1, 738584
2500, 1000, 1500, 1, 544458
5000, 2500, 2500, 1, 1343791
5000, 3000, 2000, 1, 1664875
8000, 4000, 4000, 1, 1796417
8000, 2000, 6000, 1, 1012500
10000, 4000, 6000, 1, 1828000
10000, 5000, 5000, 1, 2412833
650, 325, 325, 1, 18417
650, 350, 300, 1, 19708
650, 300, 350, 1, 17208
1000, 500, 500, 1, 27959
1000, 700, 300, 1, 373292
2500, 1250, 1250, 1, 740166
2500, 1000, 1500, 1, 542833
5000, 2500, 2500, 1, 1350083
5000, 3000, 2000, 1, 1676750
8000, 4000, 4000, 1, 1820250
8000, 2000, 6000, 1, 1015167
10000, 4000, 6000, 1, 1802208
10000, 5000, 5000, 1, 2420959
650, 325, 325, 1, 18542
650, 350, 300, 1, 19792
650, 300, 350, 1, 17000
1000, 500, 500, 1, 28167
1000, 700, 300, 1, 368583
2500, 1250, 1250, 1, 749875
2500, 1000, 1500, 1, 544125
5000, 2500, 2500, 1, 1376750
5000, 3000, 2000, 1, 1678917
8000, 4000, 4000, 1, 1804625
8000, 2000, 6000, 1, 1011500
10000, 4000, 6000, 1, 1804083
10000, 5000, 5000, 1, 2435291
650, 325, 325, 1, 18542
650, 350, 300, 1, 19917
650, 300, 350, 1, 17125
1000, 500, 500, 1, 27958
1000, 700, 300, 1, 372084
2500, 1250, 1250, 1, 746334
2500, 1000, 1500, 1, 544916
5000, 2500, 2500, 1, 1366667
5000, 3000, 2000, 1, 1690166
8000, 4000, 4000, 1, 1817792
8000, 2000, 6000, 1, 1016833
10000, 4000, 6000, 1, 1809917
10000, 5000, 5000, 1, 2436166
650, 325, 325, 1, 18459
650, 350, 300, 1, 19833
650, 300, 350, 1, 17291
1000, 500, 500, 1, 28041
1000, 700, 300, 1, 372667
2500, 1250, 1250, 1, 748542
2500, 1000, 1500, 1, 546375
5000, 2500, 2500, 1, 1356959
5000, 3000, 2000, 1, 1683083
8000, 4000, 4000, 1, 1811917
8000, 2000, 6000, 1, 1019375
10000, 4000, 6000, 1, 1812042
10000, 5000, 5000, 1, 2434000
650, 325, 325, 1, 18458
650, 350, 300, 1, 20083
650, 300, 350, 1, 17209
1000, 500, 500, 1, 28125
1000, 700, 300, 1, 371000
2500, 1250, 1250, 1, 749125
2500, 1000, 1500, 1, 551000
5000, 2500, 2500, 1, 1356083
5000, 3000, 2000, 1, 1683833
8000, 4000, 4000, 1, 1817917
8000, 2000, 6000, 1, 1020917
10000, 4000, 6000, 1, 1817334
10000, 5000, 5000, 1, 2436375
650, 325, 325, 1, 18416
650, 350, 300, 1, 19875
650, 300, 350, 1, 17125
1000, 500, 500, 1, 28000
1000, 700, 300, 1, 376875
2500, 1250, 1250, 1, 751250
2500, 1000, 1500, 1, 548917
5000, 2500, 2500, 1, 1356958
5000, 3000, 2000, 1, 1690667
8000, 4000, 4000, 1, 1822542
8000, 2000, 6000, 1, 1022833
10000, 4000, 6000, 1, 1821333
10000, 5000, 5000, 1, 2461875
650, 325, 325, 1, 18459
650, 350, 300, 1, 19834
650, 300, 350, 1, 17042
1000, 500, 500, 1, 28084
1000, 700, 300, 1, 374125
2500, 1250, 1250, 1, 752667
2500, 1000, 1500, 1, 550125
5000, 2500, 2500, 1, 1362333
5000, 3000, 2000, 1, 1706208
8000, 4000, 4000, 1, 1824750
8000, 2000, 6000, 1, 1022542
10000, 4000, 6000, 1, 1822625
10000, 5000, 5000, 1, 2466084
650, 325, 325, 1, 18500
650, 350, 300, 1, 19917
650, 300, 350, 1, 17167
1000, 500, 500, 1, 28208
1000, 700, 300, 1, 377584
2500, 1250, 1250, 1, 757500
2500, 1000, 1500, 1, 551208
5000, 2500, 2500, 1, 1366292
5000, 3000, 2000, 1, 1721000
8000, 4000, 4000, 1, 1827750
8000, 2000, 6000, 1, 1027041
10000, 4000, 6000, 1, 1826625
10000, 5000, 5000, 1, 2455792
650, 325, 325, 1, 18583
650, 350, 300, 1, 19958
650, 300, 350, 1, 17041
1000, 500, 500, 1, 28250
1000, 700, 300, 1, 378625
2500, 1250, 1250, 1, 753500
2500, 1000, 1500, 1, 555375
5000, 2500, 2500, 1, 1367583
5000, 3000, 2000, 1, 1701500
8000, 4000, 4000, 1, 1833708
8000, 2000, 6000, 1, 1030292
10000, 4000, 6000, 1, 1832750
10000, 5000, 5000, 1, 2460584
650, 325, 325, 1, 18458
650, 350, 300, 1, 19750
650, 300, 350, 1, 17292
1000, 500, 500, 1, 28958
1000, 700, 300, 1, 374750
2500, 1250, 1250, 1, 755208
2500, 1000, 1500, 1, 555291
5000, 2500, 2500, 1, 1368667
5000, 3000, 2000, 1, 1705458
8000, 4000, 4000, 1, 1839417
8000, 2000, 6000, 1, 1032458
10000, 4000, 6000, 1, 1833458
10000, 5000, 5000, 1, 2461208
650, 325, 325, 1, 18416
650, 350, 300, 1, 19875
650, 300, 350, 1, 17000
1000, 500, 500, 1, 27959
1000, 700, 300, 1, 377209
2500, 1250, 1250, 1, 759500
2500, 1000, 1500, 1, 554959
5000, 2500, 2500, 1, 1383584
5000, 3000, 2000, 1, 1712709
8000, 4000, 4000, 1, 1837667
8000, 2000, 6000, 1, 1032458
10000, 4000, 6000, 1, 1849625
10000, 5000, 5000, 1, 2466166
650, 325, 325, 1, 18375
650, 350, 300, 1, 19833
650, 300, 350, 1, 17042
1000, 500, 500, 1, 28000
1000, 700, 300, 1, 378125
2500, 1250, 1250, 1, 761667
2500, 1000, 1500, 1, 558917
5000, 2500, 2500, 1, 1377375
5000, 3000, 2000, 1, 1743916
8000, 4000, 4000, 1, 1841042
8000, 2000, 6000, 1, 1033416
10000, 4000, 6000, 1, 1850625
10000, 5000, 5000, 1, 2477500
650, 325, 325, 1, 18541
650, 350, 300, 1, 19833
650, 300, 350, 1, 17083
1000, 500, 500, 1, 27959
1000, 700, 300, 1, 379875
2500, 1250, 1250, 1, 762916
2500, 1000, 1500, 1, 557333
5000, 2500, 2500, 1, 1381334
5000, 3000, 2000, 1, 1716625
8000, 4000, 4000, 1, 1846667
8000, 2000, 6000, 1, 1035208
10000, 4000, 6000, 1, 1844541
10000, 5000, 5000, 1, 2494750
650, 325, 325, 1, 18625
650, 350, 300, 1, 19917
650, 300, 350, 1, 16958
1000, 500, 500, 1, 28042
1000, 700, 300, 1, 378041
2500, 1250, 1250, 1, 761875
2500, 1000, 1500, 1, 567208
5000, 2500, 2500, 1, 1383292
5000, 3000, 2000, 1, 1720000
8000, 4000, 4000, 1, 1849500
8000, 2000, 6000, 1, 1040542
10000, 4000, 6000, 1, 1848542
10000, 5000, 5000, 1, 2482042
650, 325, 325, 1, 18667
650, 350, 300, 1, 19917
650, 300, 350, 1, 17083
1000, 500, 500, 1, 28042
1000, 700, 300, 1, 383500
2500, 1250, 1250, 1, 763416
2500, 1000, 1500, 1, 560125
5000, 2500, 2500, 1, 1383708
5000, 3000, 2000, 1, 1723875
8000, 4000, 4000, 1, 1854625
8000, 2000, 6000, 1, 1042791
10000, 4000, 6000, 1, 1856667
10000, 5000, 5000, 1, 2487750
650, 325, 325, 1, 18542
650, 350, 300, 1, 19792
650, 300, 350, 1, 17292
1000, 500, 500, 1, 28333
1000, 700, 300, 1, 382625
2500, 1250, 1250, 1, 765000
2500, 1000, 1500, 1, 592958
5000, 2500, 2500, 1, 1389500
5000, 3000, 2000, 1, 1729750
8000, 4000, 4000, 1, 1857083
8000, 2000, 6000, 1, 1044292
10000, 4000, 6000, 1, 1854792
10000, 5000, 5000, 1, 2495875
650, 325, 325, 1, 18417
650, 350, 300, 1, 19791
650, 300, 350, 1, 17083
1000, 500, 500, 1, 27916
1000, 700, 300, 1, 380041
2500, 1250, 1250, 1, 770125
2500, 1000, 1500, 1, 561792
5000, 2500, 2500, 1, 1391875
5000, 3000, 2000, 1, 1731292
8000, 4000, 4000, 1, 1859250
8000, 2000, 6000, 1, 1048375
10000, 4000, 6000, 1, 1860333
10000, 5000, 5000, 1, 2500583
650, 325, 325, 1, 18458
650, 350, 300, 1, 19667
650, 300, 350, 1, 17000
1000, 500, 500, 1, 28041
1000, 700, 300, 1, 381166
2500, 1250, 1250, 1, 774250
2500, 1000, 1500, 1, 563459
5000, 2500, 2500, 1, 1398625
5000, 3000, 2000, 1, 1739042
8000, 4000, 4000, 1, 1863625
8000, 2000, 6000, 1, 1046250
10000, 4000, 6000, 1, 1863708
10000, 5000, 5000, 1, 2505209
650, 325, 325, 1, 18500
650, 350, 300, 1, 19750
650, 300, 350, 1, 17125
1000, 500, 500, 1, 28000
1000, 700, 300, 1, 384792
2500, 1250, 1250, 1, 774875
2500, 1000, 1500, 1, 567250
5000, 2500, 2500, 1, 1397500
5000, 3000, 2000, 1, 1738500
8000, 4000, 4000, 1, 1867875
8000, 2000, 6000, 1, 1048250
10000, 4000, 6000, 1, 1868250
10000, 5000, 5000, 1, 2514709
650, 325, 325, 1, 18709
650, 350, 300, 1, 20083
650, 300, 350, 1, 17084
1000, 500, 500, 1, 27959
1000, 700, 300, 1, 382958
2500, 1250, 1250, 1, 772291
2500, 1000, 1500, 1, 568667
5000, 2500, 2500, 1, 1407542
5000, 3000, 2000, 1, 1746500
8000, 4000, 4000, 1, 1869750
8000, 2000, 6000, 1, 1054709
10000, 4000, 6000, 1, 1871208
10000, 5000, 5000, 1, 2516792
650, 325, 325, 1, 18459
650, 350, 300, 1, 20458
650, 300, 350, 1, 17041
1000, 500, 500, 1, 27917
1000, 700, 300, 1, 383875
2500, 1250, 1250, 1, 774000
2500, 1000, 1500, 1, 570083
5000, 2500, 2500, 1, 1401250
5000, 3000, 2000, 1, 1748458
8000, 4000, 4000, 1, 1876208
8000, 2000, 6000, 1, 1056125
10000, 4000, 6000, 1, 1874667
10000, 5000, 5000, 1, 2524208
650, 325, 325, 1, 18500
650, 350, 300, 1, 19916
650, 300, 350, 1, 17000
1000, 500, 500, 1, 28916
1000, 700, 300, 1, 387708
2500, 1250, 1250, 1, 782875
2500, 1000, 1500, 1, 570708
5000, 2500, 2500, 1, 1414666
5000, 3000, 2000, 1, 1760166
8000, 4000, 4000, 1, 1878416
8000, 2000, 6000, 1, 1076583
10000, 4000, 6000, 1, 1880875
10000, 5000, 5000, 1, 2525500
650, 325, 325, 1, 18458
650, 350, 300, 1, 19834
650, 300, 350, 1, 17000
1000, 500, 500, 1, 28250
1000, 700, 300, 1, 385333
2500, 1250, 1250, 1, 777125
2500, 1000, 1500, 1, 570833
5000, 2500, 2500, 1, 1407292
5000, 3000, 2000, 1, 1753458
8000, 4000, 4000, 1, 1885333
8000, 2000, 6000, 1, 1078584
10000, 4000, 6000, 1, 1891584
10000, 5000, 5000, 1, 2531709
650, 325, 325, 1, 18667
650, 350, 300, 1, 20042
650, 300, 350, 1, 17042
1000, 500, 500, 1, 28125
1000, 700, 300, 1, 389625
2500, 1250, 1250, 1, 778584
2500, 1000, 1500, 1, 570166
5000, 2500, 2500, 1, 1412834
5000, 3000, 2000, 1, 1761042
8000, 4000, 4000, 1, 1888959
8000, 2000, 6000, 1, 1065583
10000, 4000, 6000, 1, 1885166
10000, 5000, 5000, 1, 2534042
650, 325, 325, 1, 18417
650, 350, 300, 1, 20000
650, 300, 350, 1, 17042
1000, 500, 500, 1, 28041
1000, 700, 300, 1, 389583
2500, 1250, 1250, 1, 786583
2500, 1000, 1500, 1, 571542
5000, 2500, 2500, 1, 1416625
5000, 3000, 2000, 1, 1763792
8000, 4000, 4000, 1, 1890500
8000, 2000, 6000, 1, 1070750
10000, 4000, 6000, 1, 1890209
10000, 5000, 5000, 1, 2538583
650, 325, 325, 1, 18459
650, 350, 300, 1, 19875
650, 300, 350, 1, 17041
1000, 500, 500, 1, 28083
1000, 700, 300, 1, 391125
2500, 1250, 1250, 1, 782167
2500, 1000, 1500, 1, 572667
5000, 2500, 2500, 1, 1421500
5000, 3000, 2000, 1, 1764917
8000, 4000, 4000, 1, 1902208
8000, 2000, 6000, 1, 1072417
10000, 4000, 6000, 1, 1899750
10000, 5000, 5000, 1, 2546750
650, 325, 325, 1, 18459
650, 350, 300, 1, 19833
650, 300, 350, 1, 17125
1000, 500, 500, 1, 28000
1000, 700, 300, 1, 390250
2500, 1250, 1250, 1, 786250
2500, 1000, 1500, 1, 573875
5000, 2500, 2500, 1, 1426333
5000, 3000, 2000, 1, 1768625
8000, 4000, 4000, 1, 1900208
8000, 2000, 6000, 1, 1068958
10000, 4000, 6000, 1, 1897042
10000, 5000, 5000, 1, 2549958
650, 325, 325, 1, 18750
650, 350, 300, 1, 19708
650, 300, 350, 1, 17042
1000, 500, 500, 1, 28000
1000, 700, 300, 1, 389583
2500, 1250, 1250, 1, 785041
2500, 1000, 1500, 1, 577833
5000, 2500, 2500, 1, 1429292
5000, 3000, 2000, 1, 1782875
8000, 4000, 4000, 1, 1900833
8000, 2000, 6000, 1, 1070916
10000, 4000, 6000, 1, 1907250
10000, 5000, 5000, 1, 2556750
650, 325, 325, 1, 18500
650, 350, 300, 1, 19750
650, 300, 350, 1, 17125
1000, 500, 500, 1, 28083
1000, 700, 300, 1, 390083
2500, 1250, 1250, 1, 786750
2500, 1000, 1500, 1, 576416
5000, 2500, 2500, 1, 1430417
5000, 3000, 2000, 1, 1775625
8000, 4000, 4000, 1, 1907334
8000, 2000, 6000, 1, 1072291
10000, 4000, 6000, 1, 1903250
10000, 5000, 5000, 1, 2559875
650, 325, 325, 1, 18375
650, 350, 300, 1, 19792
650, 300, 350, 1, 17208
1000, 500, 500, 1, 27917
1000, 700, 300, 1, 390792
2500, 1250, 1250, 1, 791917
2500, 1000, 1500, 1, 582375
5000, 2500, 2500, 1, 1431375
5000, 3000, 2000, 1, 1780083
8000, 4000, 4000, 1, 1908209
8000, 2000, 6000, 1, 1078500
10000, 4000, 6000, 1, 1910708
10000, 5000, 5000, 1, 2586625
650, 325, 325, 1, 18416
650, 350, 300, 1, 19833
650, 300, 350, 1, 17166
1000, 500, 500, 1, 28083
1000, 700, 300, 1, 395208
2500, 1250, 1250, 1, 790750
2500, 1000, 1500, 1, 578917
5000, 2500, 2500, 1, 1457583
5000, 3000, 2000, 1, 1789667
8000, 4000, 4000, 1, 1920625
8000, 2000, 6000, 1, 1077375
10000, 4000, 6000, 1, 1913000
10000, 5000, 5000, 1, 2575125
650, 325, 325, 1, 18417
650, 350, 300, 1, 19792
650, 300, 350, 1, 17125
1000, 500, 500, 1, 28041
1000, 700, 300, 1, 396375
2500, 1250, 1250, 1, 791875
2500, 1000, 1500, 1, 579833
5000, 2500, 2500, 1, 1455083
5000, 3000, 2000, 1, 1787125
8000, 4000, 4000, 1, 1918083
8000, 2000, 6000, 1, 1079458
10000, 4000, 6000, 1, 1918417
10000, 5000, 5000, 1, 2593042
650, 325, 325, 1, 18459
650, 350, 300, 1, 19959
650, 300, 350, 1, 17125
1000, 500, 500, 1, 28000
1000, 700, 300, 1, 395041
2500, 1250, 1250, 1, 796208
2500, 1000, 1500, 1, 582208
5000, 2500, 2500, 1, 1453708
5000, 3000, 2000, 1, 1791958
8000, 4000, 4000, 1, 1919458
8000, 2000, 6000, 1, 1081125
10000, 4000, 6000, 1, 1920000
10000, 5000, 5000, 1, 2596125
650, 325, 325, 1, 18416
650, 350, 300, 1, 19875
650, 300, 350, 1, 17041
1000, 500, 500, 1, 30083
1000, 700, 300, 1, 396667
2500, 1250, 1250, 1, 795000
2500, 1000, 1500, 1, 584917
5000, 2500, 2500, 1, 1442292
5000, 3000, 2000, 1, 1797375
8000, 4000, 4000, 1, 1922500
8000, 2000, 6000, 1, 1090042
10000, 4000, 6000, 1, 1923500
10000, 5000, 5000, 1, 2587417
650, 325, 325, 1, 18583
650, 350, 300, 1, 19792
650, 300, 350, 1, 17583
1000, 500, 500, 1, 27958
1000, 700, 300, 1, 394667
2500, 1250, 1250, 1, 797250
2500, 1000, 1500, 1, 586541
5000, 2500, 2500, 1, 1442500
5000, 3000, 2000, 1, 1802250
8000, 4000, 4000, 1, 1928917
8000, 2000, 6000, 1, 1085916
10000, 4000, 6000, 1, 1929375
10000, 5000, 5000, 1, 2589500
650, 325, 325, 1, 18583
650, 350, 300, 1, 19875
650, 300, 350, 1, 17084
1000, 500, 500, 1, 28208
1000, 700, 300, 1, 397583
2500, 1250, 1250, 1, 801584
2500, 1000, 1500, 1, 587208
5000, 2500, 2500, 1, 1448583
5000, 3000, 2000, 1, 1801500
8000, 4000, 4000, 1, 1930750
8000, 2000, 6000, 1, 1085958
10000, 4000, 6000, 1, 1931625
10000, 5000, 5000, 1, 2598000
650, 325, 325, 1, 18500
650, 350, 300, 1, 19833
650, 300, 350, 1, 17000
1000, 500, 500, 1, 28042
1000, 700, 300, 1, 396291
2500, 1250, 1250, 1, 802750
2500, 1000, 1500, 1, 586000
5000, 2500, 2500, 1, 1467750
5000, 3000, 2000, 1, 1811625
8000, 4000, 4000, 1, 1935375
8000, 2000, 6000, 1, 1090792
10000, 4000, 6000, 1, 1934250
10000, 5000, 5000, 1, 2605083
650, 325, 325, 1, 19833
650, 350, 300, 1, 19750
650, 300, 350, 1, 17125
1000, 500, 500, 1, 28042
1000, 700, 300, 1, 397208
2500, 1250, 1250, 1, 825250
2500, 1000, 1500, 1, 591250
5000, 2500, 2500, 1, 1457000
5000, 3000, 2000, 1, 1809084
8000, 4000, 4000, 1, 1940583
8000, 2000, 6000, 1, 1091958
10000, 4000, 6000, 1, 1968333
10000, 5000, 5000, 1, 2622709
650, 325, 325, 1, 18416
650, 350, 300, 1, 19958
650, 300, 350, 1, 17208
1000, 500, 500, 1, 28083
1000, 700, 300, 1, 398000
2500, 1250, 1250, 1, 808000
2500, 1000, 1500, 1, 588333
5000, 2500, 2500, 1, 1459458
5000, 3000, 2000, 1, 1822416
8000, 4000, 4000, 1, 1948792
8000, 2000, 6000, 1, 1100458
10000, 4000, 6000, 1, 1944542
10000, 5000, 5000, 1, 2615959
650, 325, 325, 1, 18667
650, 350, 300, 1, 19791
650, 300, 350, 1, 17125
1000, 500, 500, 1, 27959
1000, 700, 300, 1, 406917
2500, 1250, 1250, 1, 811167
2500, 1000, 1500, 1, 615167
5000, 2500, 2500, 1, 1464459
5000, 3000, 2000, 1, 1821708
8000, 4000, 4000, 1, 1950709
8000, 2000, 6000, 1, 1099709
10000, 4000, 6000, 1, 1951583
10000, 5000, 5000, 1, 2621792
650, 325, 325, 1, 18583
650, 350, 300, 1, 19875
650, 300, 350, 1, 17000
1000, 500, 500, 1, 28917
1000, 700, 300, 1, 399833
2500, 1250, 1250, 1, 807417
2500, 1000, 1500, 1, 596041
5000, 2500, 2500, 1, 1465917
5000, 3000, 2000, 1, 1823459
8000, 4000, 4000, 1, 1953375
8000, 2000, 6000, 1, 1103750
10000, 4000, 6000, 1, 1952042
10000, 5000, 5000, 1, 2635083
650, 325, 325, 1, 19084
650, 350, 300, 1, 19750
650, 300, 350, 1, 17083
1000, 500, 500, 1, 28042
1000, 700, 300, 1, 409792
2500, 1250, 1250, 1, 809250
2500, 1000, 1500, 1, 597541
5000, 2500, 2500, 1, 1468042
5000, 3000, 2000, 1, 1825125
8000, 4000, 4000, 1, 1955250
8000, 2000, 6000, 1, 1101459
10000, 4000, 6000, 1, 1958333
10000, 5000, 5000, 1, 2633708
650, 325, 325, 1, 18417
650, 350, 300, 1, 19916
650, 300, 350, 1, 17125
1000, 500, 500, 1, 28042
1000, 700, 300, 1, 401292
2500, 1250, 1250, 1, 817666
2500, 1000, 1500, 1, 593458
5000, 2500, 2500, 1, 1472041
5000, 3000, 2000, 1, 1829458
8000, 4000, 4000, 1, 1959084
8000, 2000, 6000, 1, 1100792
10000, 4000, 6000, 1, 1963917
10000, 5000, 5000, 1, 2638750
650, 325, 325, 1, 18542
650, 350, 300, 1, 19791
650, 300, 350, 1, 17125
1000, 500, 500, 1, 27959
1000, 700, 300, 1, 402042
2500, 1250, 1250, 1, 817916
2500, 1000, 1500, 1, 597209
5000, 2500, 2500, 1, 1474375
5000, 3000, 2000, 1, 1833625
8000, 4000, 4000, 1, 1963209
8000, 2000, 6000, 1, 1108500
10000, 4000, 6000, 1, 1989083
10000, 5000, 5000, 1, 2641958
650, 325, 325, 1, 18500
650, 350, 300, 1, 19792
650, 300, 350, 1, 17208
1000, 500, 500, 1, 28083
1000, 700, 300, 1, 408375
2500, 1250, 1250, 1, 813875
2500, 1000, 1500, 1, 595666
5000, 2500, 2500, 1, 1477083
5000, 3000, 2000, 1, 1839875
8000, 4000, 4000, 1, 1969417
8000, 2000, 6000, 1, 1113416
10000, 4000, 6000, 1, 1967375
10000, 5000, 5000, 1, 2645292
650, 325, 325, 1, 18583
650, 350, 300, 1, 19833
650, 300, 350, 1, 16959
1000, 500, 500, 1, 29917
1000, 700, 300, 1, 403792
2500, 1250, 1250, 1, 818375
2500, 1000, 1500, 1, 602166
5000, 2500, 2500, 1, 1499000
5000, 3000, 2000, 1, 1841583
8000, 4000, 4000, 1, 2007000
8000, 2000, 6000, 1, 1107167
10000, 4000, 6000, 1, 1973209
10000, 5000, 5000, 1, 2658583
650, 325, 325, 1, 18416
650, 350, 300, 1, 20000
650, 300, 350, 1, 17084
1000, 500, 500, 1, 28084
1000, 700, 300, 1, 404583
2500, 1250, 1250, 1, 820000
2500, 1000, 1500, 1, 600584
5000, 2500, 2500, 1, 1485750
5000, 3000, 2000, 1, 1844625
8000, 4000, 4000, 1, 1974500
8000, 2000, 6000, 1, 1113625
10000, 4000, 6000, 1, 1983459
10000, 5000, 5000, 1, 2659917
650, 325, 325, 1, 18500
650, 350, 300, 1, 19791
650, 300, 350, 1, 17041
1000, 500, 500, 1, 27875
1000, 700, 300, 1, 405291
2500, 1250, 1250, 1, 824041
2500, 1000, 1500, 1, 599333
5000, 2500, 2500, 1, 1489208
5000, 3000, 2000, 1, 1849709
8000, 4000, 4000, 1, 1977459
8000, 2000, 6000, 1, 1116667
10000, 4000, 6000, 1, 1977625
10000, 5000, 5000, 1, 2667208
650, 325, 325, 1, 18625
650, 350, 300, 1, 19833
650, 300, 350, 1, 17000
1000, 500, 500, 1, 28000
1000, 700, 300, 1, 411375
2500, 1250, 1250, 1, 820542
2500, 1000, 1500, 1, 600417
5000, 2500, 2500, 1, 1489584
5000, 3000, 2000, 1, 1853209
8000, 4000, 4000, 1, 1981417
8000, 2000, 6000, 1, 1119125
10000, 4000, 6000, 1, 1987625
10000, 5000, 5000, 1, 2671000
650, 325, 325, 1, 18541
650, 350, 300, 1, 19750
650, 300, 350, 1, 17750
1000, 500, 500, 1, 28084
1000, 700, 300, 1, 407042
2500, 1250, 1250, 1, 827500
2500, 1000, 1500, 1, 607292
5000, 2500, 2500, 1, 1488000
5000, 3000, 2000, 1, 1857292
8000, 4000, 4000, 1, 1985084
8000, 2000, 6000, 1, 1118667
10000, 4000, 6000, 1, 1985958
10000, 5000, 5000, 1, 2674958
650, 325, 325, 1, 18416
650, 350, 300, 1, 19792
650, 300, 350, 1, 17083
1000, 500, 500, 1, 28042
1000, 700, 300, 1, 407750
2500, 1250, 1250, 1, 833375
2500, 1000, 1500, 1, 602625
5000, 2500, 2500, 1, 1509250
5000, 3000, 2000, 1, 1860750
8000, 4000, 4000, 1, 2000209
8000, 2000, 6000, 1, 1118375
10000, 4000, 6000, 1, 1986417
10000, 5000, 5000, 1, 2671917
650, 325, 325, 1, 18542
650, 350, 300, 1, 19792
650, 300, 350, 1, 17000
1000, 500, 500, 1, 28000
1000, 700, 300, 1, 409625
2500, 1250, 1250, 1, 825209
2500, 1000, 1500, 1, 604125
5000, 2500, 2500, 1, 1497167
5000, 3000, 2000, 1, 1863542
8000, 4000, 4000, 1, 1992458
8000, 2000, 6000, 1, 1123292
10000, 4000, 6000, 1, 1990000
10000, 5000, 5000, 1, 2681333
650, 325, 325, 1, 18459
650, 350, 300, 1, 19833
650, 300, 350, 1, 17083
1000, 500, 500, 1, 28209
1000, 700, 300, 1, 409458
2500, 1250, 1250, 1, 829708
2500, 1000, 1500, 1, 608042
5000, 2500, 2500, 1, 1498041
5000, 3000, 2000, 1, 1872833
8000, 4000, 4000, 1, 2033750
8000, 2000, 6000, 1, 1122292
10000, 4000, 6000, 1, 1997459
10000, 5000, 5000, 1, 2709500
650, 325, 325, 1, 18458
650, 350, 300, 1, 19916
650, 300, 350, 1, 17083
1000, 500, 500, 1, 28125
1000, 700, 300, 1, 410125
2500, 1250, 1250, 1, 831292
2500, 1000, 1500, 1, 606083
5000, 2500, 2500, 1, 1536458
5000, 3000, 2000, 1, 1881792
8000, 4000, 4000, 1, 2000458
8000, 2000, 6000, 1, 1125333
10000, 4000, 6000, 1, 2000833
10000, 5000, 5000, 1, 2691250
650, 325, 325, 1, 18500
650, 350, 300, 1, 19833
650, 300, 350, 1, 16958
1000, 500, 500, 1, 27958
1000, 700, 300, 1, 410709
2500, 1250, 1250, 1, 832500
2500, 1000, 1500, 1, 607416
5000, 2500, 2500, 1, 1504042
5000, 3000, 2000, 1, 1875000
8000, 4000, 4000, 1, 2000958
8000, 2000, 6000, 1, 1131375
10000, 4000, 6000, 1, 2003875
10000, 5000, 5000, 1, 2697000
650, 325, 325, 1, 18459
650, 350, 300, 1, 19833
650, 300, 350, 1, 17666
1000, 500, 500, 1, 28208
1000, 700, 300, 1, 411750
2500, 1250, 1250, 1, 834666
2500, 1000, 1500, 1, 611875
5000, 2500, 2500, 1, 1506959
5000, 3000, 2000, 1, 1873000
8000, 4000, 4000, 1, 2011917
8000, 2000, 6000, 1, 1131750
10000, 4000, 6000, 1, 2005416
10000, 5000, 5000, 1, 2703084
650, 325, 325, 1, 18541
650, 350, 300, 1, 19917
650, 300, 350, 1, 17125
1000, 500, 500, 1, 28250
1000, 700, 300, 1, 412667
2500, 1250, 1250, 1, 836834
2500, 1000, 1500, 1, 613000
5000, 2500, 2500, 1, 1513625
5000, 3000, 2000, 1, 1879625
8000, 4000, 4000, 1, 2008791
8000, 2000, 6000, 1, 1139042
10000, 4000, 6000, 1, 2008833
10000, 5000, 5000, 1, 2702750
650, 325, 325, 1, 18458
650, 350, 300, 1, 19917
650, 300, 350, 1, 17250
1000, 500, 500, 1, 28000
1000, 700, 300, 1, 416708
2500, 1250, 1250, 1, 834959
2500, 1000, 1500, 1, 610875
5000, 2500, 2500, 1, 1513833
5000, 3000, 2000, 1, 1887333
8000, 4000, 4000, 1, 2017084
8000, 2000, 6000, 1, 1139166
10000, 4000, 6000, 1, 2012042
10000, 5000, 5000, 1, 2710958
650, 325, 325, 1, 18958
650, 350, 300, 1, 20000
650, 300, 350, 1, 17125
1000, 500, 500, 1, 28125
1000, 700, 300, 1, 414458
2500, 1250, 1250, 1, 837250
2500, 1000, 1500, 1, 615167
5000, 2500, 2500, 1, 1517667
5000, 3000, 2000, 1, 1887125
8000, 4000, 4000, 1, 2016708
8000, 2000, 6000, 1, 1135500
10000, 4000, 6000, 1, 2022417
10000, 5000, 5000, 1, 2718792
650, 325, 325, 1, 18458
650, 350, 300, 1, 19792
650, 300, 350, 1, 17083
1000, 500, 500, 1, 28125
1000, 700, 300, 1, 414875
2500, 1250, 1250, 1, 842333
2500, 1000, 1500, 1, 613375
5000, 2500, 2500, 1, 1519375
5000, 3000, 2000, 1, 1894000
8000, 4000, 4000, 1, 2022708
8000, 2000, 6000, 1, 1140333
10000, 4000, 6000, 1, 2049917
10000, 5000, 5000, 1, 2721208
650, 325, 325, 1, 18417
650, 350, 300, 1, 19792
650, 300, 350, 1, 17083
1000, 500, 500, 1, 28000
1000, 700, 300, 1, 415750
2500, 1250, 1250, 1, 843291
2500, 1000, 1500, 1, 617750
5000, 2500, 2500, 1, 1521833
5000, 3000, 2000, 1, 1894833
8000, 4000, 4000, 1, 2028541
8000, 2000, 6000, 1, 1140041
10000, 4000, 6000, 1, 2040042
10000, 5000, 5000, 1, 2727500
650, 325, 325, 1, 18709
650, 350, 300, 1, 19875
650, 300, 350, 1, 17000
1000, 500, 500, 1, 28167
1000, 700, 300, 1, 416375
2500, 1250, 1250, 1, 846167
2500, 1000, 1500, 1, 616084
5000, 2500, 2500, 1, 1525625
5000, 3000, 2000, 1, 1898583
8000, 4000, 4000, 1, 2027500
8000, 2000, 6000, 1, 1153250
10000, 4000, 6000, 1, 2031083
10000, 5000, 5000, 1, 2729708
650, 325, 325, 1, 18417
650, 350, 300, 1, 19833
650, 300, 350, 1, 17125
1000, 500, 500, 1, 28000
1000, 700, 300, 1, 420459
2500, 1250, 1250, 1, 844084
2500, 1000, 1500, 1, 617500
5000, 2500, 2500, 1, 1529792
5000, 3000, 2000, 1, 1902584
8000, 4000, 4000, 1, 2035542
8000, 2000, 6000, 1, 1147500
10000, 4000, 6000, 1, 2064542
10000, 5000, 5000, 1, 2825209
650, 325, 325, 1, 19000
650, 350, 300, 1, 20458
650, 300, 350, 1, 17667
1000, 500, 500, 1, 29084
1000, 700, 300, 1, 431708
2500, 1250, 1250, 1, 876083
2500, 1000, 1500, 1, 639667
5000, 2500, 2500, 1, 1589917
5000, 3000, 2000, 1, 1974042
8000, 4000, 4000, 1, 2105209
8000, 2000, 6000, 1, 1188625
10000, 4000, 6000, 1, 2108459
10000, 5000, 5000, 1, 2843542
650, 325, 325, 1, 19125
650, 350, 300, 1, 20541
650, 300, 350, 1, 18291
1000, 500, 500, 1, 30000
1000, 700, 300, 1, 441500
2500, 1250, 1250, 1, 878958
2500, 1000, 1500, 1, 641583
5000, 2500, 2500, 1, 1586375
5000, 3000, 2000, 1, 1967792
8000, 4000, 4000, 1, 2115584
8000, 2000, 6000, 1, 1176625
10000, 4000, 6000, 1, 2094500
10000, 5000, 5000, 1, 2784500
650, 325, 325, 1, 19083
650, 350, 300, 1, 20708
650, 300, 350, 1, 17209
1000, 500, 500, 1, 29083
1000, 700, 300, 1, 430500
2500, 1250, 1250, 1, 878000
2500, 1000, 1500, 1, 641166
5000, 2500, 2500, 1, 1586875
5000, 3000, 2000, 1, 1943042
8000, 4000, 4000, 1, 2104375
8000, 2000, 6000, 1, 1191084
10000, 4000, 6000, 1, 2115875
10000, 5000, 5000, 1, 3028541
650, 325, 325, 1, 21583
650, 350, 300, 1, 24166
650, 300, 350, 1, 19958
1000, 500, 500, 1, 31375
1000, 700, 300, 1, 515667
2500, 1250, 1250, 1, 977375
2500, 1000, 1500, 1, 715875
5000, 2500, 2500, 1, 1745458
5000, 3000, 2000, 1, 2160834
8000, 4000, 4000, 1, 2358417
8000, 2000, 6000, 1, 1321584
10000, 4000, 6000, 1, 2048750
10000, 5000, 5000, 1, 2787417
650, 325, 325, 1, 18500
650, 350, 300, 1, 22458
650, 300, 350, 1, 17042
1000, 500, 500, 1, 28042
1000, 700, 300, 1, 421042
2500, 1250, 1250, 1, 854958
2500, 1000, 1500, 1, 622917
5000, 2500, 2500, 1, 1544500
5000, 3000, 2000, 1, 2009500
8000, 4000, 4000, 1, 2086500
8000, 2000, 6000, 1, 1173625
10000, 4000, 6000, 1, 2062625
10000, 5000, 5000, 1, 2767542
650, 325, 325, 1, 18417
650, 350, 300, 1, 19916
650, 300, 350, 1, 17083
1000, 500, 500, 1, 27959
1000, 700, 300, 1, 431459
2500, 1250, 1250, 1, 856041
2500, 1000, 1500, 1, 626875
5000, 2500, 2500, 1, 1545291
5000, 3000, 2000, 1, 1934541
8000, 4000, 4000, 1, 2059084
8000, 2000, 6000, 1, 1164375
10000, 4000, 6000, 1, 2053375
10000, 5000, 5000, 1, 2769792
650, 325, 325, 1, 18416
650, 350, 300, 1, 19833
650, 300, 350, 1, 17166
1000, 500, 500, 1, 27833
1000, 700, 300, 1, 425625
2500, 1250, 1250, 1, 858125
2500, 1000, 1500, 1, 625458
5000, 2500, 2500, 1, 1551208
5000, 3000, 2000, 1, 1931333
8000, 4000, 4000, 1, 2060083
8000, 2000, 6000, 1, 1162167
10000, 4000, 6000, 1, 2059834
10000, 5000, 5000, 1, 2775125
650, 325, 325, 1, 18667
650, 350, 300, 1, 19875
650, 300, 350, 1, 17084
1000, 500, 500, 1, 28209
1000, 700, 300, 1, 426292
2500, 1250, 1250, 1, 859625
2500, 1000, 1500, 1, 629250
5000, 2500, 2500, 1, 1551875
5000, 3000, 2000, 1, 1973792
8000, 4000, 4000, 1, 2060667
8000, 2000, 6000, 1, 1166875
10000, 4000, 6000, 1, 2060708
10000, 5000, 5000, 1, 2794292
650, 325, 325, 1, 19083
650, 350, 300, 1, 19833
650, 300, 350, 1, 17166
1000, 500, 500, 1, 28042
1000, 700, 300, 1, 425417
2500, 1250, 1250, 1, 861833
2500, 1000, 1500, 1, 630667
5000, 2500, 2500, 1, 1554708
5000, 3000, 2000, 1, 1954291
8000, 4000, 4000, 1, 2064958
8000, 2000, 6000, 1, 1168125
10000, 4000, 6000, 1, 2067250
10000, 5000, 5000, 1, 2782583
650, 325, 325, 1, 18417
650, 350, 300, 1, 19875
650, 300, 350, 1, 17000
1000, 500, 500, 1, 28041
1000, 700, 300, 1, 427917
2500, 1250, 1250, 1, 886667
2500, 1000, 1500, 1, 635250
5000, 2500, 2500, 1, 1566834
5000, 3000, 2000, 1, 1939500
8000, 4000, 4000, 1, 2074167
8000, 2000, 6000, 1, 1169000
10000, 4000, 6000, 1, 2069875
10000, 5000, 5000, 1, 2788458
650, 325, 325, 1, 18500
650, 350, 300, 1, 20375
650, 300, 350, 1, 17125
1000, 500, 500, 1, 28000
1000, 700, 300, 1, 426208
2500, 1250, 1250, 1, 862041
2500, 1000, 1500, 1, 655625
5000, 2500, 2500, 1, 1561000
5000, 3000, 2000, 1, 2044167
8000, 4000, 4000, 1, 2124417
8000, 2000, 6000, 1, 1189667
10000, 4000, 6000, 1, 2120208
10000, 5000, 5000, 1, 2824333
650, 325, 325, 1, 18500
650, 350, 300, 1, 19750
650, 300, 350, 1, 16958
1000, 500, 500, 1, 28042
1000, 700, 300, 1, 429542
2500, 1250, 1250, 1, 863584
2500, 1000, 1500, 1, 631250
5000, 2500, 2500, 1, 1565042
5000, 3000, 2000, 1, 1945292
8000, 4000, 4000, 1, 2085875
8000, 2000, 6000, 1, 1170917
10000, 4000, 6000, 1, 2078125
10000, 5000, 5000, 1, 2800667
650, 325, 325, 1, 18458
650, 350, 300, 1, 19875
650, 300, 350, 1, 17250
1000, 500, 500, 1, 28042
1000, 700, 300, 1, 430416
2500, 1250, 1250, 1, 868208
2500, 1000, 1500, 1, 635084
5000, 2500, 2500, 1, 1566500
5000, 3000, 2000, 1, 1949500
8000, 4000, 4000, 1, 2079125
8000, 2000, 6000, 1, 1175000
10000, 4000, 6000, 1, 2080709
10000, 5000, 5000, 1, 2809708
650, 325, 325, 1, 18458
650, 350, 300, 1, 19875
650, 300, 350, 1, 17167
1000, 500, 500, 1, 29000
1000, 700, 300, 1, 428542
2500, 1250, 1250, 1, 867167
2500, 1000, 1500, 1, 636958
5000, 2500, 2500, 1, 1567667
5000, 3000, 2000, 1, 1952708
8000, 4000, 4000, 1, 2087666
8000, 2000, 6000, 1, 1174416
10000, 4000, 6000, 1, 2083417
10000, 5000, 5000, 1, 2809041
650, 325, 325, 1, 18417
650, 350, 300, 1, 19792
650, 300, 350, 1, 17167
1000, 500, 500, 1, 27958
1000, 700, 300, 1, 429417
2500, 1250, 1250, 1, 871584
2500, 1000, 1500, 1, 634792
5000, 2500, 2500, 1, 1592917
5000, 3000, 2000, 1, 1957250
8000, 4000, 4000, 1, 2089041
8000, 2000, 6000, 1, 1182917
10000, 4000, 6000, 1, 2088041
10000, 5000, 5000, 1, 2834666
650, 325, 325, 1, 18750
650, 350, 300, 1, 19875
650, 300, 350, 1, 17125
1000, 500, 500, 1, 27916
1000, 700, 300, 1, 430333
2500, 1250, 1250, 1, 873584
2500, 1000, 1500, 1, 636250
5000, 2500, 2500, 1, 1577792
5000, 3000, 2000, 1, 1963792
8000, 4000, 4000, 1, 2091042
8000, 2000, 6000, 1, 1183708
10000, 4000, 6000, 1, 2089917
10000, 5000, 5000, 1, 2821334
650, 325, 325, 1, 18333
650, 350, 300, 1, 19834
650, 300, 350, 1, 17250
1000, 500, 500, 1, 28084
1000, 700, 300, 1, 433875
2500, 1250, 1250, 1, 872000
2500, 1000, 1500, 1, 640375
5000, 2500, 2500, 1, 1580167
5000, 3000, 2000, 1, 1966833
8000, 4000, 4000, 1, 2094375
8000, 2000, 6000, 1, 1181125
10000, 4000, 6000, 1, 2094875
10000, 5000, 5000, 1, 2829917
650, 325, 325, 1, 18458
650, 350, 300, 1, 19833
650, 300, 350, 1, 17000
1000, 500, 500, 1, 28042
1000, 700, 300, 1, 431708
2500, 1250, 1250, 1, 878041
2500, 1000, 1500, 1, 638000
5000, 2500, 2500, 1, 1586375
5000, 3000, 2000, 1, 1995750
8000, 4000, 4000, 1, 2103166
8000, 2000, 6000, 1, 1186166
10000, 4000, 6000, 1, 2098500
10000, 5000, 5000, 1, 2828500
650, 325, 325, 1, 18666
650, 350, 300, 1, 19792
650, 300, 350, 1, 16958
1000, 500, 500, 1, 28042
1000, 700, 300, 1, 434250
2500, 1250, 1250, 1, 878334
2500, 1000, 1500, 1, 639750
5000, 2500, 2500, 1, 1584500
5000, 3000, 2000, 1, 1972167
8000, 4000, 4000, 1, 2107875
8000, 2000, 6000, 1, 1194625
10000, 4000, 6000, 1, 2107375
10000, 5000, 5000, 1, 2833625
650, 325, 325, 1, 18584
650, 350, 300, 1, 19833
650, 300, 350, 1, 17000
1000, 500, 500, 1, 28000
1000, 700, 300, 1, 435625
2500, 1250, 1250, 1, 879958
2500, 1000, 1500, 1, 643417
5000, 2500, 2500, 1, 1586542
5000, 3000, 2000, 1, 1979833
8000, 4000, 4000, 1, 2106375
8000, 2000, 6000, 1, 1187792
10000, 4000, 6000, 1, 2105625
10000, 5000, 5000, 1, 2839541
650, 325, 325, 1, 18459
650, 350, 300, 1, 19875
650, 300, 350, 1, 17041
1000, 500, 500, 1, 28000
1000, 700, 300, 1, 434125
2500, 1250, 1250, 1, 885084
2500, 1000, 1500, 1, 642250
5000, 2500, 2500, 1, 1592875
5000, 3000, 2000, 1, 1980291
8000, 4000, 4000, 1, 2109500
8000, 2000, 6000, 1, 1196042
10000, 4000, 6000, 1, 2114042
10000, 5000, 5000, 1, 2844167
650, 325, 325, 1, 18500
650, 350, 300, 1, 19709
650, 300, 350, 1, 16917
1000, 500, 500, 1, 28292
1000, 700, 300, 1, 434916
2500, 1250, 1250, 1, 886542
2500, 1000, 1500, 1, 643541
5000, 2500, 2500, 1, 1592958
5000, 3000, 2000, 1, 1988875
8000, 4000, 4000, 1, 2113000
8000, 2000, 6000, 1, 1195000
10000, 4000, 6000, 1, 2113250
10000, 5000, 5000, 1, 2852334
650, 325, 325, 1, 18458
650, 350, 300, 1, 19833
650, 300, 350, 1, 17917
1000, 500, 500, 1, 28041
1000, 700, 300, 1, 435625
2500, 1250, 1250, 1, 882625
2500, 1000, 1500, 1, 650625
5000, 2500, 2500, 1, 1596125
5000, 3000, 2000, 1, 1987125
8000, 4000, 4000, 1, 2127667
8000, 2000, 6000, 1, 1195875
10000, 4000, 6000, 1, 2119584
10000, 5000, 5000, 1, 2852125
650, 325, 325, 1, 18625
650, 350, 300, 1, 19916
650, 300, 350, 1, 17209
1000, 500, 500, 1, 28166
1000, 700, 300, 1, 439167
2500, 1250, 1250, 1, 886625
2500, 1000, 1500, 1, 645583
5000, 2500, 2500, 1, 1596917
5000, 3000, 2000, 1, 1994375
8000, 4000, 4000, 1, 2122875
8000, 2000, 6000, 1, 1196500
10000, 4000, 6000, 1, 2124041
10000, 5000, 5000, 1, 2862917
650, 325, 325, 1, 18417
650, 350, 300, 1, 19875
650, 300, 350, 1, 17042
1000, 500, 500, 1, 28042
1000, 700, 300, 1, 437166
2500, 1250, 1250, 1, 888208
2500, 1000, 1500, 1, 649792
5000, 2500, 2500, 1, 1601791
5000, 3000, 2000, 1, 2046375
8000, 4000, 4000, 1, 2125208
8000, 2000, 6000, 1, 1206208
10000, 4000, 6000, 1, 2134833
10000, 5000, 5000, 1, 2872875
650, 325, 325, 1, 18667
650, 350, 300, 1, 19792
650, 300, 350, 1, 17000
1000, 500, 500, 1, 28083
1000, 700, 300, 1, 440792
2500, 1250, 1250, 1, 897333
2500, 1000, 1500, 1, 647917
5000, 2500, 2500, 1, 1607958
5000, 3000, 2000, 1, 1998166
8000, 4000, 4000, 1, 2129917
8000, 2000, 6000, 1, 1207834
10000, 4000, 6000, 1, 2130458
10000, 5000, 5000, 1, 2867625
650, 325, 325, 1, 19083
650, 350, 300, 1, 19792
650, 300, 350, 1, 17084
1000, 500, 500, 1, 28125
1000, 700, 300, 1, 438959
2500, 1250, 1250, 1, 891500
2500, 1000, 1500, 1, 649708
5000, 2500, 2500, 1, 1615458
5000, 3000, 2000, 1, 2001750
8000, 4000, 4000, 1, 2131709
8000, 2000, 6000, 1, 1205833
10000, 4000, 6000, 1, 2132083
10000, 5000, 5000, 1, 2873083
650, 325, 325, 1, 18417
650, 350, 300, 1, 19875
650, 300, 350, 1, 17000
1000, 500, 500, 1, 27959
1000, 700, 300, 1, 440333
2500, 1250, 1250, 1, 890625
2500, 1000, 1500, 1, 653375
5000, 2500, 2500, 1, 1608542
5000, 3000, 2000, 1, 2022959
8000, 4000, 4000, 1, 2146583
8000, 2000, 6000, 1, 1204959
10000, 4000, 6000, 1, 2139541
10000, 5000, 5000, 1, 2880167
650, 325, 325, 1, 18458
650, 350, 300, 1, 19834
650, 300, 350, 1, 17042
1000, 500, 500, 1, 28084
1000, 700, 300, 1, 443625
2500, 1250, 1250, 1, 892042
2500, 1000, 1500, 1, 651584
5000, 2500, 2500, 1, 1622500
5000, 3000, 2000, 1, 2012875
8000, 4000, 4000, 1, 2140875
8000, 2000, 6000, 1, 1209916
10000, 4000, 6000, 1, 2148875
10000, 5000, 5000, 1, 2891583
650, 325, 325, 1, 18667
650, 350, 300, 1, 19917
650, 300, 350, 1, 17041
1000, 500, 500, 1, 28042
1000, 700, 300, 1, 444250
2500, 1250, 1250, 1, 900041
2500, 1000, 1500, 1, 652834
5000, 2500, 2500, 1, 1616917
5000, 3000, 2000, 1, 2016709
8000, 4000, 4000, 1, 2149208
8000, 2000, 6000, 1, 1212667
10000, 4000, 6000, 1, 2142791
10000, 5000, 5000, 1, 2892916
650, 325, 325, 1, 18416
650, 350, 300, 1, 19750
650, 300, 350, 1, 17000
1000, 500, 500, 1, 28083
1000, 700, 300, 1, 442000
2500, 1250, 1250, 1, 901375
2500, 1000, 1500, 1, 658209
5000, 2500, 2500, 1, 1619292
5000, 3000, 2000, 1, 2016833
8000, 4000, 4000, 1, 2146166
8000, 2000, 6000, 1, 1218833
10000, 4000, 6000, 1, 2149583
10000, 5000, 5000, 1, 2894166
650, 325, 325, 1, 18375
650, 350, 300, 1, 19750
650, 300, 350, 1, 17041
1000, 500, 500, 1, 28166
1000, 700, 300, 1, 442791
2500, 1250, 1250, 1, 911833
2500, 1000, 1500, 1, 655625
5000, 2500, 2500, 1, 1625500
5000, 3000, 2000, 1, 2023375
8000, 4000, 4000, 1, 2155708
8000, 2000, 6000, 1, 1219125
10000, 4000, 6000, 1, 2159875
10000, 5000, 5000, 1, 2900000
650, 325, 325, 1, 18583
650, 350, 300, 1, 19708
650, 300, 350, 1, 17667
1000, 500, 500, 1, 28084
1000, 700, 300, 1, 443500
2500, 1250, 1250, 1, 899125
2500, 1000, 1500, 1, 662250
5000, 2500, 2500, 1, 1630375
5000, 3000, 2000, 1, 2029833
8000, 4000, 4000, 1, 2158791
8000, 2000, 6000, 1, 1221208
10000, 4000, 6000, 1, 2159291
10000, 5000, 5000, 1, 2911708
650, 325, 325, 1, 18459
650, 350, 300, 1, 19875
650, 300, 350, 1, 17000
1000, 500, 500, 1, 28000
1000, 700, 300, 1, 444375
2500, 1250, 1250, 1, 903209
2500, 1000, 1500, 1, 663000
5000, 2500, 2500, 1, 1630417
5000, 3000, 2000, 1, 2034250
8000, 4000, 4000, 1, 2159792
8000, 2000, 6000, 1, 1219125
10000, 4000, 6000, 1, 2165208
10000, 5000, 5000, 1, 2931625
650, 325, 325, 1, 18417
650, 350, 300, 1, 19792
650, 300, 350, 1, 17167
1000, 500, 500, 1, 27958
1000, 700, 300, 1, 450583
2500, 1250, 1250, 1, 902292
2500, 1000, 1500, 1, 664292
5000, 2500, 2500, 1, 1628500
5000, 3000, 2000, 1, 2037750
8000, 4000, 4000, 1, 2163917
8000, 2000, 6000, 1, 1223541
10000, 4000, 6000, 1, 2174375
10000, 5000, 5000, 1, 2917917
650, 325, 325, 1, 18334
650, 350, 300, 1, 19834
650, 300, 350, 1, 17042
1000, 500, 500, 1, 28084
1000, 700, 300, 1, 451500
2500, 1250, 1250, 1, 906625
2500, 1000, 1500, 1, 660208
5000, 2500, 2500, 1, 1640833
5000, 3000, 2000, 1, 2037625
8000, 4000, 4000, 1, 2173208
8000, 2000, 6000, 1, 1225208
10000, 4000, 6000, 1, 2170083
10000, 5000, 5000, 1, 2928833
650, 325, 325, 1, 18542
650, 350, 300, 1, 19791
650, 300, 350, 1, 17000
1000, 500, 500, 1, 27958
1000, 700, 300, 1, 468291
2500, 1250, 1250, 1, 912042
2500, 1000, 1500, 1, 661375
5000, 2500, 2500, 1, 1640000
5000, 3000, 2000, 1, 2043834
8000, 4000, 4000, 1, 2175958
8000, 2000, 6000, 1, 1225000
10000, 4000, 6000, 1, 2171417
10000, 5000, 5000, 1, 2932458
650, 325, 325, 1, 18375
650, 350, 300, 1, 19833
650, 300, 350, 1, 17084
1000, 500, 500, 1, 28000
1000, 700, 300, 1, 447875
2500, 1250, 1250, 1, 915333
2500, 1000, 1500, 1, 702375
5000, 2500, 2500, 1, 1642917
5000, 3000, 2000, 1, 2047375
8000, 4000, 4000, 1, 2175125
8000, 2000, 6000, 1, 1235625
10000, 4000, 6000, 1, 2178291
10000, 5000, 5000, 1, 2962458
650, 325, 325, 1, 18334
650, 350, 300, 1, 19917
650, 300, 350, 1, 17041
1000, 500, 500, 1, 28000
1000, 700, 300, 1, 448583
2500, 1250, 1250, 1, 914000
2500, 1000, 1500, 1, 666417
5000, 2500, 2500, 1, 1645333
5000, 3000, 2000, 1, 2048750
8000, 4000, 4000, 1, 2189333
8000, 2000, 6000, 1, 1234458
10000, 4000, 6000, 1, 2180667
10000, 5000, 5000, 1, 2953417
650, 325, 325, 1, 18625
650, 350, 300, 1, 19792
650, 300, 350, 1, 17125
1000, 500, 500, 1, 28000
1000, 700, 300, 1, 449209
2500, 1250, 1250, 1, 915584
2500, 1000, 1500, 1, 664959
5000, 2500, 2500, 1, 1652083
5000, 3000, 2000, 1, 2052458
8000, 4000, 4000, 1, 2185334
8000, 2000, 6000, 1, 1236500
10000, 4000, 6000, 1, 2187000
10000, 5000, 5000, 1, 2961833
650, 325, 325, 1, 18416
650, 350, 300, 1, 19791
650, 300, 350, 1, 17250
1000, 500, 500, 1, 28000
1000, 700, 300, 1, 452917
2500, 1250, 1250, 1, 917292
2500, 1000, 1500, 1, 666084
5000, 2500, 2500, 1, 1655167
5000, 3000, 2000, 1, 2059542
8000, 4000, 4000, 1, 2189292
8000, 2000, 6000, 1, 1238834
10000, 4000, 6000, 1, 2186833
10000, 5000, 5000, 1, 2963208
650, 325, 325, 1, 18542
650, 350, 300, 1, 19792
650, 300, 350, 1, 17042
1000, 500, 500, 1, 27958
1000, 700, 300, 1, 452250
2500, 1250, 1250, 1, 924708
2500, 1000, 1500, 1, 667500
5000, 2500, 2500, 1, 1657000
5000, 3000, 2000, 1, 2071125
8000, 4000, 4000, 1, 2190292
8000, 2000, 6000, 1, 1261333
10000, 4000, 6000, 1, 2196958
10000, 5000, 5000, 1, 2962667
650, 325, 325, 1, 18458
650, 350, 300, 1, 19917
650, 300, 350, 1, 17167
1000, 500, 500, 1, 28167
1000, 700, 300, 1, 451625
2500, 1250, 1250, 1, 934208
2500, 1000, 1500, 1, 673875
5000, 2500, 2500, 1, 1657833
5000, 3000, 2000, 1, 2062959
8000, 4000, 4000, 1, 2192708
8000, 2000, 6000, 1, 1243125
10000, 4000, 6000, 1, 2216459
10000, 5000, 5000, 1, 2962417
650, 325, 325, 1, 18667
650, 350, 300, 1, 19833
650, 300, 350, 1, 17000
1000, 500, 500, 1, 28041
1000, 700, 300, 1, 455208
2500, 1250, 1250, 1, 923042
2500, 1000, 1500, 1, 671667
5000, 2500, 2500, 1, 1662250
5000, 3000, 2000, 1, 2074750
8000, 4000, 4000, 1, 2279459
8000, 2000, 6000, 1, 1306208
10000, 4000, 6000, 1, 2289167
10000, 5000, 5000, 1, 3100791
650, 325, 325, 1, 19042
650, 350, 300, 1, 21000
650, 300, 350, 1, 18250
1000, 500, 500, 1, 31667
1000, 700, 300, 1, 485375
2500, 1250, 1250, 1, 947333
2500, 1000, 1500, 1, 697000
5000, 2500, 2500, 1, 1767041
5000, 3000, 2000, 1, 2078625
8000, 4000, 4000, 1, 2202125
8000, 2000, 6000, 1, 1289000
10000, 4000, 6000, 1, 2217375
10000, 5000, 5000, 1, 2972125
650, 325, 325, 1, 18541
650, 350, 300, 1, 19959
650, 300, 350, 1, 17084
1000, 500, 500, 1, 28125
1000, 700, 300, 1, 459083
2500, 1250, 1250, 1, 920792
2500, 1000, 1500, 1, 677292
5000, 2500, 2500, 1, 1676125
5000, 3000, 2000, 1, 2111500
8000, 4000, 4000, 1, 2209709
8000, 2000, 6000, 1, 1247500
10000, 4000, 6000, 1, 2204500
10000, 5000, 5000, 1, 2978250
650, 325, 325, 1, 18500
650, 350, 300, 1, 19708
650, 300, 350, 1, 17208
1000, 500, 500, 1, 29250
1000, 700, 300, 1, 507333
2500, 1250, 1250, 1, 944208
2500, 1000, 1500, 1, 678417
5000, 2500, 2500, 1, 1682791
5000, 3000, 2000, 1, 2078833
8000, 4000, 4000, 1, 2211084
8000, 2000, 6000, 1, 1252000
10000, 4000, 6000, 1, 2210792
10000, 5000, 5000, 1, 2978583
650, 325, 325, 1, 18417
650, 350, 300, 1, 19750
650, 300, 350, 1, 18375
1000, 500, 500, 1, 28125
1000, 700, 300, 1, 458333
2500, 1250, 1250, 1, 924042
2500, 1000, 1500, 1, 679875
5000, 2500, 2500, 1, 1674541
5000, 3000, 2000, 1, 2085875
8000, 4000, 4000, 1, 2218666
8000, 2000, 6000, 1, 1254292
10000, 4000, 6000, 1, 2212125
10000, 5000, 5000, 1, 2984375
650, 325, 325, 1, 18375
650, 350, 300, 1, 21458
650, 300, 350, 1, 17000
1000, 500, 500, 1, 28000
1000, 700, 300, 1, 459458
2500, 1250, 1250, 1, 928375
2500, 1000, 1500, 1, 679459
5000, 2500, 2500, 1, 1675958
5000, 3000, 2000, 1, 2089250
8000, 4000, 4000, 1, 2257833
8000, 2000, 6000, 1, 1259125
10000, 4000, 6000, 1, 2215667
10000, 5000, 5000, 1, 2988709
650, 325, 325, 1, 18417
650, 350, 300, 1, 19750
650, 300, 350, 1, 17084
1000, 500, 500, 1, 27959
1000, 700, 300, 1, 457375
2500, 1250, 1250, 1, 941959
2500, 1000, 1500, 1, 676792
5000, 2500, 2500, 1, 1684375
5000, 3000, 2000, 1, 2092500
8000, 4000, 4000, 1, 2219500
8000, 2000, 6000, 1, 1258750
10000, 4000, 6000, 1, 2220000
10000, 5000, 5000, 1, 3000167
650, 325, 325, 1, 18416
650, 350, 300, 1, 19709
650, 300, 350, 1, 17125
1000, 500, 500, 1, 28000
1000, 700, 300, 1, 461125
2500, 1250, 1250, 1, 934000
2500, 1000, 1500, 1, 678000
5000, 2500, 2500, 1, 1684250
5000, 3000, 2000, 1, 2093667
8000, 4000, 4000, 1, 2227792
8000, 2000, 6000, 1, 1260958
10000, 4000, 6000, 1, 2232291
10000, 5000, 5000, 1, 3032417
650, 325, 325, 1, 18458
650, 350, 300, 1, 19834
650, 300, 350, 1, 17125
1000, 500, 500, 1, 28042
1000, 700, 300, 1, 459000
2500, 1250, 1250, 1, 936000
2500, 1000, 1500, 1, 682083
5000, 2500, 2500, 1, 1686459
5000, 3000, 2000, 1, 2098083
8000, 4000, 4000, 1, 2233417
8000, 2000, 6000, 1, 1262292
10000, 4000, 6000, 1, 2229333
10000, 5000, 5000, 1, 3022875
650, 325, 325, 1, 18500
650, 350, 300, 1, 19709
650, 300, 350, 1, 17167
1000, 500, 500, 1, 27916
1000, 700, 300, 1, 462459
2500, 1250, 1250, 1, 942042
2500, 1000, 1500, 1, 680625
5000, 2500, 2500, 1, 1689166
5000, 3000, 2000, 1, 2103209
8000, 4000, 4000, 1, 2233709
8000, 2000, 6000, 1, 1260333
10000, 4000, 6000, 1, 2248959
10000, 5000, 5000, 1, 3014083
650, 325, 325, 1, 18459
650, 350, 300, 1, 19875
650, 300, 350, 1, 17000
1000, 500, 500, 1, 28042
1000, 700, 300, 1, 460583
2500, 1250, 1250, 1, 939208
2500, 1000, 1500, 1, 681333
5000, 2500, 2500, 1, 1692584
5000, 3000, 2000, 1, 2110542
8000, 4000, 4000, 1, 2279292
8000, 2000, 6000, 1, 1264209
10000, 4000, 6000, 1, 2238125
10000, 5000, 5000, 1, 3017042
650, 325, 325, 1, 18375
650, 350, 300, 1, 19750
650, 300, 350, 1, 17000
1000, 500, 500, 1, 28250
1000, 700, 300, 1, 466500
2500, 1250, 1250, 1, 938416
2500, 1000, 1500, 1, 694584
5000, 2500, 2500, 1, 1687459
5000, 3000, 2000, 1, 2110583
8000, 4000, 4000, 1, 2238334
8000, 2000, 6000, 1, 1268000
10000, 4000, 6000, 1, 2256084
10000, 5000, 5000, 1, 3036750
650, 325, 325, 1, 18500
650, 350, 300, 1, 19833
650, 300, 350, 1, 17000
1000, 500, 500, 1, 28834
1000, 700, 300, 1, 462292
2500, 1250, 1250, 1, 937125
2500, 1000, 1500, 1, 689833
5000, 2500, 2500, 1, 1740084
5000, 3000, 2000, 1, 2144167
8000, 4000, 4000, 1, 2260209
8000, 2000, 6000, 1, 1290375
10000, 4000, 6000, 1, 2242916
10000, 5000, 5000, 1, 3030500
650, 325, 325, 1, 18458
650, 350, 300, 1, 19834
650, 300, 350, 1, 17042
1000, 500, 500, 1, 27958
1000, 700, 300, 1, 463125
2500, 1250, 1250, 1, 943875
2500, 1000, 1500, 1, 685166
5000, 2500, 2500, 1, 1698917
5000, 3000, 2000, 1, 2118208
8000, 4000, 4000, 1, 2249667
8000, 2000, 6000, 1, 1275167
10000, 4000, 6000, 1, 2261667
10000, 5000, 5000, 1, 3034167
650, 325, 325, 1, 18416
650, 350, 300, 1, 19792
650, 300, 350, 1, 17125
1000, 500, 500, 1, 27958
1000, 700, 300, 1, 463958
2500, 1250, 1250, 1, 950042
2500, 1000, 1500, 1, 686209
5000, 2500, 2500, 1, 1701709
5000, 3000, 2000, 1, 2149583
8000, 4000, 4000, 1, 2259209
8000, 2000, 6000, 1, 1273583
10000, 4000, 6000, 1, 2250208
10000, 5000, 5000, 1, 3034667
650, 325, 325, 1, 18542
650, 350, 300, 1, 20084
650, 300, 350, 1, 17167
1000, 500, 500, 1, 28000
1000, 700, 300, 1, 464417
2500, 1250, 1250, 1, 945125
2500, 1000, 1500, 1, 687458
5000, 2500, 2500, 1, 1706958
5000, 3000, 2000, 1, 2122542
8000, 4000, 4000, 1, 2254000
8000, 2000, 6000, 1, 1276917
10000, 4000, 6000, 1, 2254125
10000, 5000, 5000, 1, 3041292
650, 325, 325, 1, 18500
650, 350, 300, 1, 19875
650, 300, 350, 1, 17084
1000, 500, 500, 1, 28083
1000, 700, 300, 1, 468042
2500, 1250, 1250, 1, 943834
2500, 1000, 1500, 1, 690416
5000, 2500, 2500, 1, 1706250
5000, 3000, 2000, 1, 2126958
8000, 4000, 4000, 1, 2257083
8000, 2000, 6000, 1, 1274666
10000, 4000, 6000, 1, 2257334
10000, 5000, 5000, 1, 3047208
650, 325, 325, 1, 18667
650, 350, 300, 1, 19750
650, 300, 350, 1, 17250
1000, 500, 500, 1, 28875
1000, 700, 300, 1, 466250
2500, 1250, 1250, 1, 945667
2500, 1000, 1500, 1, 693417
5000, 2500, 2500, 1, 1710042
5000, 3000, 2000, 1, 2129292
8000, 4000, 4000, 1, 2262834
8000, 2000, 6000, 1, 1280042
10000, 4000, 6000, 1, 2258958
10000, 5000, 5000, 1, 3046375
650, 325, 325, 1, 19250
650, 350, 300, 1, 19875
650, 300, 350, 1, 17125
1000, 500, 500, 1, 28167
1000, 700, 300, 1, 467125
2500, 1250, 1250, 1, 954250
2500, 1000, 1500, 1, 693792
5000, 2500, 2500, 1, 1710750
5000, 3000, 2000, 1, 2131792
8000, 4000, 4000, 1, 2307125
8000, 2000, 6000, 1, 1281917
10000, 4000, 6000, 1, 2266750
10000, 5000, 5000, 1, 3055833
650, 325, 325, 1, 18500
650, 350, 300, 1, 19792
650, 300, 350, 1, 17000
1000, 500, 500, 1, 28042
1000, 700, 300, 1, 467834
2500, 1250, 1250, 1, 965625
2500, 1000, 1500, 1, 692333
5000, 2500, 2500, 1, 1713792
5000, 3000, 2000, 1, 2141250
8000, 4000, 4000, 1, 2265875
8000, 2000, 6000, 1, 1283500
10000, 4000, 6000, 1, 2266208
10000, 5000, 5000, 1, 3063542
650, 325, 325, 1, 18458
650, 350, 300, 1, 19833
650, 300, 350, 1, 17084
1000, 500, 500, 1, 28041
1000, 700, 300, 1, 468750
2500, 1250, 1250, 1, 953666
2500, 1000, 1500, 1, 693625
5000, 2500, 2500, 1, 1716666
5000, 3000, 2000, 1, 2150042
8000, 4000, 4000, 1, 2282917
8000, 2000, 6000, 1, 1285792
10000, 4000, 6000, 1, 2321208
10000, 5000, 5000, 1, 3074708
650, 325, 325, 1, 18459
650, 350, 300, 1, 19750
650, 300, 350, 1, 16917
1000, 500, 500, 1, 27958
1000, 700, 300, 1, 469833
2500, 1250, 1250, 1, 952667
2500, 1000, 1500, 1, 698500
5000, 2500, 2500, 1, 1721500
5000, 3000, 2000, 1, 2142916
8000, 4000, 4000, 1, 2273542
8000, 2000, 6000, 1, 1288500
10000, 4000, 6000, 1, 2273125
10000, 5000, 5000, 1, 3073084
650, 325, 325, 1, 18500
650, 350, 300, 1, 19875
650, 300, 350, 1, 17083
1000, 500, 500, 1, 28000
1000, 700, 300, 1, 470042
2500, 1250, 1250, 1, 958000
2500, 1000, 1500, 1, 695917
5000, 2500, 2500, 1, 1723084
5000, 3000, 2000, 1, 2146500
8000, 4000, 4000, 1, 2283208
8000, 2000, 6000, 1, 1293917
10000, 4000, 6000, 1, 2279708
10000, 5000, 5000, 1, 3078750
650, 325, 325, 1, 18500
650, 350, 300, 1, 19958
650, 300, 350, 1, 17166
1000, 500, 500, 1, 27875
1000, 700, 300, 1, 473708
2500, 1250, 1250, 1, 961833
2500, 1000, 1500, 1, 699792
5000, 2500, 2500, 1, 1726166
5000, 3000, 2000, 1, 2150083
8000, 4000, 4000, 1, 2286208
8000, 2000, 6000, 1, 1290208
10000, 4000, 6000, 1, 2284291
10000, 5000, 5000, 1, 3088041
650, 325, 325, 1, 18375
650, 350, 300, 1, 19792
650, 300, 350, 1, 17084
1000, 500, 500, 1, 27958
1000, 700, 300, 1, 477083
2500, 1250, 1250, 1, 957208
2500, 1000, 1500, 1, 704667
5000, 2500, 2500, 1, 1729500
5000, 3000, 2000, 1, 2161417
8000, 4000, 4000, 1, 2286500
8000, 2000, 6000, 1, 1300250
10000, 4000, 6000, 1, 2287209
10000, 5000, 5000, 1, 3089542
650, 325, 325, 1, 18541
650, 350, 300, 1, 21084
650, 300, 350, 1, 17167
1000, 500, 500, 1, 28125
1000, 700, 300, 1, 472375
2500, 1250, 1250, 1, 958917
2500, 1000, 1500, 1, 702166
5000, 2500, 2500, 1, 1734208
5000, 3000, 2000, 1, 2160292
8000, 4000, 4000, 1, 2294708
8000, 2000, 6000, 1, 1300500
10000, 4000, 6000, 1, 2293250
10000, 5000, 5000, 1, 3097959
650, 325, 325, 1, 18416
650, 350, 300, 1, 19834
650, 300, 350, 1, 17042
1000, 500, 500, 1, 28083
1000, 700, 300, 1, 473416
2500, 1250, 1250, 1, 966458
2500, 1000, 1500, 1, 704000
5000, 2500, 2500, 1, 1739583
5000, 3000, 2000, 1, 2167083
8000, 4000, 4000, 1, 2318083
8000, 2000, 6000, 1, 1299708
10000, 4000, 6000, 1, 2298542
10000, 5000, 5000, 1, 3102791
650, 325, 325, 1, 18667
650, 350, 300, 1, 19916
650, 300, 350, 1, 17167
1000, 500, 500, 1, 28083
1000, 700, 300, 1, 480042
2500, 1250, 1250, 1, 988584
2500, 1000, 1500, 1, 707417
5000, 2500, 2500, 1, 1736084
5000, 3000, 2000, 1, 2167459
8000, 4000, 4000, 1, 2297917
8000, 2000, 6000, 1, 1303458
10000, 4000, 6000, 1, 2299000
10000, 5000, 5000, 1, 3100416
650, 325, 325, 1, 19292
650, 350, 300, 1, 19875
650, 300, 350, 1, 17041
1000, 500, 500, 1, 28042
1000, 700, 300, 1, 474959
2500, 1250, 1250, 1, 968416
2500, 1000, 1500, 1, 702875
5000, 2500, 2500, 1, 1767000
5000, 3000, 2000, 1, 2171541
8000, 4000, 4000, 1, 2304250
8000, 2000, 6000, 1, 1313917
10000, 4000, 6000, 1, 2304000
10000, 5000, 5000, 1, 3124083
650, 325, 325, 1, 19625
650, 350, 300, 1, 21125
650, 300, 350, 1, 17666
1000, 500, 500, 1, 28167
1000, 700, 300, 1, 478333
2500, 1250, 1250, 1, 978250
2500, 1000, 1500, 1, 748625
5000, 2500, 2500, 1, 1799916
5000, 3000, 2000, 1, 2172791
8000, 4000, 4000, 1, 2316875
8000, 2000, 6000, 1, 1302875
10000, 4000, 6000, 1, 2305416
10000, 5000, 5000, 1, 3126458
650, 325, 325, 1, 19166
650, 350, 300, 1, 19833
650, 300, 350, 1, 17083
1000, 500, 500, 1, 28583
1000, 700, 300, 1, 476625
2500, 1250, 1250, 1, 967792
2500, 1000, 1500, 1, 711250
5000, 2500, 2500, 1, 1748417
5000, 3000, 2000, 1, 2198792
8000, 4000, 4000, 1, 2314416
8000, 2000, 6000, 1, 1315333
10000, 4000, 6000, 1, 2308875
10000, 5000, 5000, 1, 3122000
650, 325, 325, 1, 18459
650, 350, 300, 1, 19916
650, 300, 350, 1, 17125
1000, 500, 500, 1, 28042
1000, 700, 300, 1, 477500
2500, 1250, 1250, 1, 974792
2500, 1000, 1500, 1, 706708
5000, 2500, 2500, 1, 1756917
5000, 3000, 2000, 1, 2184542
8000, 4000, 4000, 1, 2315958
8000, 2000, 6000, 1, 1310417
10000, 4000, 6000, 1, 2315167
10000, 5000, 5000, 1, 3126375
650, 325, 325, 1, 18500
650, 350, 300, 1, 19833
650, 300, 350, 1, 17167
1000, 500, 500, 1, 28000
1000, 700, 300, 1, 483542
2500, 1250, 1250, 1, 970417
2500, 1000, 1500, 1, 713334
5000, 2500, 2500, 1, 1749125
5000, 3000, 2000, 1, 2192750
8000, 4000, 4000, 1, 2316792
8000, 2000, 6000, 1, 1314583
10000, 4000, 6000, 1, 2316708
10000, 5000, 5000, 1, 3126667
650, 325, 325, 1, 19625
650, 350, 300, 1, 19833
650, 300, 350, 1, 17000
1000, 500, 500, 1, 28041
1000, 700, 300, 1, 478958
2500, 1250, 1250, 1, 978125
2500, 1000, 1500, 1, 713500
5000, 2500, 2500, 1, 1760208
5000, 3000, 2000, 1, 2206791
8000, 4000, 4000, 1, 2324791
8000, 2000, 6000, 1, 1314584
10000, 4000, 6000, 1, 2318542
10000, 5000, 5000, 1, 3132125
650, 325, 325, 1, 18333
650, 350, 300, 1, 19875
650, 300, 350, 1, 17291
1000, 500, 500, 1, 28000
1000, 700, 300, 1, 482417
2500, 1250, 1250, 1, 976833
2500, 1000, 1500, 1, 722959
5000, 2500, 2500, 1, 1792125
5000, 3000, 2000, 1, 2192875
8000, 4000, 4000, 1, 2321584
8000, 2000, 6000, 1, 1318208
10000, 4000, 6000, 1, 2321542
10000, 5000, 5000, 1, 3134292
650, 325, 325, 1, 18542
650, 350, 300, 1, 19833
650, 300, 350, 1, 17750
1000, 500, 500, 1, 28125
1000, 700, 300, 1, 483250
2500, 1250, 1250, 1, 975584
2500, 1000, 1500, 1, 715167
5000, 2500, 2500, 1, 1765292
5000, 3000, 2000, 1, 2194875
8000, 4000, 4000, 1, 2327875
8000, 2000, 6000, 1, 1319083
10000, 4000, 6000, 1, 2325375
10000, 5000, 5000, 1, 3144125
650, 325, 325, 1, 18542
650, 350, 300, 1, 19708
650, 300, 350, 1, 17166
1000, 500, 500, 1, 27833
1000, 700, 300, 1, 481416
2500, 1250, 1250, 1, 980167
2500, 1000, 1500, 1, 727833
5000, 2500, 2500, 1, 1766791
5000, 3000, 2000, 1, 2201667
8000, 4000, 4000, 1, 2334708
8000, 2000, 6000, 1, 1320916
10000, 4000, 6000, 1, 2331458
10000, 5000, 5000, 1, 3144417
650, 325, 325, 1, 18417
650, 350, 300, 1, 19875
650, 300, 350, 1, 17041
1000, 500, 500, 1, 28000
1000, 700, 300, 1, 484875
2500, 1250, 1250, 1, 981542
2500, 1000, 1500, 1, 716542
5000, 2500, 2500, 1, 1767458
5000, 3000, 2000, 1, 2201875
8000, 4000, 4000, 1, 2335667
8000, 2000, 6000, 1, 1338584
10000, 4000, 6000, 1, 2335875
10000, 5000, 5000, 1, 3151959
650, 325, 325, 1, 18583
650, 350, 300, 1, 19666
650, 300, 350, 1, 17125
1000, 500, 500, 1, 28000
1000, 700, 300, 1, 488417
2500, 1250, 1250, 1, 983958
2500, 1000, 1500, 1, 717666
5000, 2500, 2500, 1, 1773333
5000, 3000, 2000, 1, 2208250
8000, 4000, 4000, 1, 2338792
8000, 2000, 6000, 1, 1322958
10000, 4000, 6000, 1, 2339209
10000, 5000, 5000, 1, 3157709
650, 325, 325, 1, 18459
650, 350, 300, 1, 19791
650, 300, 350, 1, 17167
1000, 500, 500, 1, 28000
1000, 700, 300, 1, 485541
2500, 1250, 1250, 1, 982334
2500, 1000, 1500, 1, 719000
5000, 2500, 2500, 1, 1775583
5000, 3000, 2000, 1, 2209792
8000, 4000, 4000, 1, 2345667
8000, 2000, 6000, 1, 1327959
10000, 4000, 6000, 1, 2367666
10000, 5000, 5000, 1, 3162958
650, 325, 325, 1, 18709
650, 350, 300, 1, 19834
650, 300, 350, 1, 17042
1000, 500, 500, 1, 28083
1000, 700, 300, 1, 484375
2500, 1250, 1250, 1, 987000
2500, 1000, 1500, 1, 720417
5000, 2500, 2500, 1, 1776541
5000, 3000, 2000, 1, 2216875
8000, 4000, 4000, 1, 2346958
8000, 2000, 6000, 1, 1326666
10000, 4000, 6000, 1, 2346125
10000, 5000, 5000, 1, 3170333
650, 325, 325, 1, 18625
650, 350, 300, 1, 19834
650, 300, 350, 1, 17083
1000, 500, 500, 1, 28042
1000, 700, 300, 1, 490041
2500, 1250, 1250, 1, 985625
2500, 1000, 1500, 1, 723917
5000, 2500, 2500, 1, 1783459
5000, 3000, 2000, 1, 2233792
8000, 4000, 4000, 1, 2468875
8000, 2000, 6000, 1, 1498250
10000, 4000, 6000, 1, 2360125
10000, 5000, 5000, 1, 3177667
650, 325, 325, 1, 18417
650, 350, 300, 1, 19791
650, 300, 350, 1, 17041
1000, 500, 500, 1, 28000
1000, 700, 300, 1, 486083
2500, 1250, 1250, 1, 989833
2500, 1000, 1500, 1, 719916
5000, 2500, 2500, 1, 1913416
5000, 3000, 2000, 1, 2248875
8000, 4000, 4000, 1, 2366833
8000, 2000, 6000, 1, 1339750
10000, 4000, 6000, 1, 2413708
10000, 5000, 5000, 1, 3196959
650, 325, 325, 1, 18583
650, 350, 300, 1, 20000
650, 300, 350, 1, 17000
1000, 500, 500, 1, 27916
1000, 700, 300, 1, 486875
2500, 1250, 1250, 1, 995042
2500, 1000, 1500, 1, 722000
5000, 2500, 2500, 1, 1786875
5000, 3000, 2000, 1, 2228250
8000, 4000, 4000, 1, 2360625
8000, 2000, 6000, 1, 1333042
10000, 4000, 6000, 1, 2357000
10000, 5000, 5000, 1, 3188584
650, 325, 325, 1, 18417
650, 350, 300, 1, 19792
650, 300, 350, 1, 17125
1000, 500, 500, 1, 28125
1000, 700, 300, 1, 493208
2500, 1250, 1250, 1, 990292
2500, 1000, 1500, 1, 730042
5000, 2500, 2500, 1, 1792291
5000, 3000, 2000, 1, 2230959
8000, 4000, 4000, 1, 2362875
8000, 2000, 6000, 1, 1340958
10000, 4000, 6000, 1, 2361000
10000, 5000, 5000, 1, 3194083
650, 325, 325, 1, 18458
650, 350, 300, 1, 19834
650, 300, 350, 1, 17000
1000, 500, 500, 1, 28042
1000, 700, 300, 1, 488583
2500, 1250, 1250, 1, 997542
2500, 1000, 1500, 1, 725167
5000, 2500, 2500, 1, 1793875
5000, 3000, 2000, 1, 2236166
8000, 4000, 4000, 1, 2369542
8000, 2000, 6000, 1, 1340333
10000, 4000, 6000, 1, 2377000
10000, 5000, 5000, 1, 3240083
650, 325, 325, 1, 18583
650, 350, 300, 1, 20666
650, 300, 350, 1, 17167
1000, 500, 500, 1, 28000
1000, 700, 300, 1, 490292
2500, 1250, 1250, 1, 995542
2500, 1000, 1500, 1, 727375
5000, 2500, 2500, 1, 1796208
5000, 3000, 2000, 1, 2240666
8000, 4000, 4000, 1, 2376834
8000, 2000, 6000, 1, 1348375
10000, 4000, 6000, 1, 2368958
10000, 5000, 5000, 1, 3207250
650, 325, 325, 1, 18500
650, 350, 300, 1, 19834
650, 300, 350, 1, 17084
1000, 500, 500, 1, 28000
1000, 700, 300, 1, 495875
2500, 1250, 1250, 1, 997209
2500, 1000, 1500, 1, 728709
5000, 2500, 2500, 1, 1793375
5000, 3000, 2000, 1, 2242625
8000, 4000, 4000, 1, 2373167
8000, 2000, 6000, 1, 1347125
10000, 4000, 6000, 1, 2374166
10000, 5000, 5000, 1, 3208958
650, 325, 325, 1, 18500
650, 350, 300, 1, 19708
650, 300, 350, 1, 17000
1000, 500, 500, 1, 28000
1000, 700, 300, 1, 491292
2500, 1250, 1250, 1, 1003291
2500, 1000, 1500, 1, 729958
5000, 2500, 2500, 1, 1808917
5000, 3000, 2000, 1, 2257583
8000, 4000, 4000, 1, 2383000
8000, 2000, 6000, 1, 1344208
10000, 4000, 6000, 1, 2382708
10000, 5000, 5000, 1, 3209541
650, 325, 325, 1, 18375
650, 350, 300, 1, 19709
650, 300, 350, 1, 17083
1000, 500, 500, 1, 27875
1000, 700, 300, 1, 493166
2500, 1250, 1250, 1, 1001708
2500, 1000, 1500, 1, 734000
5000, 2500, 2500, 1, 1804500
5000, 3000, 2000, 1, 2249291
8000, 4000, 4000, 1, 2385333
8000, 2000, 6000, 1, 1363459
10000, 4000, 6000, 1, 2405208
10000, 5000, 5000, 1, 3218541
650, 325, 325, 1, 18458
650, 350, 300, 1, 19667
650, 300, 350, 1, 17083
1000, 500, 500, 1, 28125
1000, 700, 300, 1, 496833
2500, 1250, 1250, 1, 1005917
2500, 1000, 1500, 1, 729250
5000, 2500, 2500, 1, 1808209
5000, 3000, 2000, 1, 2258292
8000, 4000, 4000, 1, 2383209
8000, 2000, 6000, 1, 1354541
10000, 4000, 6000, 1, 2383291
10000, 5000, 5000, 1, 3221041
650, 325, 325, 1, 18458
650, 350, 300, 1, 19792
650, 300, 350, 1, 17083
1000, 500, 500, 1, 28167
1000, 700, 300, 1, 493333
2500, 1250, 1250, 1, 1007625
2500, 1000, 1500, 1, 739750
5000, 2500, 2500, 1, 1815042
5000, 3000, 2000, 1, 2277209
8000, 4000, 4000, 1, 2388250
8000, 2000, 6000, 1, 1350666
10000, 4000, 6000, 1, 2392500
10000, 5000, 5000, 1, 3253625
650, 325, 325, 1, 18500
650, 350, 300, 1, 19875
650, 300, 350, 1, 17125
1000, 500, 500, 1, 27959
1000, 700, 300, 1, 501500
2500, 1250, 1250, 1, 1036792
2500, 1000, 1500, 1, 737250
5000, 2500, 2500, 1, 1813333
5000, 3000, 2000, 1, 2379625
8000, 4000, 4000, 1, 2428542
8000, 2000, 6000, 1, 1358166
10000, 4000, 6000, 1, 2406708
10000, 5000, 5000, 1, 3268959
650, 325, 325, 1, 19750
650, 350, 300, 1, 21125
650, 300, 350, 1, 17708
1000, 500, 500, 1, 29000
1000, 700, 300, 1, 518625
2500, 1250, 1250, 1, 1047042
2500, 1000, 1500, 1, 763833
5000, 2500, 2500, 1, 1943417
5000, 3000, 2000, 1, 2391250
8000, 4000, 4000, 1, 2491916
8000, 2000, 6000, 1, 1442750
10000, 4000, 6000, 1, 2485959
10000, 5000, 5000, 1, 3354292
650, 325, 325, 1, 18417
650, 350, 300, 1, 19875
650, 300, 350, 1, 17084
1000, 500, 500, 1, 28041
1000, 700, 300, 1, 520791
2500, 1250, 1250, 1, 1062875
2500, 1000, 1500, 1, 786083
5000, 2500, 2500, 1, 1950042
5000, 3000, 2000, 1, 2355250
8000, 4000, 4000, 1, 2477958
8000, 2000, 6000, 1, 1368666
10000, 4000, 6000, 1, 2413208
10000, 5000, 5000, 1, 3276083
650, 325, 325, 1, 20208
650, 350, 300, 1, 20584
650, 300, 350, 1, 17625
1000, 500, 500, 1, 33334
1000, 700, 300, 1, 593417
2500, 1250, 1250, 1, 1081375
2500, 1000, 1500, 1, 770250
5000, 2500, 2500, 1, 1910208
5000, 3000, 2000, 1, 2278750
8000, 4000, 4000, 1, 2505667
8000, 2000, 6000, 1, 1406625
10000, 4000, 6000, 1, 2478416
10000, 5000, 5000, 1, 3309750
650, 325, 325, 1, 19125
650, 350, 300, 1, 20333
650, 300, 350, 1, 18834
1000, 500, 500, 1, 28166
1000, 700, 300, 1, 522167
2500, 1250, 1250, 1, 1014792
2500, 1000, 1500, 1, 807125
5000, 2500, 2500, 1, 1860458
5000, 3000, 2000, 1, 2310916
8000, 4000, 4000, 1, 2505583
8000, 2000, 6000, 1, 1418459
10000, 4000, 6000, 1, 2412208
10000, 5000, 5000, 1, 3318209
650, 325, 325, 1, 19583
650, 350, 300, 1, 23833
650, 300, 350, 1, 17125
1000, 500, 500, 1, 28458
1000, 700, 300, 1, 499167
2500, 1250, 1250, 1, 1019958
2500, 1000, 1500, 1, 740959
5000, 2500, 2500, 1, 1823916
5000, 3000, 2000, 1, 2278958
8000, 4000, 4000, 1, 2436917
8000, 2000, 6000, 1, 1479333
10000, 4000, 6000, 1, 2535875
10000, 5000, 5000, 1, 3362459
650, 325, 325, 1, 18375
650, 350, 300, 1, 20000
650, 300, 350, 1, 17083
1000, 500, 500, 1, 28834
1000, 700, 300, 1, 501084
2500, 1250, 1250, 1, 1016166
2500, 1000, 1500, 1, 786875
5000, 2500, 2500, 1, 1915000
5000, 3000, 2000, 1, 2446125
8000, 4000, 4000, 1, 2471125
8000, 2000, 6000, 1, 1371458
10000, 4000, 6000, 1, 2452583
10000, 5000, 5000, 1, 3363375
650, 325, 325, 1, 18667
650, 350, 300, 1, 19834
650, 300, 350, 1, 18416
1000, 500, 500, 1, 28125
1000, 700, 300, 1, 508458
2500, 1250, 1250, 1, 1074292
2500, 1000, 1500, 1, 741000
5000, 2500, 2500, 1, 1879333
5000, 3000, 2000, 1, 2406708
8000, 4000, 4000, 1, 2534209
8000, 2000, 6000, 1, 1369292
10000, 4000, 6000, 1, 2489917
10000, 5000, 5000, 1, 3353458
650, 325, 325, 1, 19833
650, 350, 300, 1, 20625
650, 300, 350, 1, 17458
1000, 500, 500, 1, 29084
1000, 700, 300, 1, 516083
2500, 1250, 1250, 1, 1048917
2500, 1000, 1500, 1, 744167
5000, 2500, 2500, 1, 1902333
5000, 3000, 2000, 1, 2318000
8000, 4000, 4000, 1, 2591584
8000, 2000, 6000, 1, 1383833
10000, 4000, 6000, 1, 2515167
10000, 5000, 5000, 1, 3439375
650, 325, 325, 1, 18500
650, 350, 300, 1, 19834
650, 300, 350, 1, 17125
1000, 500, 500, 1, 29209
1000, 700, 300, 1, 514334
2500, 1250, 1250, 1, 1028375
2500, 1000, 1500, 1, 812542
5000, 2500, 2500, 1, 1943875
5000, 3000, 2000, 1, 2349875
8000, 4000, 4000, 1, 2438042
8000, 2000, 6000, 1, 1455458
10000, 4000, 6000, 1, 2512958
10000, 5000, 5000, 1, 3489667
650, 325, 325, 1, 19541
650, 350, 300, 1, 20584
650, 300, 350, 1, 17584
1000, 500, 500, 1, 28833
1000, 700, 300, 1, 517958
2500, 1250, 1250, 1, 1051625
2500, 1000, 1500, 1, 789917
5000, 2500, 2500, 1, 1970875
5000, 3000, 2000, 1, 2358292
8000, 4000, 4000, 1, 2550125
8000, 2000, 6000, 1, 1476875
10000, 4000, 6000, 1, 2528667
10000, 5000, 5000, 1, 3390042
650, 325, 325, 1, 18500
650, 350, 300, 1, 19875
650, 300, 350, 1, 17166
1000, 500, 500, 1, 33042
1000, 700, 300, 1, 534708
2500, 1250, 1250, 1, 1066542
2500, 1000, 1500, 1, 800709
5000, 2500, 2500, 1, 1908000
5000, 3000, 2000, 1, 2442417
8000, 4000, 4000, 1, 2530583
8000, 2000, 6000, 1, 1416334
10000, 4000, 6000, 1, 2578833
10000, 5000, 5000, 1, 3469250
650, 325, 325, 1, 19084
650, 350, 300, 1, 20458
650, 300, 350, 1, 17708
1000, 500, 500, 1, 28875
1000, 700, 300, 1, 536750
2500, 1250, 1250, 1, 1052334
2500, 1000, 1500, 1, 748084
5000, 2500, 2500, 1, 1866083
5000, 3000, 2000, 1, 2384416
8000, 4000, 4000, 1, 2521250
8000, 2000, 6000, 1, 1385709
10000, 4000, 6000, 1, 2501750
10000, 5000, 5000, 1, 3393416
650, 325, 325, 1, 18458
650, 350, 300, 1, 19792
650, 300, 350, 1, 16916
1000, 500, 500, 1, 28042
1000, 700, 300, 1, 509791
2500, 1250, 1250, 1, 1038542
2500, 1000, 1500, 1, 755292
5000, 2500, 2500, 1, 1914958
5000, 3000, 2000, 1, 2378459
8000, 4000, 4000, 1, 2480334
8000, 2000, 6000, 1, 1392208
10000, 4000, 6000, 1, 2562083
10000, 5000, 5000, 1, 3381333
650, 325, 325, 1, 18416
650, 350, 300, 1, 19708
650, 300, 350, 1, 17084
1000, 500, 500, 1, 29125
1000, 700, 300, 1, 511542
2500, 1250, 1250, 1, 1046416
2500, 1000, 1500, 1, 773292
5000, 2500, 2500, 1, 2005708
5000, 3000, 2000, 1, 2385500
8000, 4000, 4000, 1, 2607958
8000, 2000, 6000, 1, 1470042
10000, 4000, 6000, 1, 2604250
10000, 5000, 5000, 1, 3420000
650, 325, 325, 1, 19083
650, 350, 300, 1, 20542
650, 300, 350, 1, 17792
1000, 500, 500, 1, 29167
1000, 700, 300, 1, 522208
2500, 1250, 1250, 1, 1083709
2500, 1000, 1500, 1, 797958
5000, 2500, 2500, 1, 1937709
5000, 3000, 2000, 1, 2399792
8000, 4000, 4000, 1, 2555375
8000, 2000, 6000, 1, 1517958
10000, 4000, 6000, 1, 2654708
10000, 5000, 5000, 1, 3535000
650, 325, 325, 1, 19750
650, 350, 300, 1, 21166
650, 300, 350, 1, 18125
1000, 500, 500, 1, 28792
1000, 700, 300, 1, 528542
2500, 1250, 1250, 1, 1087500
2500, 1000, 1500, 1, 780083
5000, 2500, 2500, 1, 1961583
5000, 3000, 2000, 1, 2397167
8000, 4000, 4000, 1, 2486583
8000, 2000, 6000, 1, 1409250
10000, 4000, 6000, 1, 2510541
10000, 5000, 5000, 1, 3459583
650, 325, 325, 1, 19208
650, 350, 300, 1, 20334
650, 300, 350, 1, 17541
1000, 500, 500, 1, 29833
1000, 700, 300, 1, 517917
2500, 1250, 1250, 1, 1060417
2500, 1000, 1500, 1, 758125
5000, 2500, 2500, 1, 1918666
5000, 3000, 2000, 1, 2463916
8000, 4000, 4000, 1, 2546958
8000, 2000, 6000, 1, 1467417
10000, 4000, 6000, 1, 2639084
10000, 5000, 5000, 1, 3380041
650, 325, 325, 1, 18417
650, 350, 300, 1, 20333
650, 300, 350, 1, 17000
1000, 500, 500, 1, 28000
1000, 700, 300, 1, 513917
2500, 1250, 1250, 1, 1091750
2500, 1000, 1500, 1, 753375
5000, 2500, 2500, 1, 1926292
5000, 3000, 2000, 1, 2349500
8000, 4000, 4000, 1, 2534417
8000, 2000, 6000, 1, 1491542
10000, 4000, 6000, 1, 2552167
10000, 5000, 5000, 1, 3467708
650, 325, 325, 1, 19125
650, 350, 300, 1, 20583
650, 300, 350, 1, 17750
1000, 500, 500, 1, 31833
1000, 700, 300, 1, 530542
2500, 1250, 1250, 1, 1094875
2500, 1000, 1500, 1, 803000
5000, 2500, 2500, 1, 1946041
5000, 3000, 2000, 1, 2349208
8000, 4000, 4000, 1, 2683500
8000, 2000, 6000, 1, 1459875
10000, 4000, 6000, 1, 2538833
10000, 5000, 5000, 1, 3322709
650, 325, 325, 1, 28042
650, 350, 300, 1, 21166
650, 300, 350, 1, 18292
1000, 500, 500, 1, 29875
1000, 700, 300, 1, 563917
2500, 1250, 1250, 1, 1102500
2500, 1000, 1500, 1, 806125
5000, 2500, 2500, 1, 1981583
5000, 3000, 2000, 1, 2506250
8000, 4000, 4000, 1, 2608875
8000, 2000, 6000, 1, 1431833
10000, 4000, 6000, 1, 2638917
10000, 5000, 5000, 1, 3478458
650, 325, 325, 1, 22250
650, 350, 300, 1, 20334
650, 300, 350, 1, 17667
1000, 500, 500, 1, 28042
1000, 700, 300, 1, 549542
2500, 1250, 1250, 1, 1039667
2500, 1000, 1500, 1, 767667
5000, 2500, 2500, 1, 1899542
5000, 3000, 2000, 1, 2515834
8000, 4000, 4000, 1, 2617666
8000, 2000, 6000, 1, 1448959
10000, 4000, 6000, 1, 2617416
10000, 5000, 5000, 1, 3430416
650, 325, 325, 1, 19916
650, 350, 300, 1, 21292
650, 300, 350, 1, 17083
1000, 500, 500, 1, 28125
1000, 700, 300, 1, 531709
2500, 1250, 1250, 1, 1046708
2500, 1000, 1500, 1, 816250
5000, 2500, 2500, 1, 2037459
5000, 3000, 2000, 1, 2449167
8000, 4000, 4000, 1, 2556208
8000, 2000, 6000, 1, 1462375
10000, 4000, 6000, 1, 2696833
10000, 5000, 5000, 1, 3503250
650, 325, 325, 1, 18541
650, 350, 300, 1, 19791
650, 300, 350, 1, 17125
1000, 500, 500, 1, 28958
1000, 700, 300, 1, 515500
2500, 1250, 1250, 1, 1052542
2500, 1000, 1500, 1, 759417
5000, 2500, 2500, 1, 1974916
5000, 3000, 2000, 1, 2427625
8000, 4000, 4000, 1, 2573542
8000, 2000, 6000, 1, 1469375
10000, 4000, 6000, 1, 2485000
10000, 5000, 5000, 1, 3515917
650, 325, 325, 1, 19208
650, 350, 300, 1, 19916
650, 300, 350, 1, 17042
1000, 500, 500, 1, 27959
1000, 700, 300, 1, 520167
2500, 1250, 1250, 1, 1061583
2500, 1000, 1500, 1, 761042
5000, 2500, 2500, 1, 1887792
5000, 3000, 2000, 1, 2440666
8000, 4000, 4000, 1, 2575416
8000, 2000, 6000, 1, 1440334
10000, 4000, 6000, 1, 2544709
10000, 5000, 5000, 1, 3387334
650, 325, 325, 1, 18542
650, 350, 300, 1, 20458
650, 300, 350, 1, 17000
1000, 500, 500, 1, 28083
1000, 700, 300, 1, 518792
2500, 1250, 1250, 1, 1048250
2500, 1000, 1500, 1, 764417
5000, 2500, 2500, 1, 1963709
5000, 3000, 2000, 1, 2364584
8000, 4000, 4000, 1, 2484375
8000, 2000, 6000, 1, 1451250
10000, 4000, 6000, 1, 2530458
10000, 5000, 5000, 1, 3374500
650, 325, 325, 1, 18542
650, 350, 300, 1, 19834
650, 300, 350, 1, 17166
1000, 500, 500, 1, 28083
1000, 700, 300, 1, 514959
2500, 1250, 1250, 1, 1050042
2500, 1000, 1500, 1, 766375
5000, 2500, 2500, 1, 1887167
5000, 3000, 2000, 1, 2376708
8000, 4000, 4000, 1, 2487208
8000, 2000, 6000, 1, 1411625
10000, 4000, 6000, 1, 2492000
10000, 5000, 5000, 1, 3364208
650, 325, 325, 1, 19375
650, 350, 300, 1, 19917
650, 300, 350, 1, 17125
1000, 500, 500, 1, 28000
1000, 700, 300, 1, 518792
2500, 1250, 1250, 1, 1051167
2500, 1000, 1500, 1, 766500
5000, 2500, 2500, 1, 1890250
5000, 3000, 2000, 1, 2392875
8000, 4000, 4000, 1, 2490417
8000, 2000, 6000, 1, 1410875
10000, 4000, 6000, 1, 2492291
10000, 5000, 5000, 1, 3365708
650, 325, 325, 1, 18334
650, 350, 300, 1, 19792
650, 300, 350, 1, 17083
1000, 500, 500, 1, 27959
1000, 700, 300, 1, 525958
2500, 1250, 1250, 1, 1056375
2500, 1000, 1500, 1, 768209
5000, 2500, 2500, 1, 1898625
5000, 3000, 2000, 1, 2368250
8000, 4000, 4000, 1, 2503583
8000, 2000, 6000, 1, 1415375
10000, 4000, 6000, 1, 2504000
10000, 5000, 5000, 1, 3391458
650, 325, 325, 1, 18583
650, 350, 300, 1, 19917
650, 300, 350, 1, 16917
1000, 500, 500, 1, 28042
1000, 700, 300, 1, 517500
2500, 1250, 1250, 1, 1057542
2500, 1000, 1500, 1, 770083
5000, 2500, 2500, 1, 1899208
5000, 3000, 2000, 1, 2386625
8000, 4000, 4000, 1, 2504042
8000, 2000, 6000, 1, 1421875
10000, 4000, 6000, 1, 2500500
10000, 5000, 5000, 1, 3385333
650, 325, 325, 1, 18417
650, 350, 300, 1, 19791
650, 300, 350, 1, 17042
1000, 500, 500, 1, 27917
1000, 700, 300, 1, 518250
2500, 1250, 1250, 1, 1071250
2500, 1000, 1500, 1, 767750
5000, 2500, 2500, 1, 1904750
5000, 3000, 2000, 1, 2375000
8000, 4000, 4000, 1, 2502666
8000, 2000, 6000, 1, 1449542
10000, 4000, 6000, 1, 2504375
10000, 5000, 5000, 1, 3387750
650, 325, 325, 1, 18375
650, 350, 300, 1, 19917
650, 300, 350, 1, 17083
1000, 500, 500, 1, 27917
1000, 700, 300, 1, 519042
2500, 1250, 1250, 1, 1061625
2500, 1000, 1500, 1, 771375
5000, 2500, 2500, 1, 1908458
5000, 3000, 2000, 1, 2380084
8000, 4000, 4000, 1, 2509375
8000, 2000, 6000, 1, 1425750
10000, 4000, 6000, 1, 2506167
10000, 5000, 5000, 1, 3396125
650, 325, 325, 1, 18459
650, 350, 300, 1, 19791
650, 300, 350, 1, 17167
1000, 500, 500, 1, 28125
1000, 700, 300, 1, 519666
2500, 1250, 1250, 1, 1062542
2500, 1000, 1500, 1, 820833
5000, 2500, 2500, 1, 1957000
5000, 3000, 2000, 1, 2388791
8000, 4000, 4000, 1, 2510375
8000, 2000, 6000, 1, 1429834
10000, 4000, 6000, 1, 2513334
10000, 5000, 5000, 1, 3431042
650, 325, 325, 1, 18542
650, 350, 300, 1, 19792
650, 300, 350, 1, 17167
1000, 500, 500, 1, 28083
1000, 700, 300, 1, 520625
2500, 1250, 1250, 1, 1063459
2500, 1000, 1500, 1, 827500
5000, 2500, 2500, 1, 1910500
5000, 3000, 2000, 1, 2385292
8000, 4000, 4000, 1, 2519083
8000, 2000, 6000, 1, 1450209
10000, 4000, 6000, 1, 2551667
10000, 5000, 5000, 1, 3431542
650, 325, 325, 1, 18458
650, 350, 300, 1, 19834
650, 300, 350, 1, 17084
1000, 500, 500, 1, 28083
1000, 700, 300, 1, 526708
2500, 1250, 1250, 1, 1061000
2500, 1000, 1500, 1, 777625
5000, 2500, 2500, 1, 1942291
5000, 3000, 2000, 1, 2385833
8000, 4000, 4000, 1, 2555084
8000, 2000, 6000, 1, 1434875
10000, 4000, 6000, 1, 2542583
10000, 5000, 5000, 1, 3408250
650, 325, 325, 1, 18417
650, 350, 300, 1, 19833
650, 300, 350, 1, 17208
1000, 500, 500, 1, 28041
1000, 700, 300, 1, 535833
2500, 1250, 1250, 1, 1065334
2500, 1000, 1500, 1, 782417
5000, 2500, 2500, 1, 1934750
5000, 3000, 2000, 1, 2389542
8000, 4000, 4000, 1, 2552958
8000, 2000, 6000, 1, 1430958
10000, 4000, 6000, 1, 2543667
10000, 5000, 5000, 1, 3419833
650, 325, 325, 1, 18542
650, 350, 300, 1, 20541
650, 300, 350, 1, 17041
1000, 500, 500, 1, 28250
1000, 700, 300, 1, 523208
2500, 1250, 1250, 1, 1068875
2500, 1000, 1500, 1, 774583
5000, 2500, 2500, 1, 1935125
5000, 3000, 2000, 1, 2414125
8000, 4000, 4000, 1, 2530958
8000, 2000, 6000, 1, 1446417
10000, 4000, 6000, 1, 2528875
10000, 5000, 5000, 1, 3438584
650, 325, 325, 1, 18542
650, 350, 300, 1, 19709
650, 300, 350, 1, 17042
1000, 500, 500, 1, 28041
1000, 700, 300, 1, 523791
2500, 1250, 1250, 1, 1080542
2500, 1000, 1500, 1, 775875
5000, 2500, 2500, 1, 1921792
5000, 3000, 2000, 1, 2426959
8000, 4000, 4000, 1, 2551041
8000, 2000, 6000, 1, 1438125
10000, 4000, 6000, 1, 2535625
10000, 5000, 5000, 1, 3432959
650, 325, 325, 1, 18416
650, 350, 300, 1, 20000
650, 300, 350, 1, 17125
1000, 500, 500, 1, 28000
1000, 700, 300, 1, 524625
2500, 1250, 1250, 1, 1072667
2500, 1000, 1500, 1, 780208
5000, 2500, 2500, 1, 1928541
5000, 3000, 2000, 1, 2405792
8000, 4000, 4000, 1, 2537042
8000, 2000, 6000, 1, 1441458
10000, 4000, 6000, 1, 2554250
10000, 5000, 5000, 1, 3429417
650, 325, 325, 1, 18458
650, 350, 300, 1, 20000
650, 300, 350, 1, 17083
1000, 500, 500, 1, 27875
1000, 700, 300, 1, 525666
2500, 1250, 1250, 1, 1074625
2500, 1000, 1500, 1, 778791
5000, 2500, 2500, 1, 1926500
5000, 3000, 2000, 1, 2413084
8000, 4000, 4000, 1, 2536459
8000, 2000, 6000, 1, 1470459
10000, 4000, 6000, 1, 2561167
10000, 5000, 5000, 1, 3448083
650, 325, 325, 1, 18458
650, 350, 300, 1, 19750
650, 300, 350, 1, 17167
1000, 500, 500, 1, 28084
1000, 700, 300, 1, 540000
2500, 1250, 1250, 1, 1085292
2500, 1000, 1500, 1, 782667
5000, 2500, 2500, 1, 1933459
5000, 3000, 2000, 1, 2421834
8000, 4000, 4000, 1, 2539375
8000, 2000, 6000, 1, 1442708
10000, 4000, 6000, 1, 2565417
10000, 5000, 5000, 1, 3460167
650, 325, 325, 1, 18500
650, 350, 300, 1, 19958
650, 300, 350, 1, 17916
1000, 500, 500, 1, 28083
1000, 700, 300, 1, 529875
2500, 1250, 1250, 1, 1072333
2500, 1000, 1500, 1, 782084
5000, 2500, 2500, 1, 1948708
5000, 3000, 2000, 1, 2424917
8000, 4000, 4000, 1, 2573125
8000, 2000, 6000, 1, 1445167
10000, 4000, 6000, 1, 2545833
10000, 5000, 5000, 1, 3461666
650, 325, 325, 1, 18542
650, 350, 300, 1, 19834
650, 300, 350, 1, 17250
1000, 500, 500, 1, 28166
1000, 700, 300, 1, 532917
2500, 1250, 1250, 1, 1077209
2500, 1000, 1500, 1, 796167
5000, 2500, 2500, 1, 1937834
5000, 3000, 2000, 1, 2424833
8000, 4000, 4000, 1, 2547667
8000, 2000, 6000, 1, 1460667
10000, 4000, 6000, 1, 2544916
10000, 5000, 5000, 1, 3488375
650, 325, 325, 1, 18500
650, 350, 300, 1, 19834
650, 300, 350, 1, 17084
1000, 500, 500, 1, 28125
1000, 700, 300, 1, 528625
2500, 1250, 1250, 1, 1078417
2500, 1000, 1500, 1, 783042
5000, 2500, 2500, 1, 1952750
5000, 3000, 2000, 1, 2429208
8000, 4000, 4000, 1, 2567791
8000, 2000, 6000, 1, 1448875
10000, 4000, 6000, 1, 2556875
10000, 5000, 5000, 1, 3467583
650, 325, 325, 1, 18458
650, 350, 300, 1, 19750
650, 300, 350, 1, 17042
1000, 500, 500, 1, 27833
1000, 700, 300, 1, 532083
2500, 1250, 1250, 1, 1077042
2500, 1000, 1500, 1, 793250
5000, 2500, 2500, 1, 1954834
5000, 3000, 2000, 1, 2420375
8000, 4000, 4000, 1, 2554958
8000, 2000, 6000, 1, 1459042
10000, 4000, 6000, 1, 2551917
10000, 5000, 5000, 1, 3467292
650, 325, 325, 1, 18417
650, 350, 300, 1, 19792
650, 300, 350, 1, 17166
1000, 500, 500, 1, 27959
1000, 700, 300, 1, 530708
2500, 1250, 1250, 1, 1079000
2500, 1000, 1500, 1, 789291
5000, 2500, 2500, 1, 1986875
5000, 3000, 2000, 1, 2562708
8000, 4000, 4000, 1, 2698833
8000, 2000, 6000, 1, 1470334
10000, 4000, 6000, 1, 2575291
10000, 5000, 5000, 1, 3459791
650, 325, 325, 1, 18500
650, 350, 300, 1, 19792
650, 300, 350, 1, 17167
1000, 500, 500, 1, 28083
1000, 700, 300, 1, 530959
2500, 1250, 1250, 1, 1083292
2500, 1000, 1500, 1, 789542
5000, 2500, 2500, 1, 1961083
5000, 3000, 2000, 1, 2432625
8000, 4000, 4000, 1, 2563750
8000, 2000, 6000, 1, 1455792
10000, 4000, 6000, 1, 2562709
10000, 5000, 5000, 1, 3479625
650, 325, 325, 1, 19083
650, 350, 300, 1, 19791
650, 300, 350, 1, 17208
1000, 500, 500, 1, 27958
1000, 700, 300, 1, 531916
2500, 1250, 1250, 1, 1087042
2500, 1000, 1500, 1, 792291
5000, 2500, 2500, 1, 1952666
5000, 3000, 2000, 1, 2434708
8000, 4000, 4000, 1, 2569208
8000, 2000, 6000, 1, 1464583
10000, 4000, 6000, 1, 2564083
10000, 5000, 5000, 1, 3514542
650, 325, 325, 1, 18375
650, 350, 300, 1, 19875
650, 300, 350, 1, 17500
1000, 500, 500, 1, 28041
1000, 700, 300, 1, 535542
2500, 1250, 1250, 1, 1088000
2500, 1000, 1500, 1, 791916
5000, 2500, 2500, 1, 1956625
5000, 3000, 2000, 1, 2448625
8000, 4000, 4000, 1, 2582708
8000, 2000, 6000, 1, 1460500
10000, 4000, 6000, 1, 2573000
10000, 5000, 5000, 1, 3491334
650, 325, 325, 1, 18459
650, 350, 300, 1, 20000
650, 300, 350, 1, 17042
1000, 500, 500, 1, 28000
1000, 700, 300, 1, 533292
2500, 1250, 1250, 1, 1089750
2500, 1000, 1500, 1, 793084
5000, 2500, 2500, 1, 1961125
5000, 3000, 2000, 1, 2461541
8000, 4000, 4000, 1, 2574083
8000, 2000, 6000, 1, 1462667
10000, 4000, 6000, 1, 2571541
10000, 5000, 5000, 1, 3484208
650, 325, 325, 1, 18500
650, 350, 300, 1, 19833
650, 300, 350, 1, 16958
1000, 500, 500, 1, 28084
1000, 700, 300, 1, 534125
2500, 1250, 1250, 1, 1087167
2500, 1000, 1500, 1, 794792
5000, 2500, 2500, 1, 1959250
5000, 3000, 2000, 1, 2444958
8000, 4000, 4000, 1, 2575416
8000, 2000, 6000, 1, 1467209
10000, 4000, 6000, 1, 2575208
10000, 5000, 5000, 1, 3529750
650, 325, 325, 1, 19167
650, 350, 300, 1, 19875
650, 300, 350, 1, 17125
1000, 500, 500, 1, 28000
1000, 700, 300, 1, 539416
2500, 1250, 1250, 1, 1106750
2500, 1000, 1500, 1, 806292
5000, 2500, 2500, 1, 1961417
5000, 3000, 2000, 1, 2452792
8000, 4000, 4000, 1, 2622542
8000, 2000, 6000, 1, 1466500
10000, 4000, 6000, 1, 2613583
10000, 5000, 5000, 1, 3491250
650, 325, 325, 1, 18708
650, 350, 300, 1, 19958
650, 300, 350, 1, 17167
1000, 500, 500, 1, 28000
1000, 700, 300, 1, 541125
2500, 1250, 1250, 1, 1093125
2500, 1000, 1500, 1, 793875
5000, 2500, 2500, 1, 1982875
5000, 3000, 2000, 1, 2456458
8000, 4000, 4000, 1, 2606708
8000, 2000, 6000, 1, 1550375
10000, 4000, 6000, 1, 2618583
10000, 5000, 5000, 1, 3504125
650, 325, 325, 1, 18500
650, 350, 300, 1, 19833
650, 300, 350, 1, 17167
1000, 500, 500, 1, 28042
1000, 700, 300, 1, 542667
2500, 1250, 1250, 1, 1092250
2500, 1000, 1500, 1, 801666
5000, 2500, 2500, 1, 1969458
5000, 3000, 2000, 1, 2456583
8000, 4000, 4000, 1, 2587583
8000, 2000, 6000, 1, 1475750
10000, 4000, 6000, 1, 2593958
10000, 5000, 5000, 1, 3499708
650, 325, 325, 1, 18417
650, 350, 300, 1, 19916
650, 300, 350, 1, 17750
1000, 500, 500, 1, 28083
1000, 700, 300, 1, 537125
2500, 1250, 1250, 1, 1094541
2500, 1000, 1500, 1, 798875
5000, 2500, 2500, 1, 1984916
5000, 3000, 2000, 1, 2480458
8000, 4000, 4000, 1, 2601291
8000, 2000, 6000, 1, 1481666
10000, 4000, 6000, 1, 2592083
10000, 5000, 5000, 1, 3575791
650, 325, 325, 1, 18458
650, 350, 300, 1, 19791
650, 300, 350, 1, 17000
1000, 500, 500, 1, 28083
1000, 700, 300, 1, 538333
2500, 1250, 1250, 1, 1101416
2500, 1000, 1500, 1, 800125
5000, 2500, 2500, 1, 1985416
5000, 3000, 2000, 1, 2479042
8000, 4000, 4000, 1, 2597583
8000, 2000, 6000, 1, 1478583
10000, 4000, 6000, 1, 2619333
10000, 5000, 5000, 1, 3529375
650, 325, 325, 1, 18375
650, 350, 300, 1, 19833
650, 300, 350, 1, 17041
1000, 500, 500, 1, 28083
1000, 700, 300, 1, 544500
2500, 1250, 1250, 1, 1104667
2500, 1000, 1500, 1, 803916
5000, 2500, 2500, 1, 1978959
5000, 3000, 2000, 1, 2481000
8000, 4000, 4000, 1, 2634625
8000, 2000, 6000, 1, 1517209
10000, 4000, 6000, 1, 2606125
10000, 5000, 5000, 1, 3542542
650, 325, 325, 1, 18542
650, 350, 300, 1, 19750
650, 300, 350, 1, 17167
1000, 500, 500, 1, 28167
1000, 700, 300, 1, 539834
2500, 1250, 1250, 1, 1102167
2500, 1000, 1500, 1, 801292
5000, 2500, 2500, 1, 1982291
5000, 3000, 2000, 1, 2487958
8000, 4000, 4000, 1, 2609666
8000, 2000, 6000, 1, 1479917
10000, 4000, 6000, 1, 2607459
10000, 5000, 5000, 1, 3530958
650, 325, 325, 1, 33209
650, 350, 300, 1, 19792
650, 300, 350, 1, 17125
1000, 500, 500, 1, 27958
1000, 700, 300, 1, 543333
2500, 1250, 1250, 1, 1103584
2500, 1000, 1500, 1, 803792
5000, 2500, 2500, 1, 1993750
5000, 3000, 2000, 1, 2473500
8000, 4000, 4000, 1, 2604083
8000, 2000, 6000, 1, 1484708
10000, 4000, 6000, 1, 2618209
10000, 5000, 5000, 1, 3523958
650, 325, 325, 1, 18416
650, 350, 300, 1, 19833
650, 300, 350, 1, 17500
1000, 500, 500, 1, 28042
1000, 700, 300, 1, 541208
2500, 1250, 1250, 1, 1104792
2500, 1000, 1500, 1, 802416
5000, 2500, 2500, 1, 1988084
5000, 3000, 2000, 1, 2490500
8000, 4000, 4000, 1, 2620625
8000, 2000, 6000, 1, 1492667
10000, 4000, 6000, 1, 2608041
10000, 5000, 5000, 1, 3631417
650, 325, 325, 1, 18459
650, 350, 300, 1, 19750
650, 300, 350, 1, 17083
1000, 500, 500, 1, 28042
1000, 700, 300, 1, 542167
2500, 1250, 1250, 1, 1107459
2500, 1000, 1500, 1, 817667
5000, 2500, 2500, 1, 1989500
5000, 3000, 2000, 1, 2481500
8000, 4000, 4000, 1, 2621333
8000, 2000, 6000, 1, 1496750
10000, 4000, 6000, 1, 2615334
10000, 5000, 5000, 1, 3546542
650, 325, 325, 1, 18583
650, 350, 300, 1, 21542
650, 300, 350, 1, 17625
1000, 500, 500, 1, 29792
1000, 700, 300, 1, 554625
2500, 1250, 1250, 1, 1106292
2500, 1000, 1500, 1, 808833
5000, 2500, 2500, 1, 2000667
5000, 3000, 2000, 1, 2489209
8000, 4000, 4000, 1, 2651667
8000, 2000, 6000, 1, 1486958
10000, 4000, 6000, 1, 2618166
10000, 5000, 5000, 1, 3581458
650, 325, 325, 1, 18500
650, 350, 300, 1, 19875
650, 300, 350, 1, 17333
1000, 500, 500, 1, 28042
1000, 700, 300, 1, 543708
2500, 1250, 1250, 1, 1112250
2500, 1000, 1500, 1, 808334
5000, 2500, 2500, 1, 2027459
5000, 3000, 2000, 1, 2496958
8000, 4000, 4000, 1, 2619875
8000, 2000, 6000, 1, 1492000
10000, 4000, 6000, 1, 2628375
10000, 5000, 5000, 1, 3547958
650, 325, 325, 1, 18583
650, 350, 300, 1, 19834
650, 300, 350, 1, 17083
1000, 500, 500, 1, 28167
1000, 700, 300, 1, 548750
2500, 1250, 1250, 1, 1109208
2500, 1000, 1500, 1, 809875
5000, 2500, 2500, 1, 1997167
5000, 3000, 2000, 1, 2494750
8000, 4000, 4000, 1, 2626166
8000, 2000, 6000, 1, 1502667
10000, 4000, 6000, 1, 2625166
10000, 5000, 5000, 1, 3557542
650, 325, 325, 1, 18459
650, 350, 300, 1, 19875
650, 300, 350, 1, 17125
1000, 500, 500, 1, 27917
1000, 700, 300, 1, 545458
2500, 1250, 1250, 1, 1114209
2500, 1000, 1500, 1, 808334
5000, 2500, 2500, 1, 2000209
5000, 3000, 2000, 1, 2500792
8000, 4000, 4000, 1, 2630542
8000, 2000, 6000, 1, 1494625
10000, 4000, 6000, 1, 2627125
10000, 5000, 5000, 1, 3564125
650, 325, 325, 1, 18458
650, 350, 300, 1, 19791
650, 300, 350, 1, 17084
1000, 500, 500, 1, 28000
1000, 700, 300, 1, 548750
2500, 1250, 1250, 1, 1112333
2500, 1000, 1500, 1, 812541
5000, 2500, 2500, 1, 2002583
5000, 3000, 2000, 1, 2501292
8000, 4000, 4000, 1, 2658334
8000, 2000, 6000, 1, 1501500
10000, 4000, 6000, 1, 2633750
10000, 5000, 5000, 1, 3562667
650, 325, 325, 1, 18417
650, 350, 300, 1, 19750
650, 300, 350, 1, 17083
1000, 500, 500, 1, 28083
1000, 700, 300, 1, 546916
2500, 1250, 1250, 1, 1117000
2500, 1000, 1500, 1, 813250
5000, 2500, 2500, 1, 2006125
5000, 3000, 2000, 1, 2505292
8000, 4000, 4000, 1, 2635458
8000, 2000, 6000, 1, 1499166
10000, 4000, 6000, 1, 2637042
10000, 5000, 5000, 1, 3567292
650, 325, 325, 1, 18417
650, 350, 300, 1, 19791
650, 300, 350, 1, 17166
1000, 500, 500, 1, 27958
1000, 700, 300, 1, 550750
2500, 1250, 1250, 1, 1118750
2500, 1000, 1500, 1, 814208
5000, 2500, 2500, 1, 2014084
5000, 3000, 2000, 1, 2506750
8000, 4000, 4000, 1, 2640584
8000, 2000, 6000, 1, 1504625
10000, 4000, 6000, 1, 2640541
10000, 5000, 5000, 1, 3585416
650, 325, 325, 1, 18416
650, 350, 300, 1, 19875
650, 300, 350, 1, 17041
1000, 500, 500, 1, 27958
1000, 700, 300, 1, 548791
2500, 1250, 1250, 1, 1120666
2500, 1000, 1500, 1, 815750
5000, 2500, 2500, 1, 2055167
5000, 3000, 2000, 1, 2516500
8000, 4000, 4000, 1, 2642166
8000, 2000, 6000, 1, 1503417
10000, 4000, 6000, 1, 2642583
10000, 5000, 5000, 1, 3597542
650, 325, 325, 1, 18542
650, 350, 300, 1, 19791
650, 300, 350, 1, 17292
1000, 500, 500, 1, 28209
1000, 700, 300, 1, 550541
2500, 1250, 1250, 1, 1162125
2500, 1000, 1500, 1, 835417
5000, 2500, 2500, 1, 2017500
5000, 3000, 2000, 1, 2527000
8000, 4000, 4000, 1, 2683542
8000, 2000, 6000, 1, 1505875
10000, 4000, 6000, 1, 2699875
10000, 5000, 5000, 1, 3712042
650, 325, 325, 1, 19167
650, 350, 300, 1, 20334
650, 300, 350, 1, 17625
1000, 500, 500, 1, 29000
1000, 700, 300, 1, 569250
2500, 1250, 1250, 1, 1130042
2500, 1000, 1500, 1, 853667
5000, 2500, 2500, 1, 2064542
5000, 3000, 2000, 1, 2654958
8000, 4000, 4000, 1, 2699417
8000, 2000, 6000, 1, 1519208
10000, 4000, 6000, 1, 2671000
10000, 5000, 5000, 1, 3634083
650, 325, 325, 1, 19125
650, 350, 300, 1, 20584
650, 300, 350, 1, 17625
1000, 500, 500, 1, 28583
1000, 700, 300, 1, 550917
2500, 1250, 1250, 1, 1130709
2500, 1000, 1500, 1, 819375
5000, 2500, 2500, 1, 2095125
5000, 3000, 2000, 1, 2547750
8000, 4000, 4000, 1, 2691625
8000, 2000, 6000, 1, 1533500
10000, 4000, 6000, 1, 2695208
10000, 5000, 5000, 1, 3709167
650, 325, 325, 1, 18583
650, 350, 300, 1, 21167
650, 300, 350, 1, 17083
1000, 500, 500, 1, 27917
1000, 700, 300, 1, 551541
2500, 1250, 1250, 1, 1174958
2500, 1000, 1500, 1, 817708
5000, 2500, 2500, 1, 2094667
5000, 3000, 2000, 1, 2570875
8000, 4000, 4000, 1, 2757041
8000, 2000, 6000, 1, 1574250
10000, 4000, 6000, 1, 2752209
10000, 5000, 5000, 1, 3766416
650, 325, 325, 1, 20417
650, 350, 300, 1, 20375
650, 300, 350, 1, 17084
1000, 500, 500, 1, 28167
1000, 700, 300, 1, 564208
2500, 1250, 1250, 1, 1140500
2500, 1000, 1500, 1, 837042
5000, 2500, 2500, 1, 2037500
5000, 3000, 2000, 1, 2603208
8000, 4000, 4000, 1, 2819917
8000, 2000, 6000, 1, 1608333
10000, 4000, 6000, 1, 2695333
10000, 5000, 5000, 1, 3632458
650, 325, 325, 1, 18542
650, 350, 300, 1, 19750
650, 300, 350, 1, 17000
1000, 500, 500, 1, 30125
1000, 700, 300, 1, 577875
2500, 1250, 1250, 1, 1155417
2500, 1000, 1500, 1, 880625
5000, 2500, 2500, 1, 2144875
5000, 3000, 2000, 1, 2602666
8000, 4000, 4000, 1, 2785166
8000, 2000, 6000, 1, 1643959
10000, 4000, 6000, 1, 2841416
10000, 5000, 5000, 1, 3824750
650, 325, 325, 1, 21000
650, 350, 300, 1, 19958
650, 300, 350, 1, 17125
1000, 500, 500, 1, 28166
1000, 700, 300, 1, 585708
2500, 1250, 1250, 1, 1151000
2500, 1000, 1500, 1, 838208
5000, 2500, 2500, 1, 2089000
5000, 3000, 2000, 1, 2639708
8000, 4000, 4000, 1, 2839375
8000, 2000, 6000, 1, 1646875
10000, 4000, 6000, 1, 2812959
10000, 5000, 5000, 1, 3787708
650, 325, 325, 1, 18625
650, 350, 300, 1, 20958
650, 300, 350, 1, 17750
1000, 500, 500, 1, 27916
1000, 700, 300, 1, 574708
2500, 1250, 1250, 1, 1211875
2500, 1000, 1500, 1, 866959
5000, 2500, 2500, 1, 2219667
5000, 3000, 2000, 1, 2568584
8000, 4000, 4000, 1, 2761584
8000, 2000, 6000, 1, 1527292
10000, 4000, 6000, 1, 2802333
10000, 5000, 5000, 1, 3757792
650, 325, 325, 1, 18459
650, 350, 300, 1, 20417
650, 300, 350, 1, 17083
1000, 500, 500, 1, 28167
1000, 700, 300, 1, 556334
2500, 1250, 1250, 1, 1145000
2500, 1000, 1500, 1, 826958
5000, 2500, 2500, 1, 2096916
5000, 3000, 2000, 1, 2666875
8000, 4000, 4000, 1, 2871792
8000, 2000, 6000, 1, 1592500
10000, 4000, 6000, 1, 2818208
10000, 5000, 5000, 1, 3875542
650, 325, 325, 1, 19875
650, 350, 300, 1, 21041
650, 300, 350, 1, 17625
1000, 500, 500, 1, 28875
1000, 700, 300, 1, 576875
2500, 1250, 1250, 1, 1184209
2500, 1000, 1500, 1, 852750
5000, 2500, 2500, 1, 2098583
5000, 3000, 2000, 1, 2651083
8000, 4000, 4000, 1, 2803208
8000, 2000, 6000, 1, 1622417
10000, 4000, 6000, 1, 2707792
10000, 5000, 5000, 1, 3663959
650, 325, 325, 1, 18458
650, 350, 300, 1, 19792
650, 300, 350, 1, 17083
1000, 500, 500, 1, 28042
1000, 700, 300, 1, 600875
2500, 1250, 1250, 1, 1178041
2500, 1000, 1500, 1, 833083
5000, 2500, 2500, 1, 2055791
5000, 3000, 2000, 1, 2565500
8000, 4000, 4000, 1, 2871125
8000, 2000, 6000, 1, 1629625
10000, 4000, 6000, 1, 2793791
10000, 5000, 5000, 1, 3864333
650, 325, 325, 1, 18792
650, 350, 300, 1, 20042
650, 300, 350, 1, 17208
1000, 500, 500, 1, 28166
1000, 700, 300, 1, 558458
2500, 1250, 1250, 1, 1141833
2500, 1000, 1500, 1, 830542
5000, 2500, 2500, 1, 2062625
5000, 3000, 2000, 1, 2602917
8000, 4000, 4000, 1, 2816708
8000, 2000, 6000, 1, 1552375
10000, 4000, 6000, 1, 2837667
10000, 5000, 5000, 1, 3830958
650, 325, 325, 1, 18583
650, 350, 300, 1, 19791
650, 300, 350, 1, 17709
1000, 500, 500, 1, 30125
1000, 700, 300, 1, 598667
2500, 1250, 1250, 1, 1198292
2500, 1000, 1500, 1, 880667
5000, 2500, 2500, 1, 2174917
5000, 3000, 2000, 1, 2660083
8000, 4000, 4000, 1, 2886875
8000, 2000, 6000, 1, 1578750
10000, 4000, 6000, 1, 2822334
10000, 5000, 5000, 1, 3664625
650, 325, 325, 1, 19041
650, 350, 300, 1, 20958
650, 300, 350, 1, 35084
1000, 500, 500, 1, 30083
1000, 700, 300, 1, 584417
2500, 1250, 1250, 1, 1150292
2500, 1000, 1500, 1, 850541
5000, 2500, 2500, 1, 2093958
5000, 3000, 2000, 1, 2591375
8000, 4000, 4000, 1, 2750625
8000, 2000, 6000, 1, 1533416
10000, 4000, 6000, 1, 2731083
10000, 5000, 5000, 1, 3915542
650, 325, 325, 1, 19625
650, 350, 300, 1, 20334
650, 300, 350, 1, 17625
1000, 500, 500, 1, 30167
1000, 700, 300, 1, 560541
2500, 1250, 1250, 1, 1146250
2500, 1000, 1500, 1, 867833
5000, 2500, 2500, 1, 2150708
5000, 3000, 2000, 1, 2653583
8000, 4000, 4000, 1, 2760750
8000, 2000, 6000, 1, 1539458
10000, 4000, 6000, 1, 2781041
10000, 5000, 5000, 1, 3856583
650, 325, 325, 1, 20208
650, 350, 300, 1, 19875
650, 300, 350, 1, 17083
1000, 500, 500, 1, 28042
1000, 700, 300, 1, 569167
2500, 1250, 1250, 1, 1150709
2500, 1000, 1500, 1, 842666
5000, 2500, 2500, 1, 2170125
5000, 3000, 2000, 1, 2699416
8000, 4000, 4000, 1, 2802000
8000, 2000, 6000, 1, 1619792
10000, 4000, 6000, 1, 2763042
10000, 5000, 5000, 1, 3900167
650, 325, 325, 1, 19000
650, 350, 300, 1, 20542
650, 300, 350, 1, 17167
1000, 500, 500, 1, 28084
1000, 700, 300, 1, 567500
2500, 1250, 1250, 1, 1155208
2500, 1000, 1500, 1, 862000
5000, 2500, 2500, 1, 2087917
5000, 3000, 2000, 1, 2643917
8000, 4000, 4000, 1, 2805333
8000, 2000, 6000, 1, 1578458
10000, 4000, 6000, 1, 2850458
10000, 5000, 5000, 1, 3728375
650, 325, 325, 1, 18500
650, 350, 300, 1, 19792
650, 300, 350, 1, 17083
1000, 500, 500, 1, 31541
1000, 700, 300, 1, 563292
2500, 1250, 1250, 1, 1170541
2500, 1000, 1500, 1, 859875
5000, 2500, 2500, 1, 2136750
5000, 3000, 2000, 1, 2608958
8000, 4000, 4000, 1, 2796917
8000, 2000, 6000, 1, 1603209
10000, 4000, 6000, 1, 2735875
10000, 5000, 5000, 1, 3854292
650, 325, 325, 1, 18875
650, 350, 300, 1, 19833
650, 300, 350, 1, 17125
1000, 500, 500, 1, 28083
1000, 700, 300, 1, 568417
2500, 1250, 1250, 1, 1154458
2500, 1000, 1500, 1, 835542
5000, 2500, 2500, 1, 2074458
5000, 3000, 2000, 1, 2649292
8000, 4000, 4000, 1, 2845958
8000, 2000, 6000, 1, 1591708
10000, 4000, 6000, 1, 2806333
10000, 5000, 5000, 1, 3821291
650, 325, 325, 1, 19292
650, 350, 300, 1, 20625
650, 300, 350, 1, 17709
1000, 500, 500, 1, 28916
1000, 700, 300, 1, 598041
2500, 1250, 1250, 1, 1258750
2500, 1000, 1500, 1, 853750
5000, 2500, 2500, 1, 2090959
5000, 3000, 2000, 1, 2760125
8000, 4000, 4000, 1, 2837000
8000, 2000, 6000, 1, 1694083
10000, 4000, 6000, 1, 2782958
10000, 5000, 5000, 1, 3916791
650, 325, 325, 1, 19667
650, 350, 300, 1, 20833
650, 300, 350, 1, 17666
1000, 500, 500, 1, 29709
1000, 700, 300, 1, 591583
2500, 1250, 1250, 1, 1195958
2500, 1000, 1500, 1, 885625
5000, 2500, 2500, 1, 2248542
5000, 3000, 2000, 1, 2706791
8000, 4000, 4000, 1, 2794167
8000, 2000, 6000, 1, 1560083
10000, 4000, 6000, 1, 2879084
10000, 5000, 5000, 1, 3811084
650, 325, 325, 1, 18292
650, 350, 300, 1, 20041
650, 300, 350, 1, 17292
1000, 500, 500, 1, 28125
1000, 700, 300, 1, 574375
2500, 1250, 1250, 1, 1233708
2500, 1000, 1500, 1, 888292
5000, 2500, 2500, 1, 2139542
5000, 3000, 2000, 1, 2615250
8000, 4000, 4000, 1, 2834917
8000, 2000, 6000, 1, 1595541
10000, 4000, 6000, 1, 2781417
10000, 5000, 5000, 1, 3797500
650, 325, 325, 1, 19750
650, 350, 300, 1, 21042
650, 300, 350, 1, 17625
1000, 500, 500, 1, 30334
1000, 700, 300, 1, 599750
2500, 1250, 1250, 1, 1163000
2500, 1000, 1500, 1, 846667
5000, 2500, 2500, 1, 2141917
5000, 3000, 2000, 1, 2696917
8000, 4000, 4000, 1, 2824334
8000, 2000, 6000, 1, 1555750
10000, 4000, 6000, 1, 2826708
10000, 5000, 5000, 1, 3829125
650, 325, 325, 1, 18500
650, 350, 300, 1, 19792
650, 300, 350, 1, 17042
1000, 500, 500, 1, 28000
1000, 700, 300, 1, 576791
2500, 1250, 1250, 1, 1207000
2500, 1000, 1500, 1, 869541
5000, 2500, 2500, 1, 2229084
5000, 3000, 2000, 1, 2730083
8000, 4000, 4000, 1, 2842541
8000, 2000, 6000, 1, 1642500
10000, 4000, 6000, 1, 2858500
10000, 5000, 5000, 1, 3751042
650, 325, 325, 1, 20708
650, 350, 300, 1, 21167
650, 300, 350, 1, 17666
1000, 500, 500, 1, 30250
1000, 700, 300, 1, 580625
2500, 1250, 1250, 1, 1199250
2500, 1000, 1500, 1, 884208
5000, 2500, 2500, 1, 2102959
5000, 3000, 2000, 1, 2649375
8000, 4000, 4000, 1, 2936375
8000, 2000, 6000, 1, 1680125
10000, 4000, 6000, 1, 2927375
10000, 5000, 5000, 1, 3910583
650, 325, 325, 1, 19750
650, 350, 300, 1, 19917
650, 300, 350, 1, 17042
1000, 500, 500, 1, 28084
1000, 700, 300, 1, 621625
2500, 1250, 1250, 1, 1163958
2500, 1000, 1500, 1, 872416
5000, 2500, 2500, 1, 2135041
5000, 3000, 2000, 1, 2806708
8000, 4000, 4000, 1, 2931458
8000, 2000, 6000, 1, 1666708
10000, 4000, 6000, 1, 2759375
10000, 5000, 5000, 1, 3981709
650, 325, 325, 1, 25709
650, 350, 300, 1, 19875
650, 300, 350, 1, 17000
1000, 500, 500, 1, 28666
1000, 700, 300, 1, 572750
2500, 1250, 1250, 1, 1184167
2500, 1000, 1500, 1, 845166
5000, 2500, 2500, 1, 2093083
5000, 3000, 2000, 1, 2730709
8000, 4000, 4000, 1, 2887125
8000, 2000, 6000, 1, 1603458
10000, 4000, 6000, 1, 2821334
10000, 5000, 5000, 1, 3887917
650, 325, 325, 1, 18542
650, 350, 300, 1, 19834
650, 300, 350, 1, 17125
1000, 500, 500, 1, 27959
1000, 700, 300, 1, 586708
2500, 1250, 1250, 1, 1164125
2500, 1000, 1500, 1, 892625
5000, 2500, 2500, 1, 2157000
5000, 3000, 2000, 1, 2730041
8000, 4000, 4000, 1, 2895417
8000, 2000, 6000, 1, 1671917
10000, 4000, 6000, 1, 2859625
10000, 5000, 5000, 1, 3780208
650, 325, 325, 1, 19875
650, 350, 300, 1, 19917
650, 300, 350, 1, 17083
1000, 500, 500, 1, 27833
1000, 700, 300, 1, 574291
2500, 1250, 1250, 1, 1215708
2500, 1000, 1500, 1, 880333
5000, 2500, 2500, 1, 2147583
5000, 3000, 2000, 1, 2673500
8000, 4000, 4000, 1, 2917084
8000, 2000, 6000, 1, 1601083
10000, 4000, 6000, 1, 2790833
10000, 5000, 5000, 1, 3736625
650, 325, 325, 1, 18583
650, 350, 300, 1, 19959
650, 300, 350, 1, 17083
1000, 500, 500, 1, 28125
1000, 700, 300, 1, 596167
2500, 1250, 1250, 1, 1195042
2500, 1000, 1500, 1, 853917
5000, 2500, 2500, 1, 2236250
5000, 3000, 2000, 1, 2768917
8000, 4000, 4000, 1, 2819583
8000, 2000, 6000, 1, 1692667
10000, 4000, 6000, 1, 2873708
10000, 5000, 5000, 1, 3899250
650, 325, 325, 1, 18709
650, 350, 300, 1, 19833
650, 300, 350, 1, 17084
1000, 500, 500, 1, 27875
1000, 700, 300, 1, 583583
2500, 1250, 1250, 1, 1211542
2500, 1000, 1500, 1, 882583
5000, 2500, 2500, 1, 2170791
5000, 3000, 2000, 1, 2638209
8000, 4000, 4000, 1, 2847958
8000, 2000, 6000, 1, 1662584
10000, 4000, 6000, 1, 2779375
10000, 5000, 5000, 1, 3831542
650, 325, 325, 1, 19125
650, 350, 300, 1, 20667
650, 300, 350, 1, 16959
1000, 500, 500, 1, 28084
1000, 700, 300, 1, 600875
2500, 1250, 1250, 1, 1201292
2500, 1000, 1500, 1, 870584
5000, 2500, 2500, 1, 2108708
5000, 3000, 2000, 1, 2726208
8000, 4000, 4000, 1, 2861750
8000, 2000, 6000, 1, 1602791
10000, 4000, 6000, 1, 2853375
10000, 5000, 5000, 1, 3925417
650, 325, 325, 1, 40000
650, 350, 300, 1, 20625
650, 300, 350, 1, 18167
1000, 500, 500, 1, 29000
1000, 700, 300, 1, 633000
2500, 1250, 1250, 1, 1181250
2500, 1000, 1500, 1, 857250
5000, 2500, 2500, 1, 2134625
5000, 3000, 2000, 1, 2635625
8000, 4000, 4000, 1, 2905917
8000, 2000, 6000, 1, 1628000
10000, 4000, 6000, 1, 2792792
10000, 5000, 5000, 1, 3907583
650, 325, 325, 1, 20000
650, 350, 300, 1, 20500
650, 300, 350, 1, 18042
1000, 500, 500, 1, 28792
1000, 700, 300, 1, 597792
2500, 1250, 1250, 1, 1230458
2500, 1000, 1500, 1, 890000
5000, 2500, 2500, 1, 2158541
5000, 3000, 2000, 1, 2722625
8000, 4000, 4000, 1, 2869375
8000, 2000, 6000, 1, 1672500
10000, 4000, 6000, 1, 2893500
10000, 5000, 5000, 1, 3773667
650, 325, 325, 1, 18500
650, 350, 300, 1, 19833
650, 300, 350, 1, 41834
1000, 500, 500, 1, 27958
1000, 700, 300, 1, 637500
2500, 1250, 1250, 1, 1213334
2500, 1000, 1500, 1, 855750
5000, 2500, 2500, 1, 2190041
5000, 3000, 2000, 1, 2730792
8000, 4000, 4000, 1, 2846125
8000, 2000, 6000, 1, 1641750
10000, 4000, 6000, 1, 2876666
10000, 5000, 5000, 1, 3913667
650, 325, 325, 1, 19125
650, 350, 300, 1, 21083
650, 300, 350, 1, 17750
1000, 500, 500, 1, 29000
1000, 700, 300, 1, 601167
2500, 1250, 1250, 1, 1242917
2500, 1000, 1500, 1, 877834
5000, 2500, 2500, 1, 2185083
5000, 3000, 2000, 1, 2683500
8000, 4000, 4000, 1, 2873000
8000, 2000, 6000, 1, 1717166
10000, 4000, 6000, 1, 2839833
10000, 5000, 5000, 1, 3773459
650, 325, 325, 1, 18500
650, 350, 300, 1, 19834
650, 300, 350, 1, 17083
1000, 500, 500, 1, 28084
1000, 700, 300, 1, 601292
2500, 1250, 1250, 1, 1211458
2500, 1000, 1500, 1, 876792
5000, 2500, 2500, 1, 2191292
5000, 3000, 2000, 1, 2757666
8000, 4000, 4000, 1, 2860958
8000, 2000, 6000, 1, 1606375
10000, 4000, 6000, 1, 2842125
10000, 5000, 5000, 1, 3786916
650, 325, 325, 1, 18500
650, 350, 300, 1, 20000
650, 300, 350, 1, 17000
1000, 500, 500, 1, 41125
1000, 700, 300, 1, 591708
2500, 1250, 1250, 1, 1184167
2500, 1000, 1500, 1, 861458
5000, 2500, 2500, 1, 2221083
5000, 3000, 2000, 1, 2668250
8000, 4000, 4000, 1, 2843250
8000, 2000, 6000, 1, 1674875
10000, 4000, 6000, 1, 2803959
10000, 5000, 5000, 1, 3802208
650, 325, 325, 1, 18542
650, 350, 300, 1, 19792
650, 300, 350, 1, 19000
1000, 500, 500, 1, 30458
1000, 700, 300, 1, 585417
2500, 1250, 1250, 1, 1182917
2500, 1000, 1500, 1, 863083
5000, 2500, 2500, 1, 2126458
5000, 3000, 2000, 1, 2669542
8000, 4000, 4000, 1, 2824334
8000, 2000, 6000, 1, 1587958
10000, 4000, 6000, 1, 2816459
10000, 5000, 5000, 1, 3838125
650, 325, 325, 1, 18500
650, 350, 300, 1, 19791
650, 300, 350, 1, 17083
1000, 500, 500, 1, 27958
1000, 700, 300, 1, 583667
2500, 1250, 1250, 1, 1184791
2500, 1000, 1500, 1, 887666
5000, 2500, 2500, 1, 2150625
5000, 3000, 2000, 1, 2660709
8000, 4000, 4000, 1, 2834750
8000, 2000, 6000, 1, 1591625
10000, 4000, 6000, 1, 2819459
10000, 5000, 5000, 1, 3786542
650, 325, 325, 1, 18500
650, 350, 300, 1, 19917
650, 300, 350, 1, 17166
1000, 500, 500, 1, 28125
1000, 700, 300, 1, 584375
2500, 1250, 1250, 1, 1187458
2500, 1000, 1500, 1, 886667
5000, 2500, 2500, 1, 2134209
5000, 3000, 2000, 1, 2664958
8000, 4000, 4000, 1, 2827459
8000, 2000, 6000, 1, 1595667
10000, 4000, 6000, 1, 2826667
10000, 5000, 5000, 1, 3815541
650, 325, 325, 1, 18542
650, 350, 300, 1, 19916
650, 300, 350, 1, 17041
1000, 500, 500, 1, 29084
1000, 700, 300, 1, 583750
2500, 1250, 1250, 1, 1190166
2500, 1000, 1500, 1, 868667
5000, 2500, 2500, 1, 2143084
5000, 3000, 2000, 1, 2752917
8000, 4000, 4000, 1, 2888041
8000, 2000, 6000, 1, 1597167
10000, 4000, 6000, 1, 2826000
10000, 5000, 5000, 1, 3857333
650, 325, 325, 1, 18958
650, 350, 300, 1, 20459
650, 300, 350, 1, 17625
1000, 500, 500, 1, 28959
1000, 700, 300, 1, 594208
2500, 1250, 1250, 1, 1196333
2500, 1000, 1500, 1, 864791
5000, 2500, 2500, 1, 2187917
5000, 3000, 2000, 1, 2716667
8000, 4000, 4000, 1, 2808750
8000, 2000, 6000, 1, 1652917
10000, 4000, 6000, 1, 2814583
10000, 5000, 5000, 1, 3825875
650, 325, 325, 1, 18500
650, 350, 300, 1, 19792
650, 300, 350, 1, 17125
1000, 500, 500, 1, 28958
1000, 700, 300, 1, 602125
2500, 1250, 1250, 1, 1195959
2500, 1000, 1500, 1, 865625
5000, 2500, 2500, 1, 2145375
5000, 3000, 2000, 1, 2756667
8000, 4000, 4000, 1, 2875083
8000, 2000, 6000, 1, 1596625
10000, 4000, 6000, 1, 2865375
10000, 5000, 5000, 1, 3845042
650, 325, 325, 1, 18666
650, 350, 300, 1, 20625
650, 300, 350, 1, 17667
1000, 500, 500, 1, 27959
1000, 700, 300, 1, 586750
2500, 1250, 1250, 1, 1213125
2500, 1000, 1500, 1, 869584
5000, 2500, 2500, 1, 2169834
5000, 3000, 2000, 1, 2679375
8000, 4000, 4000, 1, 2866958
8000, 2000, 6000, 1, 1607084
10000, 4000, 6000, 1, 2845750
10000, 5000, 5000, 1, 3822292
650, 325, 325, 1, 18500
650, 350, 300, 1, 19917
650, 300, 350, 1, 17083
1000, 500, 500, 1, 27917
1000, 700, 300, 1, 591625
2500, 1250, 1250, 1, 1226875
2500, 1000, 1500, 1, 871125
5000, 2500, 2500, 1, 2154792
5000, 3000, 2000, 1, 2696791
8000, 4000, 4000, 1, 2838750
8000, 2000, 6000, 1, 1624083
10000, 4000, 6000, 1, 2843542
10000, 5000, 5000, 1, 3866459
650, 325, 325, 1, 18792
650, 350, 300, 1, 19792
650, 300, 350, 1, 17041
1000, 500, 500, 1, 29000
1000, 700, 300, 1, 601000
2500, 1250, 1250, 1, 1199500
2500, 1000, 1500, 1, 869834
5000, 2500, 2500, 1, 2185459
5000, 3000, 2000, 1, 2709750
8000, 4000, 4000, 1, 2831833
8000, 2000, 6000, 1, 1622084
10000, 4000, 6000, 1, 2852500
10000, 5000, 5000, 1, 3839958
650, 325, 325, 1, 18500
650, 350, 300, 1, 19875
650, 300, 350, 1, 17083
1000, 500, 500, 1, 28042
1000, 700, 300, 1, 606208
2500, 1250, 1250, 1, 1203625
2500, 1000, 1500, 1, 894917
5000, 2500, 2500, 1, 2161708
5000, 3000, 2000, 1, 2702167
8000, 4000, 4000, 1, 2849750
8000, 2000, 6000, 1, 1638542
10000, 4000, 6000, 1, 2842667
10000, 5000, 5000, 1, 3900916
650, 325, 325, 1, 18416
650, 350, 300, 1, 19791
650, 300, 350, 1, 17167
1000, 500, 500, 1, 27959
1000, 700, 300, 1, 587833
2500, 1250, 1250, 1, 1203459
2500, 1000, 1500, 1, 874875
5000, 2500, 2500, 1, 2171750
5000, 3000, 2000, 1, 2709375
8000, 4000, 4000, 1, 2836958
8000, 2000, 6000, 1, 1613375
10000, 4000, 6000, 1, 2887042
10000, 5000, 5000, 1, 3860750
650, 325, 325, 1, 18458
650, 350, 300, 1, 19833
650, 300, 350, 1, 17083
1000, 500, 500, 1, 28166
1000, 700, 300, 1, 591625
2500, 1250, 1250, 1, 1214875
2500, 1000, 1500, 1, 888917
5000, 2500, 2500, 1, 2182792
5000, 3000, 2000, 1, 2713875
8000, 4000, 4000, 1, 2863458
8000, 2000, 6000, 1, 1639500
10000, 4000, 6000, 1, 2830875
10000, 5000, 5000, 1, 3863250
650, 325, 325, 1, 18417
650, 350, 300, 1, 19791
650, 300, 350, 1, 18458
1000, 500, 500, 1, 29875
1000, 700, 300, 1, 592833
2500, 1250, 1250, 1, 1211042
2500, 1000, 1500, 1, 873875
5000, 2500, 2500, 1, 2162125
5000, 3000, 2000, 1, 2738792
8000, 4000, 4000, 1, 2870084
8000, 2000, 6000, 1, 1621791
10000, 4000, 6000, 1, 2864083
10000, 5000, 5000, 1, 3870458
650, 325, 325, 1, 18583
650, 350, 300, 1, 19917
650, 300, 350, 1, 17042
1000, 500, 500, 1, 28167
1000, 700, 300, 1, 590292
2500, 1250, 1250, 1, 1224541
2500, 1000, 1500, 1, 891583
5000, 2500, 2500, 1, 2170084
5000, 3000, 2000, 1, 2744750
8000, 4000, 4000, 1, 2862083
8000, 2000, 6000, 1, 1616792
10000, 4000, 6000, 1, 2880625
10000, 5000, 5000, 1, 3887875
650, 325, 325, 1, 18459
650, 350, 300, 1, 19792
650, 300, 350, 1, 17042
1000, 500, 500, 1, 28208
1000, 700, 300, 1, 592000
2500, 1250, 1250, 1, 1219041
2500, 1000, 1500, 1, 880875
5000, 2500, 2500, 1, 2183334
5000, 3000, 2000, 1, 2750750
8000, 4000, 4000, 1, 2876000
8000, 2000, 6000, 1, 1619208
10000, 4000, 6000, 1, 2850333
10000, 5000, 5000, 1, 3890542
650, 325, 325, 1, 18541
650, 350, 300, 1, 19791
650, 300, 350, 1, 17042
1000, 500, 500, 1, 28000
1000, 700, 300, 1, 595250
2500, 1250, 1250, 1, 1207750
2500, 1000, 1500, 1, 880792
5000, 2500, 2500, 1, 2171250
5000, 3000, 2000, 1, 2738167
8000, 4000, 4000, 1, 2855375
8000, 2000, 6000, 1, 1643750
10000, 4000, 6000, 1, 2870292
10000, 5000, 5000, 1, 3864833
650, 325, 325, 1, 19166
650, 350, 300, 1, 19833
650, 300, 350, 1, 17000
1000, 500, 500, 1, 28042
1000, 700, 300, 1, 598834
2500, 1250, 1250, 1, 1212125
2500, 1000, 1500, 1, 904125
5000, 2500, 2500, 1, 2223334
5000, 3000, 2000, 1, 2751167
8000, 4000, 4000, 1, 2846625
8000, 2000, 6000, 1, 1648542
10000, 4000, 6000, 1, 2863041
10000, 5000, 5000, 1, 3900167
650, 325, 325, 1, 18500
650, 350, 300, 1, 19667
650, 300, 350, 1, 17083
1000, 500, 500, 1, 28000
1000, 700, 300, 1, 593250
2500, 1250, 1250, 1, 1225417
2500, 1000, 1500, 1, 884416
5000, 2500, 2500, 1, 2213625
5000, 3000, 2000, 1, 2741750
8000, 4000, 4000, 1, 2867583
8000, 2000, 6000, 1, 1624625
10000, 4000, 6000, 1, 2910792
10000, 5000, 5000, 1, 3882458
650, 325, 325, 1, 18375
650, 350, 300, 1, 19834
650, 300, 350, 1, 17083
1000, 500, 500, 1, 27916
1000, 700, 300, 1, 596833
2500, 1250, 1250, 1, 1218417
2500, 1000, 1500, 1, 887584
5000, 2500, 2500, 1, 2209792
5000, 3000, 2000, 1, 2743334
8000, 4000, 4000, 1, 2893541
8000, 2000, 6000, 1, 1648167
10000, 4000, 6000, 1, 2873208
10000, 5000, 5000, 1, 3888875
650, 325, 325, 1, 19083
650, 350, 300, 1, 19958
650, 300, 350, 1, 17250
1000, 500, 500, 1, 28083
1000, 700, 300, 1, 599875
2500, 1250, 1250, 1, 1233250
2500, 1000, 1500, 1, 891709
5000, 2500, 2500, 1, 2185500
5000, 3000, 2000, 1, 2780625
8000, 4000, 4000, 1, 2877708
8000, 2000, 6000, 1, 1631625
10000, 4000, 6000, 1, 2912041
10000, 5000, 5000, 1, 3919750
650, 325, 325, 1, 18583
650, 350, 300, 1, 19792
650, 300, 350, 1, 17000
1000, 500, 500, 1, 28041
1000, 700, 300, 1, 595875
2500, 1250, 1250, 1, 1221250
2500, 1000, 1500, 1, 917458
5000, 2500, 2500, 1, 2209875
5000, 3000, 2000, 1, 2784041
8000, 4000, 4000, 1, 2905416
8000, 2000, 6000, 1, 1655083
10000, 4000, 6000, 1, 2876500
10000, 5000, 5000, 1, 3901875
650, 325, 325, 1, 18625
650, 350, 300, 1, 19916
650, 300, 350, 1, 17208
1000, 500, 500, 1, 28875
1000, 700, 300, 1, 599542
2500, 1250, 1250, 1, 1256167
2500, 1000, 1500, 1, 884750
5000, 2500, 2500, 1, 2201375
5000, 3000, 2000, 1, 2774500
8000, 4000, 4000, 1, 2894834
8000, 2000, 6000, 1, 1649708
10000, 4000, 6000, 1, 2904667
10000, 5000, 5000, 1, 3921916
650, 325, 325, 1, 18583
650, 350, 300, 1, 19875
650, 300, 350, 1, 17166
1000, 500, 500, 1, 28166
1000, 700, 300, 1, 597667
2500, 1250, 1250, 1, 1224250
2500, 1000, 1500, 1, 912209
5000, 2500, 2500, 1, 2228000
5000, 3000, 2000, 1, 2750625
8000, 4000, 4000, 1, 2898125
8000, 2000, 6000, 1, 1658209
10000, 4000, 6000, 1, 2879583
10000, 5000, 5000, 1, 3957458
650, 325, 325, 1, 18416
650, 350, 300, 1, 19917
650, 300, 350, 1, 17209
1000, 500, 500, 1, 28166
1000, 700, 300, 1, 624709
2500, 1250, 1250, 1, 1220791
2500, 1000, 1500, 1, 899708
5000, 2500, 2500, 1, 2207541
5000, 3000, 2000, 1, 2778500
8000, 4000, 4000, 1, 2926792
8000, 2000, 6000, 1, 1654625
10000, 4000, 6000, 1, 2899250
10000, 5000, 5000, 1, 3955291
650, 325, 325, 1, 18458
650, 350, 300, 1, 19917
650, 300, 350, 1, 17083
1000, 500, 500, 1, 28083
1000, 700, 300, 1, 612500
2500, 1250, 1250, 1, 1227833
2500, 1000, 1500, 1, 888208
5000, 2500, 2500, 1, 2229750
5000, 3000, 2000, 1, 2777041
8000, 4000, 4000, 1, 2885166
8000, 2000, 6000, 1, 1654583
10000, 4000, 6000, 1, 2908250
10000, 5000, 5000, 1, 3923416
650, 325, 325, 1, 18750
650, 350, 300, 1, 19833
650, 300, 350, 1, 17000
1000, 500, 500, 1, 28291
1000, 700, 300, 1, 602917
2500, 1250, 1250, 1, 1227083
2500, 1000, 1500, 1, 931833
5000, 2500, 2500, 1, 2229500
5000, 3000, 2000, 1, 2747667
8000, 4000, 4000, 1, 2943209
8000, 2000, 6000, 1, 1710625
10000, 4000, 6000, 1, 2929334
10000, 5000, 5000, 1, 3938667
650, 325, 325, 1, 19250
650, 350, 300, 1, 19750
650, 300, 350, 1, 17084
1000, 500, 500, 1, 28000
1000, 700, 300, 1, 615458
2500, 1250, 1250, 1, 1228833
2500, 1000, 1500, 1, 893542
5000, 2500, 2500, 1, 2203709
5000, 3000, 2000, 1, 2767250
8000, 4000, 4000, 1, 2900000
8000, 2000, 6000, 1, 1665042
10000, 4000, 6000, 1, 2908000
10000, 5000, 5000, 1, 3916083
650, 325, 325, 1, 18458
650, 350, 300, 1, 19834
650, 300, 350, 1, 17000
1000, 500, 500, 1, 28125
1000, 700, 300, 1, 601375
2500, 1250, 1250, 1, 1231333
2500, 1000, 1500, 1, 895125
5000, 2500, 2500, 1, 2207416
5000, 3000, 2000, 1, 2757458
8000, 4000, 4000, 1, 2902292
8000, 2000, 6000, 1, 1647166
10000, 4000, 6000, 1, 2891333
10000, 5000, 5000, 1, 3918167
650, 325, 325, 1, 18542
650, 350, 300, 1, 19625
650, 300, 350, 1, 17042
1000, 500, 500, 1, 27917
1000, 700, 300, 1, 602167
2500, 1250, 1250, 1, 1256000
2500, 1000, 1500, 1, 895583
5000, 2500, 2500, 1, 2209542
5000, 3000, 2000, 1, 2760334
8000, 4000, 4000, 1, 2907458
8000, 2000, 6000, 1, 1649834
10000, 4000, 6000, 1, 2895042
10000, 5000, 5000, 1, 3919834
650, 325, 325, 1, 18500
650, 350, 300, 1, 19792
650, 300, 350, 1, 17000
1000, 500, 500, 1, 27958
1000, 700, 300, 1, 604042
2500, 1250, 1250, 1, 1238833
2500, 1000, 1500, 1, 898250
5000, 2500, 2500, 1, 2214000
5000, 3000, 2000, 1, 2765000
8000, 4000, 4000, 1, 2898292
8000, 2000, 6000, 1, 1668834
10000, 4000, 6000, 1, 2900875
10000, 5000, 5000, 1, 3962000
650, 325, 325, 1, 18542
650, 350, 300, 1, 19917
650, 300, 350, 1, 17084
1000, 500, 500, 1, 27916
1000, 700, 300, 1, 609750
2500, 1250, 1250, 1, 1237625
2500, 1000, 1500, 1, 898833
5000, 2500, 2500, 1, 2215125
5000, 3000, 2000, 1, 2768708
8000, 4000, 4000, 1, 2899708
8000, 2000, 6000, 1, 1655250
10000, 4000, 6000, 1, 2902208
10000, 5000, 5000, 1, 3932542
650, 325, 325, 1, 19041
650, 350, 300, 1, 19833
650, 300, 350, 1, 16958
1000, 500, 500, 1, 28208
1000, 700, 300, 1, 604541
2500, 1250, 1250, 1, 1242084
2500, 1000, 1500, 1, 896917
5000, 2500, 2500, 1, 2220625
5000, 3000, 2000, 1, 2800209
8000, 4000, 4000, 1, 2909709
8000, 2000, 6000, 1, 1655791
10000, 4000, 6000, 1, 2906500
10000, 5000, 5000, 1, 3937458
650, 325, 325, 1, 18416
650, 350, 300, 1, 19750
650, 300, 350, 1, 17042
1000, 500, 500, 1, 28083
1000, 700, 300, 1, 609625
2500, 1250, 1250, 1, 1235875
2500, 1000, 1500, 1, 900791
5000, 2500, 2500, 1, 2220666
5000, 3000, 2000, 1, 2776500
8000, 4000, 4000, 1, 2911791
8000, 2000, 6000, 1, 1658125
10000, 4000, 6000, 1, 2906875
10000, 5000, 5000, 1, 3949375
650, 325, 325, 1, 18500
650, 350, 300, 1, 19833
650, 300, 350, 1, 17541
1000, 500, 500, 1, 28042
1000, 700, 300, 1, 606584
2500, 1250, 1250, 1, 1241500
2500, 1000, 1500, 1, 929875
5000, 2500, 2500, 1, 2240708
5000, 3000, 2000, 1, 2782084
8000, 4000, 4000, 1, 2910791
8000, 2000, 6000, 1, 1667125
10000, 4000, 6000, 1, 2913041
10000, 5000, 5000, 1, 3947125
650, 325, 325, 1, 18417
650, 350, 300, 1, 20000
650, 300, 350, 1, 17083
1000, 500, 500, 1, 28125
1000, 700, 300, 1, 606958
2500, 1250, 1250, 1, 1245542
2500, 1000, 1500, 1, 903083
5000, 2500, 2500, 1, 2236666
5000, 3000, 2000, 1, 2780333
8000, 4000, 4000, 1, 2919750
8000, 2000, 6000, 1, 1664916
10000, 4000, 6000, 1, 2913875
10000, 5000, 5000, 1, 3953375
650, 325, 325, 1, 18459
650, 350, 300, 1, 19917
650, 300, 350, 1, 17041
1000, 500, 500, 1, 28083
1000, 700, 300, 1, 608666
2500, 1250, 1250, 1, 1246916
2500, 1000, 1500, 1, 901375
5000, 2500, 2500, 1, 2233625
5000, 3000, 2000, 1, 2786708
8000, 4000, 4000, 1, 2922083
8000, 2000, 6000, 1, 1666417
10000, 4000, 6000, 1, 2920792
10000, 5000, 5000, 1, 3957416
650, 325, 325, 1, 18459
650, 350, 300, 1, 19875
650, 300, 350, 1, 17166
1000, 500, 500, 1, 28250
1000, 700, 300, 1, 611333
2500, 1250, 1250, 1, 1252375
2500, 1000, 1500, 1, 941792
5000, 2500, 2500, 1, 2237292
5000, 3000, 2000, 1, 2816750
8000, 4000, 4000, 1, 2929375
8000, 2000, 6000, 1, 1666834
10000, 4000, 6000, 1, 2921458
10000, 5000, 5000, 1, 3969583
650, 325, 325, 1, 18459
650, 350, 300, 1, 19958
650, 300, 350, 1, 17083
1000, 500, 500, 1, 28000
1000, 700, 300, 1, 609875
2500, 1250, 1250, 1, 1246875
2500, 1000, 1500, 1, 903708
5000, 2500, 2500, 1, 2250375
5000, 3000, 2000, 1, 2798458
8000, 4000, 4000, 1, 2939292
8000, 2000, 6000, 1, 1672125
10000, 4000, 6000, 1, 2928875
10000, 5000, 5000, 1, 3968000
650, 325, 325, 1, 18500
650, 350, 300, 1, 19791
650, 300, 350, 1, 17042
1000, 500, 500, 1, 28167
1000, 700, 300, 1, 610459
2500, 1250, 1250, 1, 1251875
2500, 1000, 1500, 1, 907625
5000, 2500, 2500, 1, 2273083
5000, 3000, 2000, 1, 2797500
8000, 4000, 4000, 1, 2936666
8000, 2000, 6000, 1, 1681625
10000, 4000, 6000, 1, 2935666
10000, 5000, 5000, 1, 3981042
650, 325, 325, 1, 18416
650, 350, 300, 1, 19750
650, 300, 350, 1, 17042
1000, 500, 500, 1, 28833
1000, 700, 300, 1, 610959
2500, 1250, 1250, 1, 1253083
2500, 1000, 1500, 1, 906417
5000, 2500, 2500, 1, 2250417
5000, 3000, 2000, 1, 2807625
8000, 4000, 4000, 1, 2935000
8000, 2000, 6000, 1, 1678667
10000, 4000, 6000, 1, 2942250
10000, 5000, 5000, 1, 3983917
650, 325, 325, 1, 18500
650, 350, 300, 1, 19834
650, 300, 350, 1, 17041
1000, 500, 500, 1, 27959
1000, 700, 300, 1, 611792
2500, 1250, 1250, 1, 1254500
2500, 1000, 1500, 1, 913791
5000, 2500, 2500, 1, 2247250
5000, 3000, 2000, 1, 2837125
8000, 4000, 4000, 1, 2945125
8000, 2000, 6000, 1, 1678750
10000, 4000, 6000, 1, 2938708
10000, 5000, 5000, 1, 3991250
650, 325, 325, 1, 18500
650, 350, 300, 1, 19750
650, 300, 350, 1, 17875
1000, 500, 500, 1, 28042
1000, 700, 300, 1, 612958
2500, 1250, 1250, 1, 1257584
2500, 1000, 1500, 1, 908541
5000, 2500, 2500, 1, 2249875
5000, 3000, 2000, 1, 2814750
8000, 4000, 4000, 1, 2945167
8000, 2000, 6000, 1, 1683250
10000, 4000, 6000, 1, 2948500
10000, 5000, 5000, 1, 3993791
650, 325, 325, 1, 18542
650, 350, 300, 1, 19834
650, 300, 350, 1, 17083
1000, 500, 500, 1, 27958
1000, 700, 300, 1, 615250
2500, 1250, 1250, 1, 1255834
2500, 1000, 1500, 1, 915042
5000, 2500, 2500, 1, 2254084
5000, 3000, 2000, 1, 2856500
8000, 4000, 4000, 1, 2957542
8000, 2000, 6000, 1, 1682000
10000, 4000, 6000, 1, 2948541
10000, 5000, 5000, 1, 4017292
650, 325, 325, 1, 18500
650, 350, 300, 1, 19959
650, 300, 350, 1, 17125
1000, 500, 500, 1, 28041
1000, 700, 300, 1, 615709
2500, 1250, 1250, 1, 1286000
2500, 1000, 1500, 1, 910916
5000, 2500, 2500, 1, 2265416
5000, 3000, 2000, 1, 2821959
8000, 4000, 4000, 1, 2955917
8000, 2000, 6000, 1, 1691583
10000, 4000, 6000, 1, 2957208
10000, 5000, 5000, 1, 4003666
650, 325, 325, 1, 18416
650, 350, 300, 1, 19834
650, 300, 350, 1, 17000
1000, 500, 500, 1, 28167
1000, 700, 300, 1, 625916
2500, 1250, 1250, 1, 1255875
2500, 1000, 1500, 1, 917833
5000, 2500, 2500, 1, 2262708
5000, 3000, 2000, 1, 2825166
8000, 4000, 4000, 1, 2960125
8000, 2000, 6000, 1, 1686750
10000, 4000, 6000, 1, 2959792
10000, 5000, 5000, 1, 4008625
650, 325, 325, 1, 18417
650, 350, 300, 1, 19875
650, 300, 350, 1, 17125
1000, 500, 500, 1, 28041
1000, 700, 300, 1, 616125
2500, 1250, 1250, 1, 1263541
2500, 1000, 1500, 1, 917375
5000, 2500, 2500, 1, 2262375
5000, 3000, 2000, 1, 2824125
8000, 4000, 4000, 1, 2965292
8000, 2000, 6000, 1, 1689000
10000, 4000, 6000, 1, 2957833
10000, 5000, 5000, 1, 4018583
650, 325, 325, 1, 18459
650, 350, 300, 1, 19875
650, 300, 350, 1, 17750
1000, 500, 500, 1, 28000
1000, 700, 300, 1, 616917
2500, 1250, 1250, 1, 1264375
2500, 1000, 1500, 1, 919875
5000, 2500, 2500, 1, 2268041
5000, 3000, 2000, 1, 2833583
8000, 4000, 4000, 1, 2966375
8000, 2000, 6000, 1, 1691167
10000, 4000, 6000, 1, 2966292
10000, 5000, 5000, 1, 4027834
650, 325, 325, 1, 18375
650, 350, 300, 1, 19833
650, 300, 350, 1, 17000
1000, 500, 500, 1, 27958
1000, 700, 300, 1, 622500
2500, 1250, 1250, 1, 1263792
2500, 1000, 1500, 1, 924584
5000, 2500, 2500, 1, 2267750
5000, 3000, 2000, 1, 2833541
8000, 4000, 4000, 1, 2987583
8000, 2000, 6000, 1, 1695917
10000, 4000, 6000, 1, 2981583
10000, 5000, 5000, 1, 4028917
650, 325, 325, 1, 18458
650, 350, 300, 1, 20084
650, 300, 350, 1, 17209
1000, 500, 500, 1, 28125
1000, 700, 300, 1, 621250
2500, 1250, 1250, 1, 1266917
2500, 1000, 1500, 1, 917125
5000, 2500, 2500, 1, 2276833
5000, 3000, 2000, 1, 2832000
8000, 4000, 4000, 1, 2971833
8000, 2000, 6000, 1, 1694375
10000, 4000, 6000, 1, 2971209
10000, 5000, 5000, 1, 4025083
650, 325, 325, 1, 18541
650, 350, 300, 1, 19792
650, 300, 350, 1, 17208
1000, 500, 500, 1, 29125
1000, 700, 300, 1, 619125
2500, 1250, 1250, 1, 1266958
2500, 1000, 1500, 1, 921333
5000, 2500, 2500, 1, 2276958
5000, 3000, 2000, 1, 2867000
8000, 4000, 4000, 1, 2970125
8000, 2000, 6000, 1, 1722292
10000, 4000, 6000, 1, 3006500
10000, 5000, 5000, 1, 4030125
650, 325, 325, 1, 18625
650, 350, 300, 1, 19917
650, 300, 350, 1, 17167
1000, 500, 500, 1, 27916
1000, 700, 300, 1, 622667
2500, 1250, 1250, 1, 1266459
2500, 1000, 1500, 1, 924000
5000, 2500, 2500, 1, 2273500
5000, 3000, 2000, 1, 2840541
8000, 4000, 4000, 1, 2975625
8000, 2000, 6000, 1, 1717208
10000, 4000, 6000, 1, 2974250
10000, 5000, 5000, 1, 4035125
650, 325, 325, 1, 18416
650, 350, 300, 1, 19875
650, 300, 350, 1, 17250
1000, 500, 500, 1, 28083
1000, 700, 300, 1, 620791
2500, 1250, 1250, 1, 1281833
2500, 1000, 1500, 1, 929041
5000, 2500, 2500, 1, 2279750
5000, 3000, 2000, 1, 2846333
8000, 4000, 4000, 1, 2981167
8000, 2000, 6000, 1, 1703500
10000, 4000, 6000, 1, 2996375
10000, 5000, 5000, 1, 4055917
650, 325, 325, 1, 18541
650, 350, 300, 1, 19708
650, 300, 350, 1, 17042
1000, 500, 500, 1, 28875
1000, 700, 300, 1, 621458
2500, 1250, 1250, 1, 1272292
2500, 1000, 1500, 1, 922000
5000, 2500, 2500, 1, 2282584
5000, 3000, 2000, 1, 2864917
8000, 4000, 4000, 1, 2982375
8000, 2000, 6000, 1, 1704125
10000, 4000, 6000, 1, 2997583
10000, 5000, 5000, 1, 4045667
650, 325, 325, 1, 20208
650, 350, 300, 1, 19750
650, 300, 350, 1, 17042
1000, 500, 500, 1, 28000
1000, 700, 300, 1, 630416
2500, 1250, 1250, 1, 1287041
2500, 1000, 1500, 1, 945833
5000, 2500, 2500, 1, 2284166
5000, 3000, 2000, 1, 2863875
8000, 4000, 4000, 1, 2996375
8000, 2000, 6000, 1, 1703291
10000, 4000, 6000, 1, 2990458
10000, 5000, 5000, 1, 4063750
650, 325, 325, 1, 18500
650, 350, 300, 1, 19666
650, 300, 350, 1, 17167
1000, 500, 500, 1, 28041
1000, 700, 300, 1, 623041
2500, 1250, 1250, 1, 1276458
2500, 1000, 1500, 1, 927000
5000, 2500, 2500, 1, 2288709
5000, 3000, 2000, 1, 2856750
8000, 4000, 4000, 1, 2998125
8000, 2000, 6000, 1, 1705917
10000, 4000, 6000, 1, 2993500
10000, 5000, 5000, 1, 4058084
650, 325, 325, 1, 18333
650, 350, 300, 1, 19875
650, 300, 350, 1, 17208
1000, 500, 500, 1, 27959
1000, 700, 300, 1, 623750
2500, 1250, 1250, 1, 1277125
2500, 1000, 1500, 1, 933375
5000, 2500, 2500, 1, 2318958
5000, 3000, 2000, 1, 2861000
8000, 4000, 4000, 1, 3001750
8000, 2000, 6000, 1, 1710458
10000, 4000, 6000, 1, 2997458
10000, 5000, 5000, 1, 4094958
650, 325, 325, 1, 18375
650, 350, 300, 1, 19917
650, 300, 350, 1, 17291
1000, 500, 500, 1, 28959
1000, 700, 300, 1, 627458
2500, 1250, 1250, 1, 1281708
2500, 1000, 1500, 1, 929292
5000, 2500, 2500, 1, 2294709
5000, 3000, 2000, 1, 2873750
8000, 4000, 4000, 1, 2998333
8000, 2000, 6000, 1, 1728083
10000, 4000, 6000, 1, 3003792
10000, 5000, 5000, 1, 4076000
650, 325, 325, 1, 18375
650, 350, 300, 1, 19708
650, 300, 350, 1, 17041
1000, 500, 500, 1, 28000
1000, 700, 300, 1, 630916
2500, 1250, 1250, 1, 1280500
2500, 1000, 1500, 1, 935500
5000, 2500, 2500, 1, 2297334
5000, 3000, 2000, 1, 2894375
8000, 4000, 4000, 1, 3002000
8000, 2000, 6000, 1, 1714500
10000, 4000, 6000, 1, 3011042
10000, 5000, 5000, 1, 4075417
650, 325, 325, 1, 18416
650, 350, 300, 1, 19792
650, 300, 350, 1, 17083
1000, 500, 500, 1, 27834
1000, 700, 300, 1, 626208
2500, 1250, 1250, 1, 1287000
2500, 1000, 1500, 1, 934208
5000, 2500, 2500, 1, 2299292
5000, 3000, 2000, 1, 2872375
8000, 4000, 4000, 1, 3009667
8000, 2000, 6000, 1, 1716250
10000, 4000, 6000, 1, 3003833
10000, 5000, 5000, 1, 4092625
650, 325, 325, 1, 18625
650, 350, 300, 1, 19708
650, 300, 350, 1, 17250
1000, 500, 500, 1, 28000
1000, 700, 300, 1, 629708
2500, 1250, 1250, 1, 1286291
2500, 1000, 1500, 1, 930000
5000, 2500, 2500, 1, 2307542
5000, 3000, 2000, 1, 2876458
8000, 4000, 4000, 1, 3019250
8000, 2000, 6000, 1, 1719167
10000, 4000, 6000, 1, 3012083
10000, 5000, 5000, 1, 4085084
650, 325, 325, 1, 18458
650, 350, 300, 1, 19833
650, 300, 350, 1, 18167
1000, 500, 500, 1, 27959
1000, 700, 300, 1, 627708
2500, 1250, 1250, 1, 1288083
2500, 1000, 1500, 1, 933916
5000, 2500, 2500, 1, 2309584
5000, 3000, 2000, 1, 2883042
8000, 4000, 4000, 1, 3013750
8000, 2000, 6000, 1, 1718292
10000, 4000, 6000, 1, 3024125
10000, 5000, 5000, 1, 4126458
650, 325, 325, 1, 18542
650, 350, 300, 1, 19792
650, 300, 350, 1, 16959
1000, 500, 500, 1, 27958
1000, 700, 300, 1, 636542
2500, 1250, 1250, 1, 1296416
2500, 1000, 1500, 1, 932500
5000, 2500, 2500, 1, 2312125
5000, 3000, 2000, 1, 2890416
8000, 4000, 4000, 1, 3015291
8000, 2000, 6000, 1, 1724417
10000, 4000, 6000, 1, 3023208
10000, 5000, 5000, 1, 4109458
650, 325, 325, 1, 18459
650, 350, 300, 1, 19791
650, 300, 350, 1, 17125
1000, 500, 500, 1, 28000
1000, 700, 300, 1, 634792
2500, 1250, 1250, 1, 1288792
2500, 1000, 1500, 1, 938875
5000, 2500, 2500, 1, 2311458
5000, 3000, 2000, 1, 2923625
8000, 4000, 4000, 1, 3018583
8000, 2000, 6000, 1, 1728458
10000, 4000, 6000, 1, 3026500
10000, 5000, 5000, 1, 4104584
650, 325, 325, 1, 18375
650, 350, 300, 1, 19750
650, 300, 350, 1, 17167
1000, 500, 500, 1, 28000
1000, 700, 300, 1, 630208
2500, 1250, 1250, 1, 1302125
2500, 1000, 1500, 1, 940500
5000, 2500, 2500, 1, 2314292
5000, 3000, 2000, 1, 2894666
8000, 4000, 4000, 1, 3031500
8000, 2000, 6000, 1, 1727333
10000, 4000, 6000, 1, 3026917
10000, 5000, 5000, 1, 4108042
650, 325, 325, 1, 18458
650, 350, 300, 1, 19750
650, 300, 350, 1, 17000
1000, 500, 500, 1, 28000
1000, 700, 300, 1, 631167
2500, 1250, 1250, 1, 1308917
2500, 1000, 1500, 1, 936916
5000, 2500, 2500, 1, 2322667
5000, 3000, 2000, 1, 2896458
8000, 4000, 4000, 1, 3033709
8000, 2000, 6000, 1, 1731333
10000, 4000, 6000, 1, 3035875
10000, 5000, 5000, 1, 4112791
650, 325, 325, 1, 18417
650, 350, 300, 1, 19708
650, 300, 350, 1, 17250
1000, 500, 500, 1, 28042
1000, 700, 300, 1, 631750
2500, 1250, 1250, 1, 1296167
2500, 1000, 1500, 1, 942875
5000, 2500, 2500, 1, 2326792
5000, 3000, 2000, 1, 2899042
8000, 4000, 4000, 1, 3037250
8000, 2000, 6000, 1, 1737083
10000, 4000, 6000, 1, 3031584
10000, 5000, 5000, 1, 4117667
650, 325, 325, 1, 18500
650, 350, 300, 1, 19792
650, 300, 350, 1, 17833
1000, 500, 500, 1, 28042
1000, 700, 300, 1, 635292
2500, 1250, 1250, 1, 1306458
2500, 1000, 1500, 1, 938833
5000, 2500, 2500, 1, 2333125
5000, 3000, 2000, 1, 2906333
8000, 4000, 4000, 1, 3046375
8000, 2000, 6000, 1, 1730250
10000, 4000, 6000, 1, 3035500
10000, 5000, 5000, 1, 4159209
650, 325, 325, 1, 18500
650, 350, 300, 1, 19791
650, 300, 350, 1, 17209
1000, 500, 500, 1, 31542
1000, 700, 300, 1, 633500
2500, 1250, 1250, 1, 1299458
2500, 1000, 1500, 1, 940042
5000, 2500, 2500, 1, 2355875
5000, 3000, 2000, 1, 2911292
8000, 4000, 4000, 1, 3041291
8000, 2000, 6000, 1, 1735125
10000, 4000, 6000, 1, 3042333
10000, 5000, 5000, 1, 4122208
650, 325, 325, 1, 18333
650, 350, 300, 1, 19916
650, 300, 350, 1, 17250
1000, 500, 500, 1, 28250
1000, 700, 300, 1, 640167
2500, 1250, 1250, 1, 1295875
2500, 1000, 1500, 1, 942500
5000, 2500, 2500, 1, 2333208
5000, 3000, 2000, 1, 2912750
8000, 4000, 4000, 1, 3041458
8000, 2000, 6000, 1, 1738833
10000, 4000, 6000, 1, 3043375
10000, 5000, 5000, 1, 4128167
650, 325, 325, 1, 18416
650, 350, 300, 1, 19791
650, 300, 350, 1, 17000
1000, 500, 500, 1, 28000
1000, 700, 300, 1, 654250
2500, 1250, 1250, 1, 1299791
2500, 1000, 1500, 1, 944958
5000, 2500, 2500, 1, 2331291
5000, 3000, 2000, 1, 2916084
8000, 4000, 4000, 1, 3044042
8000, 2000, 6000, 1, 1741458
10000, 4000, 6000, 1, 3047584
10000, 5000, 5000, 1, 4181916
650, 325, 325, 1, 18458
650, 350, 300, 1, 19875
650, 300, 350, 1, 17083
1000, 500, 500, 1, 28250
1000, 700, 300, 1, 640791
2500, 1250, 1250, 1, 1299583
2500, 1000, 1500, 1, 947084
5000, 2500, 2500, 1, 2333000
5000, 3000, 2000, 1, 2917042
8000, 4000, 4000, 1, 3049333
8000, 2000, 6000, 1, 1743084
10000, 4000, 6000, 1, 3051166
10000, 5000, 5000, 1, 4138583
650, 325, 325, 1, 18416
650, 350, 300, 1, 19917
650, 300, 350, 1, 17000
1000, 500, 500, 1, 27958
1000, 700, 300, 1, 639667
2500, 1250, 1250, 1, 1302250
2500, 1000, 1500, 1, 962375
5000, 2500, 2500, 1, 2337584
5000, 3000, 2000, 1, 2918500
8000, 4000, 4000, 1, 3057667
8000, 2000, 6000, 1, 1743875
10000, 4000, 6000, 1, 3054667
10000, 5000, 5000, 1, 4162875
650, 325, 325, 1, 19458
650, 350, 300, 1, 19750
650, 300, 350, 1, 17125
1000, 500, 500, 1, 28125
1000, 700, 300, 1, 637583
2500, 1250, 1250, 1, 1308583
2500, 1000, 1500, 1, 949000
5000, 2500, 2500, 1, 2341500
5000, 3000, 2000, 1, 2922250
8000, 4000, 4000, 1, 3062291
8000, 2000, 6000, 1, 1745125
10000, 4000, 6000, 1, 3058917
10000, 5000, 5000, 1, 4192417
650, 325, 325, 1, 18541
650, 350, 300, 1, 19750
650, 300, 350, 1, 17125
1000, 500, 500, 1, 28166
1000, 700, 300, 1, 641291
2500, 1250, 1250, 1, 1307583
2500, 1000, 1500, 1, 950000
5000, 2500, 2500, 1, 2342458
5000, 3000, 2000, 1, 2927584
8000, 4000, 4000, 1, 3062000
8000, 2000, 6000, 1, 1747375
10000, 4000, 6000, 1, 3062291
10000, 5000, 5000, 1, 4155291
650, 325, 325, 1, 18417
650, 350, 300, 1, 19834
650, 300, 350, 1, 17000
1000, 500, 500, 1, 27916
1000, 700, 300, 1, 639167
2500, 1250, 1250, 1, 1309250
2500, 1000, 1500, 1, 950375
5000, 2500, 2500, 1, 2347791
5000, 3000, 2000, 1, 2933625
8000, 4000, 4000, 1, 3069000
8000, 2000, 6000, 1, 1750166
10000, 4000, 6000, 1, 3065583
10000, 5000, 5000, 1, 4160167
650, 325, 325, 1, 18417
650, 350, 300, 1, 19833
650, 300, 350, 1, 17125
1000, 500, 500, 1, 28000
1000, 700, 300, 1, 640000
2500, 1250, 1250, 1, 1310833
2500, 1000, 1500, 1, 949791
5000, 2500, 2500, 1, 2353708
5000, 3000, 2000, 1, 2933542
8000, 4000, 4000, 1, 3071792
8000, 2000, 6000, 1, 1751708
10000, 4000, 6000, 1, 3089416
10000, 5000, 5000, 1, 4169625
650, 325, 325, 1, 18500
650, 350, 300, 1, 19792
650, 300, 350, 1, 17125
1000, 500, 500, 1, 27958
1000, 700, 300, 1, 640916
2500, 1250, 1250, 1, 1312417
2500, 1000, 1500, 1, 950417
5000, 2500, 2500, 1, 2355500
5000, 3000, 2000, 1, 2943917
8000, 4000, 4000, 1, 3085500
8000, 2000, 6000, 1, 1761958
10000, 4000, 6000, 1, 3194917
10000, 5000, 5000, 1, 4315417
650, 325, 325, 1, 18542
650, 350, 300, 1, 19750
650, 300, 350, 1, 17000
1000, 500, 500, 1, 28000
1000, 700, 300, 1, 641958
2500, 1250, 1250, 1, 1314458
2500, 1000, 1500, 1, 955209
5000, 2500, 2500, 1, 2463125
5000, 3000, 2000, 1, 2975583
8000, 4000, 4000, 1, 3097125
8000, 2000, 6000, 1, 1767125
10000, 4000, 6000, 1, 3099750
10000, 5000, 5000, 1, 4194417
650, 325, 325, 1, 18375
650, 350, 300, 1, 19917
650, 300, 350, 1, 17000
1000, 500, 500, 1, 28292
1000, 700, 300, 1, 642584
2500, 1250, 1250, 1, 1318833
2500, 1000, 1500, 1, 961208
5000, 2500, 2500, 1, 2361959
5000, 3000, 2000, 1, 2951042
8000, 4000, 4000, 1, 3080542
8000, 2000, 6000, 1, 1761416
10000, 4000, 6000, 1, 3086917
10000, 5000, 5000, 1, 4186875
650, 325, 325, 1, 18500
650, 350, 300, 1, 19834
650, 300, 350, 1, 17000
1000, 500, 500, 1, 28083
1000, 700, 300, 1, 644334
2500, 1250, 1250, 1, 1318000
2500, 1000, 1500, 1, 962625
5000, 2500, 2500, 1, 2362750
5000, 3000, 2000, 1, 2980375
8000, 4000, 4000, 1, 3086750
8000, 2000, 6000, 1, 1765834
10000, 4000, 6000, 1, 3094250
10000, 5000, 5000, 1, 4187792
650, 325, 325, 1, 18500
650, 350, 300, 1, 20000
650, 300, 350, 1, 17209
1000, 500, 500, 1, 27916
1000, 700, 300, 1, 649125
2500, 1250, 1250, 1, 1316042
2500, 1000, 1500, 1, 960792
5000, 2500, 2500, 1, 2374000
5000, 3000, 2000, 1, 2977041
8000, 4000, 4000, 1, 3090459
8000, 2000, 6000, 1, 1765125
10000, 4000, 6000, 1, 3095459
10000, 5000, 5000, 1, 4194042
650, 325, 325, 1, 18417
650, 350, 300, 1, 19750
650, 300, 350, 1, 17041
1000, 500, 500, 1, 28000
1000, 700, 300, 1, 650375
2500, 1250, 1250, 1, 1318416
2500, 1000, 1500, 1, 966875
5000, 2500, 2500, 1, 2368291
5000, 3000, 2000, 1, 3060458
8000, 4000, 4000, 1, 3164042
8000, 2000, 6000, 1, 1762959
10000, 4000, 6000, 1, 3095500
10000, 5000, 5000, 1, 4357334
650, 325, 325, 1, 18500
650, 350, 300, 1, 19750
650, 300, 350, 1, 17084
1000, 500, 500, 1, 28167
1000, 700, 300, 1, 664959
2500, 1250, 1250, 1, 1330625
2500, 1000, 1500, 1, 957583
5000, 2500, 2500, 1, 2384917
5000, 3000, 2000, 1, 2986333
8000, 4000, 4000, 1, 3102958
8000, 2000, 6000, 1, 1769583
10000, 4000, 6000, 1, 3101041
10000, 5000, 5000, 1, 4209750
650, 325, 325, 1, 18625
650, 350, 300, 1, 19834
650, 300, 350, 1, 18333
1000, 500, 500, 1, 28083
1000, 700, 300, 1, 646125
2500, 1250, 1250, 1, 1327083
2500, 1000, 1500, 1, 958875
5000, 2500, 2500, 1, 2419292
5000, 3000, 2000, 1, 2972708
8000, 4000, 4000, 1, 3111916
8000, 2000, 6000, 1, 1771708
10000, 4000, 6000, 1, 3103500
10000, 5000, 5000, 1, 4225959
650, 325, 325, 1, 19708
650, 350, 300, 1, 19792
650, 300, 350, 1, 17000
1000, 500, 500, 1, 28084
1000, 700, 300, 1, 647209
2500, 1250, 1250, 1, 1331125
2500, 1000, 1500, 1, 962875
5000, 2500, 2500, 1, 2383208
5000, 3000, 2000, 1, 2971125
8000, 4000, 4000, 1, 3108209
8000, 2000, 6000, 1, 1773917
10000, 4000, 6000, 1, 3103625
10000, 5000, 5000, 1, 4230375
650, 325, 325, 1, 18417
650, 350, 300, 1, 19791
650, 300, 350, 1, 17125
1000, 500, 500, 1, 28084
1000, 700, 300, 1, 648042
2500, 1250, 1250, 1, 1349250
2500, 1000, 1500, 1, 963333
5000, 2500, 2500, 1, 2378042
5000, 3000, 2000, 1, 2973167
8000, 4000, 4000, 1, 3117459
8000, 2000, 6000, 1, 1774000
10000, 4000, 6000, 1, 3173583
10000, 5000, 5000, 1, 4374917
650, 325, 325, 1, 19000
650, 350, 300, 1, 20417
650, 300, 350, 1, 17500
1000, 500, 500, 1, 30958
1000, 700, 300, 1, 678375
2500, 1250, 1250, 1, 1412292
2500, 1000, 1500, 1, 1117000
5000, 2500, 2500, 1, 2472000
5000, 3000, 2000, 1, 3108750
8000, 4000, 4000, 1, 3218875
8000, 2000, 6000, 1, 1798167
10000, 4000, 6000, 1, 3204500
10000, 5000, 5000, 1, 4313083
650, 325, 325, 1, 19125
650, 350, 300, 1, 20583
650, 300, 350, 1, 17875
1000, 500, 500, 1, 29125
1000, 700, 300, 1, 669291
2500, 1250, 1250, 1, 1367666
2500, 1000, 1500, 1, 996334
5000, 2500, 2500, 1, 2488209
5000, 3000, 2000, 1, 3059833
8000, 4000, 4000, 1, 3375875
8000, 2000, 6000, 1, 2026750
10000, 4000, 6000, 1, 3510833
10000, 5000, 5000, 1, 4815667
650, 325, 325, 1, 19791
650, 350, 300, 1, 22791
650, 300, 350, 1, 19875
1000, 500, 500, 1, 30209
1000, 700, 300, 1, 747292
2500, 1250, 1250, 1, 1398625
2500, 1000, 1500, 1, 997292
5000, 2500, 2500, 1, 2427000
5000, 3000, 2000, 1, 3025459
8000, 4000, 4000, 1, 3120834
8000, 2000, 6000, 1, 1791625
10000, 4000, 6000, 1, 3130875
10000, 5000, 5000, 1, 4288291
650, 325, 325, 1, 18625
650, 350, 300, 1, 20042
650, 300, 350, 1, 17708
1000, 500, 500, 1, 28125
1000, 700, 300, 1, 654250
2500, 1250, 1250, 1, 1344584
2500, 1000, 1500, 1, 968667
5000, 2500, 2500, 1, 2399917
5000, 3000, 2000, 1, 3006917
8000, 4000, 4000, 1, 3137417
8000, 2000, 6000, 1, 1783584
10000, 4000, 6000, 1, 3134250
10000, 5000, 5000, 1, 4240709
650, 325, 325, 1, 18500
650, 350, 300, 1, 20542
650, 300, 350, 1, 17083
1000, 500, 500, 1, 28000
1000, 700, 300, 1, 651750
2500, 1250, 1250, 1, 1337917
2500, 1000, 1500, 1, 967375
5000, 2500, 2500, 1, 2410209
5000, 3000, 2000, 1, 3024208
8000, 4000, 4000, 1, 3170458
8000, 2000, 6000, 1, 1784417
10000, 4000, 6000, 1, 3122500
10000, 5000, 5000, 1, 4248334
650, 325, 325, 1, 18458
650, 350, 300, 1, 19709
650, 300, 350, 1, 17125
1000, 500, 500, 1, 27916
1000, 700, 300, 1, 652792
2500, 1250, 1250, 1, 1337250
2500, 1000, 1500, 1, 968417
5000, 2500, 2500, 1, 2395750
5000, 3000, 2000, 1, 2994042
8000, 4000, 4000, 1, 3136791
8000, 2000, 6000, 1, 1791125
10000, 4000, 6000, 1, 3128958
10000, 5000, 5000, 1, 4250334
650, 325, 325, 1, 18458
650, 350, 300, 1, 20000
650, 300, 350, 1, 17084
1000, 500, 500, 1, 28125
1000, 700, 300, 1, 656084
2500, 1250, 1250, 1, 1345833
2500, 1000, 1500, 1, 972375
5000, 2500, 2500, 1, 2398209
5000, 3000, 2000, 1, 3006833
8000, 4000, 4000, 1, 3135000
8000, 2000, 6000, 1, 1788958
10000, 4000, 6000, 1, 3136792
10000, 5000, 5000, 1, 4262500
650, 325, 325, 1, 18500
650, 350, 300, 1, 19875
650, 300, 350, 1, 17083
1000, 500, 500, 1, 27834
1000, 700, 300, 1, 656958
2500, 1250, 1250, 1, 1340792
2500, 1000, 1500, 1, 974291
5000, 2500, 2500, 1, 2406541
5000, 3000, 2000, 1, 3005083
8000, 4000, 4000, 1, 3133834
8000, 2000, 6000, 1, 1791042
10000, 4000, 6000, 1, 3164167
10000, 5000, 5000, 1, 4258291
650, 325, 325, 1, 18542
650, 350, 300, 1, 20042
650, 300, 350, 1, 17000
1000, 500, 500, 1, 28167
1000, 700, 300, 1, 657666
2500, 1250, 1250, 1, 1342375
2500, 1000, 1500, 1, 975042
5000, 2500, 2500, 1, 2409834
5000, 3000, 2000, 1, 3006375
8000, 4000, 4000, 1, 3140000
8000, 2000, 6000, 1, 1792750
10000, 4000, 6000, 1, 3138375
10000, 5000, 5000, 1, 4263958
650, 325, 325, 1, 19083
650, 350, 300, 1, 19791
650, 300, 350, 1, 17042
1000, 500, 500, 1, 28000
1000, 700, 300, 1, 655750
2500, 1250, 1250, 1, 1345041
2500, 1000, 1500, 1, 973709
5000, 2500, 2500, 1, 2439625
5000, 3000, 2000, 1, 3018333
8000, 4000, 4000, 1, 3148250
8000, 2000, 6000, 1, 1795459
10000, 4000, 6000, 1, 3143500
10000, 5000, 5000, 1, 4362959
650, 325, 325, 1, 18459
650, 350, 300, 1, 19916
650, 300, 350, 1, 17083
1000, 500, 500, 1, 28000
1000, 700, 300, 1, 659458
2500, 1250, 1250, 1, 1351458
2500, 1000, 1500, 1, 994833
5000, 2500, 2500, 1, 2429375
5000, 3000, 2000, 1, 3013834
8000, 4000, 4000, 1, 3168625
8000, 2000, 6000, 1, 1803459
10000, 4000, 6000, 1, 3152708
10000, 5000, 5000, 1, 4275792
650, 325, 325, 1, 18500
650, 350, 300, 1, 19833
650, 300, 350, 1, 17083
1000, 500, 500, 1, 27917
1000, 700, 300, 1, 662916
2500, 1250, 1250, 1, 1348875
2500, 1000, 1500, 1, 980667
5000, 2500, 2500, 1, 2417583
5000, 3000, 2000, 1, 3021583
8000, 4000, 4000, 1, 3154583
8000, 2000, 6000, 1, 1804208
10000, 4000, 6000, 1, 3155958
10000, 5000, 5000, 1, 4283334
650, 325, 325, 1, 18666
650, 350, 300, 1, 19791
650, 300, 350, 1, 17000
1000, 500, 500, 1, 29000
1000, 700, 300, 1, 661583
2500, 1250, 1250, 1, 1351708
2500, 1000, 1500, 1, 976584
5000, 2500, 2500, 1, 2417667
5000, 3000, 2000, 1, 3027041
8000, 4000, 4000, 1, 3160041
8000, 2000, 6000, 1, 1804042
10000, 4000, 6000, 1, 3170125
10000, 5000, 5000, 1, 4309167
650, 325, 325, 1, 18334
650, 350, 300, 1, 19959
650, 300, 350, 1, 17083
1000, 500, 500, 1, 28084
1000, 700, 300, 1, 662250
2500, 1250, 1250, 1, 1362042
2500, 1000, 1500, 1, 1000666
5000, 2500, 2500, 1, 2421583
5000, 3000, 2000, 1, 3027583
8000, 4000, 4000, 1, 3177458
8000, 2000, 6000, 1, 1806209
10000, 4000, 6000, 1, 3166875
10000, 5000, 5000, 1, 4334500
650, 325, 325, 1, 18458
650, 350, 300, 1, 19709
650, 300, 350, 1, 17125
1000, 500, 500, 1, 28084
1000, 700, 300, 1, 663208
2500, 1250, 1250, 1, 1349583
2500, 1000, 1500, 1, 984875
5000, 2500, 2500, 1, 2427916
5000, 3000, 2000, 1, 3028667
8000, 4000, 4000, 1, 3159792
8000, 2000, 6000, 1, 1805875
10000, 4000, 6000, 1, 3165416
10000, 5000, 5000, 1, 4294833
650, 325, 325, 1, 18584
650, 350, 300, 1, 20000
650, 300, 350, 1, 17583
1000, 500, 500, 1, 28084
1000, 700, 300, 1, 660750
2500, 1250, 1250, 1, 1354375
2500, 1000, 1500, 1, 981042
5000, 2500, 2500, 1, 2429125
5000, 3000, 2000, 1, 3029291
8000, 4000, 4000, 1, 3169459
8000, 2000, 6000, 1, 1813000
10000, 4000, 6000, 1, 3172625
10000, 5000, 5000, 1, 4303208
650, 325, 325, 1, 18500
650, 350, 300, 1, 19791
650, 300, 350, 1, 17125
1000, 500, 500, 1, 28000
1000, 700, 300, 1, 691417
2500, 1250, 1250, 1, 1359875
2500, 1000, 1500, 1, 985292
5000, 2500, 2500, 1, 2429708
5000, 3000, 2000, 1, 3036542
8000, 4000, 4000, 1, 3171667
8000, 2000, 6000, 1, 1816125
10000, 4000, 6000, 1, 3212958
10000, 5000, 5000, 1, 4370000
650, 325, 325, 1, 18459
650, 350, 300, 1, 19750
650, 300, 350, 1, 17000
1000, 500, 500, 1, 27959
1000, 700, 300, 1, 665916
2500, 1250, 1250, 1, 1354292
2500, 1000, 1500, 1, 985458
5000, 2500, 2500, 1, 2439667
5000, 3000, 2000, 1, 3044875
8000, 4000, 4000, 1, 3182417
8000, 2000, 6000, 1, 1810417
10000, 4000, 6000, 1, 3174167
10000, 5000, 5000, 1, 4314000
650, 325, 325, 1, 18375
650, 350, 300, 1, 20541
650, 300, 350, 1, 17000
1000, 500, 500, 1, 28042
1000, 700, 300, 1, 663000
2500, 1250, 1250, 1, 1359292
2500, 1000, 1500, 1, 983958
5000, 2500, 2500, 1, 2436042
5000, 3000, 2000, 1, 3064958
8000, 4000, 4000, 1, 3179208
8000, 2000, 6000, 1, 1814709
10000, 4000, 6000, 1, 3179042
10000, 5000, 5000, 1, 4332125
650, 325, 325, 1, 18542
650, 350, 300, 1, 19750
650, 300, 350, 1, 17000
1000, 500, 500, 1, 28000
1000, 700, 300, 1, 663875
2500, 1250, 1250, 1, 1363458
2500, 1000, 1500, 1, 988791
5000, 2500, 2500, 1, 2445667
5000, 3000, 2000, 1, 3049500
8000, 4000, 4000, 1, 3184250
8000, 2000, 6000, 1, 1819750
10000, 4000, 6000, 1, 3186000
10000, 5000, 5000, 1, 4317459
650, 325, 325, 1, 18333
650, 350, 300, 1, 19833
650, 300, 350, 1, 17000
1000, 500, 500, 1, 28208
1000, 700, 300, 1, 672292
2500, 1250, 1250, 1, 1360833
2500, 1000, 1500, 1, 986917
5000, 2500, 2500, 1, 2440000
5000, 3000, 2000, 1, 3053125
8000, 4000, 4000, 1, 3184792
8000, 2000, 6000, 1, 1820000
10000, 4000, 6000, 1, 3183042
10000, 5000, 5000, 1, 4340667
650, 325, 325, 1, 18375
650, 350, 300, 1, 19875
650, 300, 350, 1, 17000
1000, 500, 500, 1, 28000
1000, 700, 300, 1, 669792
2500, 1250, 1250, 1, 1364125
2500, 1000, 1500, 1, 990333
5000, 2500, 2500, 1, 2445542
5000, 3000, 2000, 1, 3051083
8000, 4000, 4000, 1, 3190000
8000, 2000, 6000, 1, 1821375
10000, 4000, 6000, 1, 3204250
10000, 5000, 5000, 1, 4331708
650, 325, 325, 1, 18458
650, 350, 300, 1, 19875
650, 300, 350, 1, 17083
1000, 500, 500, 1, 28000
1000, 700, 300, 1, 669041
2500, 1250, 1250, 1, 1363209
2500, 1000, 1500, 1, 994583
5000, 2500, 2500, 1, 2444875
5000, 3000, 2000, 1, 3065250
8000, 4000, 4000, 1, 3189750
8000, 2000, 6000, 1, 1825792
10000, 4000, 6000, 1, 3194125
10000, 5000, 5000, 1, 4350417
650, 325, 325, 1, 18541
650, 350, 300, 1, 19792
650, 300, 350, 1, 17208
1000, 500, 500, 1, 28750
1000, 700, 300, 1, 679667
2500, 1250, 1250, 1, 1367459
2500, 1000, 1500, 1, 990375
5000, 2500, 2500, 1, 2452125
5000, 3000, 2000, 1, 3059708
8000, 4000, 4000, 1, 3197417
8000, 2000, 6000, 1, 1824959
10000, 4000, 6000, 1, 3196875
10000, 5000, 5000, 1, 4340292
650, 325, 325, 1, 18584
650, 350, 300, 1, 19875
650, 300, 350, 1, 17041
1000, 500, 500, 1, 28000
1000, 700, 300, 1, 667875
2500, 1250, 1250, 1, 1369666
2500, 1000, 1500, 1, 996667
5000, 2500, 2500, 1, 2458459
5000, 3000, 2000, 1, 3065250
8000, 4000, 4000, 1, 3198125
8000, 2000, 6000, 1, 1832625
10000, 4000, 6000, 1, 3236334
10000, 5000, 5000, 1, 4345292
650, 325, 325, 1, 18500
650, 350, 300, 1, 19708
650, 300, 350, 1, 17125
1000, 500, 500, 1, 28167
1000, 700, 300, 1, 675292
2500, 1250, 1250, 1, 1374875
2500, 1000, 1500, 1, 992417
5000, 2500, 2500, 1, 2454000
5000, 3000, 2000, 1, 3084417
8000, 4000, 4000, 1, 3207250
8000, 2000, 6000, 1, 1831500
10000, 4000, 6000, 1, 3202916
10000, 5000, 5000, 1, 4369750
650, 325, 325, 1, 18375
650, 350, 300, 1, 19833
650, 300, 350, 1, 17042
1000, 500, 500, 1, 28042
1000, 700, 300, 1, 677458
2500, 1250, 1250, 1, 1375333
2500, 1000, 1500, 1, 999750
5000, 2500, 2500, 1, 2459125
5000, 3000, 2000, 1, 3076708
8000, 4000, 4000, 1, 3207417
8000, 2000, 6000, 1, 1834583
10000, 4000, 6000, 1, 3221833
10000, 5000, 5000, 1, 4357750
650, 325, 325, 1, 18458
650, 350, 300, 1, 19792
650, 300, 350, 1, 17125
1000, 500, 500, 1, 28084
1000, 700, 300, 1, 678334
2500, 1250, 1250, 1, 1371167
2500, 1000, 1500, 1, 994667
5000, 2500, 2500, 1, 2466083
5000, 3000, 2000, 1, 3081500
8000, 4000, 4000, 1, 3248167
8000, 2000, 6000, 1, 1870625
10000, 4000, 6000, 1, 3223250
10000, 5000, 5000, 1, 4367917
650, 325, 325, 1, 18542
650, 350, 300, 1, 19791
650, 300, 350, 1, 17084
1000, 500, 500, 1, 28000
1000, 700, 300, 1, 671041
2500, 1250, 1250, 1, 1375875
2500, 1000, 1500, 1, 998458
5000, 2500, 2500, 1, 2463292
5000, 3000, 2000, 1, 3080791
8000, 4000, 4000, 1, 3215291
8000, 2000, 6000, 1, 1837125
10000, 4000, 6000, 1, 3214666
10000, 5000, 5000, 1, 4368292
650, 325, 325, 1, 18458
650, 350, 300, 1, 19792
650, 300, 350, 1, 17125
1000, 500, 500, 1, 28000
1000, 700, 300, 1, 677250
2500, 1250, 1250, 1, 1379792
2500, 1000, 1500, 1, 997000
5000, 2500, 2500, 1, 2470208
5000, 3000, 2000, 1, 3087084
8000, 4000, 4000, 1, 3218416
8000, 2000, 6000, 1, 1843958
10000, 4000, 6000, 1, 3232209
10000, 5000, 5000, 1, 4373625
650, 325, 325, 1, 18458
650, 350, 300, 1, 19834
650, 300, 350, 1, 17042
1000, 500, 500, 1, 28084
1000, 700, 300, 1, 672792
2500, 1250, 1250, 1, 1379125
2500, 1000, 1500, 1, 1003000
5000, 2500, 2500, 1, 2467959
5000, 3000, 2000, 1, 3090667
8000, 4000, 4000, 1, 3258166
8000, 2000, 6000, 1, 1845000
10000, 4000, 6000, 1, 3221792
10000, 5000, 5000, 1, 4374291
650, 325, 325, 1, 18584
650, 350, 300, 1, 19875
650, 300, 350, 1, 17167
1000, 500, 500, 1, 28125
1000, 700, 300, 1, 675333
2500, 1250, 1250, 1, 1381083
2500, 1000, 1500, 1, 999542
5000, 2500, 2500, 1, 2474292
5000, 3000, 2000, 1, 3089917
8000, 4000, 4000, 1, 3228708
8000, 2000, 6000, 1, 1842667
10000, 4000, 6000, 1, 3223000
10000, 5000, 5000, 1, 4386375
650, 325, 325, 1, 18417
650, 350, 300, 1, 19875
650, 300, 350, 1, 17125
1000, 500, 500, 1, 27958
1000, 700, 300, 1, 674167
2500, 1250, 1250, 1, 1383042
2500, 1000, 1500, 1, 1032709
5000, 2500, 2500, 1, 2475750
5000, 3000, 2000, 1, 3096042
8000, 4000, 4000, 1, 3229542
8000, 2000, 6000, 1, 1845583
10000, 4000, 6000, 1, 3230000
10000, 5000, 5000, 1, 4389250
650, 325, 325, 1, 18500
650, 350, 300, 1, 24209
650, 300, 350, 1, 17042
1000, 500, 500, 1, 28792
1000, 700, 300, 1, 675417
2500, 1250, 1250, 1, 1384625
2500, 1000, 1500, 1, 1002291
5000, 2500, 2500, 1, 2482416
5000, 3000, 2000, 1, 3132167
8000, 4000, 4000, 1, 3237500
8000, 2000, 6000, 1, 1848625
10000, 4000, 6000, 1, 3233084
10000, 5000, 5000, 1, 4392209
650, 325, 325, 1, 18500
650, 350, 300, 1, 20041
650, 300, 350, 1, 17084
1000, 500, 500, 1, 28000
1000, 700, 300, 1, 675875
2500, 1250, 1250, 1, 1384667
2500, 1000, 1500, 1, 1011583
5000, 2500, 2500, 1, 2480458
5000, 3000, 2000, 1, 3122875
8000, 4000, 4000, 1, 3236834
8000, 2000, 6000, 1, 1849417
10000, 4000, 6000, 1, 3247375
10000, 5000, 5000, 1, 4409208
650, 325, 325, 1, 18416
650, 350, 300, 1, 20416
650, 300, 350, 1, 17042
1000, 500, 500, 1, 27916
1000, 700, 300, 1, 676584
2500, 1250, 1250, 1, 1425084
2500, 1000, 1500, 1, 1035333
5000, 2500, 2500, 1, 2550750
5000, 3000, 2000, 1, 3106333
8000, 4000, 4000, 1, 3254500
8000, 2000, 6000, 1, 1854334
10000, 4000, 6000, 1, 3242458
10000, 5000, 5000, 1, 4413542
650, 325, 325, 1, 18500
650, 350, 300, 1, 19875
650, 300, 350, 1, 17125
1000, 500, 500, 1, 28000
1000, 700, 300, 1, 686209
2500, 1250, 1250, 1, 1389208
2500, 1000, 1500, 1, 1008458
5000, 2500, 2500, 1, 2486875
5000, 3000, 2000, 1, 3113792
8000, 4000, 4000, 1, 3314166
8000, 2000, 6000, 1, 1910541
10000, 4000, 6000, 1, 3284250
10000, 5000, 5000, 1, 4554167
650, 325, 325, 1, 19292
650, 350, 300, 1, 19834
650, 300, 350, 1, 17041
1000, 500, 500, 1, 30459
1000, 700, 300, 1, 681291
2500, 1250, 1250, 1, 1406458
2500, 1000, 1500, 1, 1012333
5000, 2500, 2500, 1, 2511375
5000, 3000, 2000, 1, 3136667
8000, 4000, 4000, 1, 3258708
8000, 2000, 6000, 1, 1859334
10000, 4000, 6000, 1, 3248166
10000, 5000, 5000, 1, 4416125
650, 325, 325, 1, 18541
650, 350, 300, 1, 20750
650, 300, 350, 1, 17208
1000, 500, 500, 1, 28042
1000, 700, 300, 1, 681833
2500, 1250, 1250, 1, 1392542
2500, 1000, 1500, 1, 1010833
5000, 2500, 2500, 1, 2494750
5000, 3000, 2000, 1, 3118167
8000, 4000, 4000, 1, 3267958
8000, 2000, 6000, 1, 1858625
10000, 4000, 6000, 1, 3263375
10000, 5000, 5000, 1, 4455875
650, 325, 325, 1, 18375
650, 350, 300, 1, 19875
650, 300, 350, 1, 17167
1000, 500, 500, 1, 28042
1000, 700, 300, 1, 682583
2500, 1250, 1250, 1, 1394042
2500, 1000, 1500, 1, 1015458
5000, 2500, 2500, 1, 2495333
5000, 3000, 2000, 1, 3120584
8000, 4000, 4000, 1, 3255792
8000, 2000, 6000, 1, 1862042
10000, 4000, 6000, 1, 3253250
10000, 5000, 5000, 1, 4423459
650, 325, 325, 1, 18417
650, 350, 300, 1, 19792
650, 300, 350, 1, 17042
1000, 500, 500, 1, 28125
1000, 700, 300, 1, 684208
2500, 1250, 1250, 1, 1395666
2500, 1000, 1500, 1, 1013583
5000, 2500, 2500, 1, 2498042
5000, 3000, 2000, 1, 3124125
8000, 4000, 4000, 1, 3260958
8000, 2000, 6000, 1, 1862667
10000, 4000, 6000, 1, 3258834
10000, 5000, 5000, 1, 4426625
650, 325, 325, 1, 18375
650, 350, 300, 1, 19875
650, 300, 350, 1, 17125
1000, 500, 500, 1, 28959
1000, 700, 300, 1, 681750
2500, 1250, 1250, 1, 1428208
2500, 1000, 1500, 1, 1011583
5000, 2500, 2500, 1, 2504000
5000, 3000, 2000, 1, 3140042
8000, 4000, 4000, 1, 3276208
8000, 2000, 6000, 1, 1867209
10000, 4000, 6000, 1, 3265958
10000, 5000, 5000, 1, 4445917
650, 325, 325, 1, 18459
650, 350, 300, 1, 19917
650, 300, 350, 1, 17000
1000, 500, 500, 1, 27959
1000, 700, 300, 1, 686875
2500, 1250, 1250, 1, 1396625
2500, 1000, 1500, 1, 1018208
5000, 2500, 2500, 1, 2504084
5000, 3000, 2000, 1, 3133334
8000, 4000, 4000, 1, 3275375
8000, 2000, 6000, 1, 1867250
10000, 4000, 6000, 1, 3266208
10000, 5000, 5000, 1, 4440583
650, 325, 325, 1, 18375
650, 350, 300, 1, 19750
650, 300, 350, 1, 17041
1000, 500, 500, 1, 27958
1000, 700, 300, 1, 683166
2500, 1250, 1250, 1, 1403708
2500, 1000, 1500, 1, 1017042
5000, 2500, 2500, 1, 2508208
5000, 3000, 2000, 1, 3136833
8000, 4000, 4000, 1, 3280000
8000, 2000, 6000, 1, 1868708
10000, 4000, 6000, 1, 3273792
10000, 5000, 5000, 1, 4444958
650, 325, 325, 1, 18417
650, 350, 300, 1, 19875
650, 300, 350, 1, 17000
1000, 500, 500, 1, 28958
1000, 700, 300, 1, 684041
2500, 1250, 1250, 1, 1402542
2500, 1000, 1500, 1, 1016584
5000, 2500, 2500, 1, 2512959
5000, 3000, 2000, 1, 3135167
8000, 4000, 4000, 1, 3277917
8000, 2000, 6000, 1, 1909500
10000, 4000, 6000, 1, 3273917
10000, 5000, 5000, 1, 4456250
650, 325, 325, 1, 18459
650, 350, 300, 1, 19791
650, 300, 350, 1, 17000
1000, 500, 500, 1, 28000
1000, 700, 300, 1, 687500
2500, 1250, 1250, 1, 1403583
2500, 1000, 1500, 1, 1019042
5000, 2500, 2500, 1, 2515250
5000, 3000, 2000, 1, 3142375
8000, 4000, 4000, 1, 3307042
8000, 2000, 6000, 1, 1873416
10000, 4000, 6000, 1, 3275041
10000, 5000, 5000, 1, 4459083
650, 325, 325, 1, 18458
650, 350, 300, 1, 19792
650, 300, 350, 1, 17083
1000, 500, 500, 1, 28083
1000, 700, 300, 1, 685542
2500, 1250, 1250, 1, 1405458
2500, 1000, 1500, 1, 1020416
5000, 2500, 2500, 1, 2515625
5000, 3000, 2000, 1, 3148958
8000, 4000, 4000, 1, 3330000
8000, 2000, 6000, 1, 1932167
10000, 4000, 6000, 1, 3357250
10000, 5000, 5000, 1, 4473666
650, 325, 325, 1, 19083
650, 350, 300, 1, 19750
650, 300, 350, 1, 17084
1000, 500, 500, 1, 27958
1000, 700, 300, 1, 686292
2500, 1250, 1250, 1, 1416625
2500, 1000, 1500, 1, 1021250
5000, 2500, 2500, 1, 2522791
5000, 3000, 2000, 1, 3189167
8000, 4000, 4000, 1, 3290250
8000, 2000, 6000, 1, 1877750
10000, 4000, 6000, 1, 3285125
10000, 5000, 5000, 1, 4462334
650, 325, 325, 1, 18625
650, 350, 300, 1, 19750
650, 300, 350, 1, 17084
1000, 500, 500, 1, 28000
1000, 700, 300, 1, 690500
2500, 1250, 1250, 1, 1409041
2500, 1000, 1500, 1, 1022667
5000, 2500, 2500, 1, 2523292
5000, 3000, 2000, 1, 3153667
8000, 4000, 4000, 1, 3288500
8000, 2000, 6000, 1, 1882291
10000, 4000, 6000, 1, 3288958
10000, 5000, 5000, 1, 4467875
650, 325, 325, 1, 18583
650, 350, 300, 1, 19791
650, 300, 350, 1, 17167
1000, 500, 500, 1, 27958
1000, 700, 300, 1, 693917
2500, 1250, 1250, 1, 1407708
2500, 1000, 1500, 1, 1023875
5000, 2500, 2500, 1, 2526250
5000, 3000, 2000, 1, 3157959
8000, 4000, 4000, 1, 3293375
8000, 2000, 6000, 1, 1881875
10000, 4000, 6000, 1, 3294708
10000, 5000, 5000, 1, 4473875
650, 325, 325, 1, 18375
650, 350, 300, 1, 19750
650, 300, 350, 1, 19750
1000, 500, 500, 1, 28167
1000, 700, 300, 1, 689292
2500, 1250, 1250, 1, 1414125
2500, 1000, 1500, 1, 1035875
5000, 2500, 2500, 1, 2528041
5000, 3000, 2000, 1, 3161834
8000, 4000, 4000, 1, 3299167
8000, 2000, 6000, 1, 1884750
10000, 4000, 6000, 1, 3297083
10000, 5000, 5000, 1, 4480041
650, 325, 325, 1, 18416
650, 350, 300, 1, 20458
650, 300, 350, 1, 17208
1000, 500, 500, 1, 28125
1000, 700, 300, 1, 694916
2500, 1250, 1250, 1, 1414292
2500, 1000, 1500, 1, 1026209
5000, 2500, 2500, 1, 2534667
5000, 3000, 2000, 1, 3164167
8000, 4000, 4000, 1, 3300834
8000, 2000, 6000, 1, 1887042
10000, 4000, 6000, 1, 3303500
10000, 5000, 5000, 1, 4486833
650, 325, 325, 1, 18541
650, 350, 300, 1, 19875
650, 300, 350, 1, 17083
1000, 500, 500, 1, 28084
1000, 700, 300, 1, 693416
2500, 1250, 1250, 1, 1416042
2500, 1000, 1500, 1, 1028167
5000, 2500, 2500, 1, 2539333
5000, 3000, 2000, 1, 3186917
8000, 4000, 4000, 1, 3310250
8000, 2000, 6000, 1, 1891209
10000, 4000, 6000, 1, 3309125
10000, 5000, 5000, 1, 4495750
650, 325, 325, 1, 18542
650, 350, 300, 1, 19708
650, 300, 350, 1, 17042
1000, 500, 500, 1, 30750
1000, 700, 300, 1, 696333
2500, 1250, 1250, 1, 1414791
2500, 1000, 1500, 1, 1034250
5000, 2500, 2500, 1, 2542458
5000, 3000, 2000, 1, 3177583
8000, 4000, 4000, 1, 3320292
8000, 2000, 6000, 1, 1893667
10000, 4000, 6000, 1, 3311958
10000, 5000, 5000, 1, 4500167
650, 325, 325, 1, 18416
650, 350, 300, 1, 20000
650, 300, 350, 1, 17125
1000, 500, 500, 1, 28459
1000, 700, 300, 1, 695125
2500, 1250, 1250, 1, 1425959
2500, 1000, 1500, 1, 1033125
5000, 2500, 2500, 1, 2544708
5000, 3000, 2000, 1, 3199125
8000, 4000, 4000, 1, 3316541
8000, 2000, 6000, 1, 1895583
10000, 4000, 6000, 1, 3311042
10000, 5000, 5000, 1, 4507000
650, 325, 325, 1, 18500
650, 350, 300, 1, 19750
650, 300, 350, 1, 17166
1000, 500, 500, 1, 27959
1000, 700, 300, 1, 695375
2500, 1250, 1250, 1, 1425667
2500, 1000, 1500, 1, 1041875
5000, 2500, 2500, 1, 2545792
5000, 3000, 2000, 1, 3190958
8000, 4000, 4000, 1, 3314917
8000, 2000, 6000, 1, 1900250
10000, 4000, 6000, 1, 3331500
10000, 5000, 5000, 1, 4536250
650, 325, 325, 1, 19875
650, 350, 300, 1, 19875
650, 300, 350, 1, 17167
1000, 500, 500, 1, 28000
1000, 700, 300, 1, 694292
2500, 1250, 1250, 1, 1426792
2500, 1000, 1500, 1, 1029541
5000, 2500, 2500, 1, 2551208
5000, 3000, 2000, 1, 3208750
8000, 4000, 4000, 1, 3346541
8000, 2000, 6000, 1, 1917375
10000, 4000, 6000, 1, 3371708
10000, 5000, 5000, 1, 4520833
650, 325, 325, 1, 18459
650, 350, 300, 1, 20500
650, 300, 350, 1, 17542
1000, 500, 500, 1, 28875
1000, 700, 300, 1, 774042
2500, 1250, 1250, 1, 1472292
2500, 1000, 1500, 1, 1081041
5000, 2500, 2500, 1, 2650417
5000, 3000, 2000, 1, 3315667
8000, 4000, 4000, 1, 3334834
8000, 2000, 6000, 1, 1904416
10000, 4000, 6000, 1, 3332208
10000, 5000, 5000, 1, 4526000
650, 325, 325, 1, 19042
650, 350, 300, 1, 19750
650, 300, 350, 1, 17125
1000, 500, 500, 1, 27958
1000, 700, 300, 1, 698167
2500, 1250, 1250, 1, 1428042
2500, 1000, 1500, 1, 1032000
5000, 2500, 2500, 1, 2559250
5000, 3000, 2000, 1, 3195875
8000, 4000, 4000, 1, 3330083
8000, 2000, 6000, 1, 1904250
10000, 4000, 6000, 1, 3332667
10000, 5000, 5000, 1, 4568041
650, 325, 325, 1, 18500
650, 350, 300, 1, 19875
650, 300, 350, 1, 17625
1000, 500, 500, 1, 28041
1000, 700, 300, 1, 696084
2500, 1250, 1250, 1, 1430541
2500, 1000, 1500, 1, 1032833
5000, 2500, 2500, 1, 2558417
5000, 3000, 2000, 1, 3200250
8000, 4000, 4000, 1, 3398208
8000, 2000, 6000, 1, 1903875
10000, 4000, 6000, 1, 3335292
10000, 5000, 5000, 1, 4525833
650, 325, 325, 1, 18417
650, 350, 300, 1, 19709
650, 300, 350, 1, 17083
1000, 500, 500, 1, 28083
1000, 700, 300, 1, 696708
2500, 1250, 1250, 1, 1428834
2500, 1000, 1500, 1, 1037708
5000, 2500, 2500, 1, 2559916
5000, 3000, 2000, 1, 3199917
8000, 4000, 4000, 1, 3334041
8000, 2000, 6000, 1, 1907042
10000, 4000, 6000, 1, 3333792
10000, 5000, 5000, 1, 4545958
650, 325, 325, 1, 18500
650, 350, 300, 1, 19792
650, 300, 350, 1, 17125
1000, 500, 500, 1, 28125
1000, 700, 300, 1, 700375
2500, 1250, 1250, 1, 1430708
2500, 1000, 1500, 1, 1038292
5000, 2500, 2500, 1, 2563334
5000, 3000, 2000, 1, 3219958
8000, 4000, 4000, 1, 3337083
8000, 2000, 6000, 1, 1908291
10000, 4000, 6000, 1, 3337458
10000, 5000, 5000, 1, 4548667
650, 325, 325, 1, 18500
650, 350, 300, 1, 19875
650, 300, 350, 1, 17083
1000, 500, 500, 1, 27834
1000, 700, 300, 1, 701417
2500, 1250, 1250, 1, 1432417
2500, 1000, 1500, 1, 1063875
5000, 2500, 2500, 1, 2567584
5000, 3000, 2000, 1, 3207084
8000, 4000, 4000, 1, 3343791
8000, 2000, 6000, 1, 1909834
10000, 4000, 6000, 1, 3341666
10000, 5000, 5000, 1, 4542916
650, 325, 325, 1, 18458
650, 350, 300, 1, 19708
650, 300, 350, 1, 17041
1000, 500, 500, 1, 28084
1000, 700, 300, 1, 702625
2500, 1250, 1250, 1, 1438333
2500, 1000, 1500, 1, 1043417
5000, 2500, 2500, 1, 2569083
5000, 3000, 2000, 1, 3236584
8000, 4000, 4000, 1, 3352500
8000, 2000, 6000, 1, 1912083
10000, 4000, 6000, 1, 3347708
10000, 5000, 5000, 1, 4545875
650, 325, 325, 1, 18458
650, 350, 300, 1, 19791
650, 300, 350, 1, 17042
1000, 500, 500, 1, 28125
1000, 700, 300, 1, 703083
2500, 1250, 1250, 1, 1464750
2500, 1000, 1500, 1, 1041875
5000, 2500, 2500, 1, 2572625
5000, 3000, 2000, 1, 3216416
8000, 4000, 4000, 1, 3349833
8000, 2000, 6000, 1, 1937750
10000, 4000, 6000, 1, 3386042
10000, 5000, 5000, 1, 4551542
650, 325, 325, 1, 18458
650, 350, 300, 1, 19959
650, 300, 350, 1, 17084
1000, 500, 500, 1, 28083
1000, 700, 300, 1, 704833
2500, 1250, 1250, 1, 1434541
2500, 1000, 1500, 1, 1045583
5000, 2500, 2500, 1, 2574916
5000, 3000, 2000, 1, 3258375
8000, 4000, 4000, 1, 3354709
8000, 2000, 6000, 1, 1919542
10000, 4000, 6000, 1, 3350375
10000, 5000, 5000, 1, 4566375
650, 325, 325, 1, 18417
650, 350, 300, 1, 19750
650, 300, 350, 1, 17166
1000, 500, 500, 1, 28000
1000, 700, 300, 1, 703375
2500, 1250, 1250, 1, 1436583
2500, 1000, 1500, 1, 1044125
5000, 2500, 2500, 1, 2612583
5000, 3000, 2000, 1, 3221875
8000, 4000, 4000, 1, 3368500
8000, 2000, 6000, 1, 1918917
10000, 4000, 6000, 1, 3358792
10000, 5000, 5000, 1, 4558375
650, 325, 325, 1, 18500
650, 350, 300, 1, 19875
650, 300, 350, 1, 17083
1000, 500, 500, 1, 27959
1000, 700, 300, 1, 702459
2500, 1250, 1250, 1, 1475458
2500, 1000, 1500, 1, 1046334
5000, 2500, 2500, 1, 2581209
5000, 3000, 2000, 1, 3224541
8000, 4000, 4000, 1, 3363625
8000, 2000, 6000, 1, 1922250
10000, 4000, 6000, 1, 3380250
10000, 5000, 5000, 1, 4566166
650, 325, 325, 1, 18542
650, 350, 300, 1, 19833
650, 300, 350, 1, 17166
1000, 500, 500, 1, 27917
1000, 700, 300, 1, 706208
2500, 1250, 1250, 1, 1443208
2500, 1000, 1500, 1, 1046625
5000, 2500, 2500, 1, 2585625
5000, 3000, 2000, 1, 3228708
8000, 4000, 4000, 1, 3385041
8000, 2000, 6000, 1, 1976042
10000, 4000, 6000, 1, 3364125
10000, 5000, 5000, 1, 4569166
650, 325, 325, 1, 18375
650, 350, 300, 1, 19709
650, 300, 350, 1, 17084
1000, 500, 500, 1, 28250
1000, 700, 300, 1, 707750
2500, 1250, 1250, 1, 1445125
2500, 1000, 1500, 1, 1047666
5000, 2500, 2500, 1, 2584333
5000, 3000, 2000, 1, 3235375
8000, 4000, 4000, 1, 3371291
8000, 2000, 6000, 1, 1966625
10000, 4000, 6000, 1, 3368042
10000, 5000, 5000, 1, 4575375
650, 325, 325, 1, 18459
650, 350, 300, 1, 19708
650, 300, 350, 1, 17041
1000, 500, 500, 1, 28042
1000, 700, 300, 1, 708000
2500, 1250, 1250, 1, 1450125
2500, 1000, 1500, 1, 1049292
5000, 2500, 2500, 1, 2586916
5000, 3000, 2000, 1, 3238500
8000, 4000, 4000, 1, 3377000
8000, 2000, 6000, 1, 1928333
10000, 4000, 6000, 1, 3370959
10000, 5000, 5000, 1, 4594500
650, 325, 325, 1, 18542
650, 350, 300, 1, 19750
650, 300, 350, 1, 17125
1000, 500, 500, 1, 28083
1000, 700, 300, 1, 708625
2500, 1250, 1250, 1, 1444791
2500, 1000, 1500, 1, 1053208
5000, 2500, 2500, 1, 2592750
5000, 3000, 2000, 1, 3243916
8000, 4000, 4000, 1, 3374500
8000, 2000, 6000, 1, 1932958
10000, 4000, 6000, 1, 3378750
10000, 5000, 5000, 1, 4583875
650, 325, 325, 1, 18750
650, 350, 300, 1, 19833
650, 300, 350, 1, 17250
1000, 500, 500, 1, 28042
1000, 700, 300, 1, 725083
2500, 1250, 1250, 1, 1449250
2500, 1000, 1500, 1, 1052167
5000, 2500, 2500, 1, 2632792
5000, 3000, 2000, 1, 3244250
8000, 4000, 4000, 1, 3383875
8000, 2000, 6000, 1, 1936625
10000, 4000, 6000, 1, 3379666
10000, 5000, 5000, 1, 4590417
650, 325, 325, 1, 18459
650, 350, 300, 1, 19834
650, 300, 350, 1, 17208
1000, 500, 500, 1, 28167
1000, 700, 300, 1, 710791
2500, 1250, 1250, 1, 1449875
2500, 1000, 1500, 1, 1054417
5000, 2500, 2500, 1, 2599375
5000, 3000, 2000, 1, 3246625
8000, 4000, 4000, 1, 3385041
8000, 2000, 6000, 1, 1937334
10000, 4000, 6000, 1, 3383042
10000, 5000, 5000, 1, 4596458
650, 325, 325, 1, 18542
650, 350, 300, 1, 19791
650, 300, 350, 1, 17083
1000, 500, 500, 1, 28000
1000, 700, 300, 1, 711500
2500, 1250, 1250, 1, 1451000
2500, 1000, 1500, 1, 1050792
5000, 2500, 2500, 1, 2601833
5000, 3000, 2000, 1, 3256125
8000, 4000, 4000, 1, 3419458
8000, 2000, 6000, 1, 1936416
10000, 4000, 6000, 1, 3400708
10000, 5000, 5000, 1, 4610417
650, 325, 325, 1, 18583
650, 350, 300, 1, 19833
650, 300, 350, 1, 17000
1000, 500, 500, 1, 28500
1000, 700, 300, 1, 711417
2500, 1250, 1250, 1, 1465583
2500, 1000, 1500, 1, 1052084
5000, 2500, 2500, 1, 2604625
5000, 3000, 2000, 1, 3254042
8000, 4000, 4000, 1, 3389417
8000, 2000, 6000, 1, 1940167
10000, 4000, 6000, 1, 3393166
10000, 5000, 5000, 1, 4610208
650, 325, 325, 1, 18416
650, 350, 300, 1, 19792
650, 300, 350, 1, 17542
1000, 500, 500, 1, 28167
1000, 700, 300, 1, 709542
2500, 1250, 1250, 1, 1458583
2500, 1000, 1500, 1, 1053291
5000, 2500, 2500, 1, 2610334
5000, 3000, 2000, 1, 3254959
8000, 4000, 4000, 1, 3395042
8000, 2000, 6000, 1, 2058334
10000, 4000, 6000, 1, 3406416
10000, 5000, 5000, 1, 4613125
650, 325, 325, 1, 18333
650, 350, 300, 1, 19875
650, 300, 350, 1, 17292
1000, 500, 500, 1, 30250
1000, 700, 300, 1, 836667
2500, 1250, 1250, 1, 1489834
2500, 1000, 1500, 1, 1063708
5000, 2500, 2500, 1, 2626334
5000, 3000, 2000, 1, 3285417
8000, 4000, 4000, 1, 3422000
8000, 2000, 6000, 1, 1942625
10000, 4000, 6000, 1, 3400541
10000, 5000, 5000, 1, 4685833
650, 325, 325, 1, 18500
650, 350, 300, 1, 19875
650, 300, 350, 1, 17084
1000, 500, 500, 1, 28000
1000, 700, 300, 1, 711167
2500, 1250, 1250, 1, 1470125
2500, 1000, 1500, 1, 1063625
5000, 2500, 2500, 1, 2639208
5000, 3000, 2000, 1, 3270375
8000, 4000, 4000, 1, 3434958
8000, 2000, 6000, 1, 1951834
10000, 4000, 6000, 1, 3403667
10000, 5000, 5000, 1, 4627041
650, 325, 325, 1, 18542
650, 350, 300, 1, 19834
650, 300, 350, 1, 17125
1000, 500, 500, 1, 28083
1000, 700, 300, 1, 717250
2500, 1250, 1250, 1, 1458042
2500, 1000, 1500, 1, 1062250
5000, 2500, 2500, 1, 2615708
5000, 3000, 2000, 1, 3278500
8000, 4000, 4000, 1, 3415708
8000, 2000, 6000, 1, 1952709
10000, 4000, 6000, 1, 3409625
10000, 5000, 5000, 1, 4638333
650, 325, 325, 1, 18459
650, 350, 300, 1, 19750
650, 300, 350, 1, 16958
1000, 500, 500, 1, 28125
1000, 700, 300, 1, 717667
2500, 1250, 1250, 1, 1462416
2500, 1000, 1500, 1, 1059166
5000, 2500, 2500, 1, 2623084
5000, 3000, 2000, 1, 3277125
8000, 4000, 4000, 1, 3451000
8000, 2000, 6000, 1, 1952042
10000, 4000, 6000, 1, 3419084
10000, 5000, 5000, 1, 4661875
650, 325, 325, 1, 18584
650, 350, 300, 1, 19875
650, 300, 350, 1, 17042
1000, 500, 500, 1, 30292
1000, 700, 300, 1, 716083
2500, 1250, 1250, 1, 1468000
2500, 1000, 1500, 1, 1062458
5000, 2500, 2500, 1, 2630166
5000, 3000, 2000, 1, 3287833
8000, 4000, 4000, 1, 3424125
8000, 2000, 6000, 1, 1956875
10000, 4000, 6000, 1, 3417333
10000, 5000, 5000, 1, 4643750
650, 325, 325, 1, 19958
650, 350, 300, 1, 19875
650, 300, 350, 1, 17000
1000, 500, 500, 1, 28000
1000, 700, 300, 1, 714333
2500, 1250, 1250, 1, 1468167
2500, 1000, 1500, 1, 1061667
5000, 2500, 2500, 1, 2626125
5000, 3000, 2000, 1, 3285625
8000, 4000, 4000, 1, 3417625
8000, 2000, 6000, 1, 1958417
10000, 4000, 6000, 1, 3419792
10000, 5000, 5000, 1, 4653375
650, 325, 325, 1, 18416
650, 350, 300, 1, 19875
650, 300, 350, 1, 17166
1000, 500, 500, 1, 28000
1000, 700, 300, 1, 715333
2500, 1250, 1250, 1, 1474250
2500, 1000, 1500, 1, 1069583
5000, 2500, 2500, 1, 2627750
5000, 3000, 2000, 1, 3289792
8000, 4000, 4000, 1, 3425584
8000, 2000, 6000, 1, 1970083
10000, 4000, 6000, 1, 3422083
10000, 5000, 5000, 1, 4656583
650, 325, 325, 1, 18583
650, 350, 300, 1, 19791
650, 300, 350, 1, 17167
1000, 500, 500, 1, 28042
1000, 700, 300, 1, 723959
2500, 1250, 1250, 1, 1481709
2500, 1000, 1500, 1, 1068500
5000, 2500, 2500, 1, 2630625
5000, 3000, 2000, 1, 3297458
8000, 4000, 4000, 1, 3438666
8000, 2000, 6000, 1, 1960875
10000, 4000, 6000, 1, 3430167
10000, 5000, 5000, 1, 4655250
650, 325, 325, 1, 18458
650, 350, 300, 1, 19875
650, 300, 350, 1, 17042
1000, 500, 500, 1, 27959
1000, 700, 300, 1, 721958
2500, 1250, 1250, 1, 1469417
2500, 1000, 1500, 1, 1065083
5000, 2500, 2500, 1, 2645416
5000, 3000, 2000, 1, 3291708
8000, 4000, 4000, 1, 3431833
8000, 2000, 6000, 1, 1964084
10000, 4000, 6000, 1, 3432833
10000, 5000, 5000, 1, 4662708
650, 325, 325, 1, 18417
650, 350, 300, 1, 19875
650, 300, 350, 1, 17709
1000, 500, 500, 1, 28125
1000, 700, 300, 1, 719625
2500, 1250, 1250, 1, 1475792
2500, 1000, 1500, 1, 1065375
5000, 2500, 2500, 1, 2643334
5000, 3000, 2000, 1, 3297583
8000, 4000, 4000, 1, 3526458
8000, 2000, 6000, 1, 2005541
10000, 4000, 6000, 1, 3478250
10000, 5000, 5000, 1, 4928750
650, 325, 325, 1, 19125
650, 350, 300, 1, 20458
650, 300, 350, 1, 17625
1000, 500, 500, 1, 28792
1000, 700, 300, 1, 742542
2500, 1250, 1250, 1, 1516917
2500, 1000, 1500, 1, 1072417
5000, 2500, 2500, 1, 2667958
5000, 3000, 2000, 1, 3304792
8000, 4000, 4000, 1, 3438958
8000, 2000, 6000, 1, 1982334
10000, 4000, 6000, 1, 3439250
10000, 5000, 5000, 1, 4674250
650, 325, 325, 1, 18458
650, 350, 300, 1, 19792
650, 300, 350, 1, 17166
1000, 500, 500, 1, 28042
1000, 700, 300, 1, 722250
2500, 1250, 1250, 1, 1477709
2500, 1000, 1500, 1, 1067459
5000, 2500, 2500, 1, 2644542
5000, 3000, 2000, 1, 3301083
8000, 4000, 4000, 1, 3445500
8000, 2000, 6000, 1, 1986833
10000, 4000, 6000, 1, 3437959
10000, 5000, 5000, 1, 4693125
650, 325, 325, 1, 18875
650, 350, 300, 1, 19833
650, 300, 350, 1, 17083
1000, 500, 500, 1, 28125
1000, 700, 300, 1, 720084
2500, 1250, 1250, 1, 1480417
2500, 1000, 1500, 1, 1071583
5000, 2500, 2500, 1, 2643042
5000, 3000, 2000, 1, 3349708
8000, 4000, 4000, 1, 3439625
8000, 2000, 6000, 1, 1969708
10000, 4000, 6000, 1, 3446209
10000, 5000, 5000, 1, 4679792
650, 325, 325, 1, 18292
650, 350, 300, 1, 19833
650, 300, 350, 1, 17084
1000, 500, 500, 1, 28125
1000, 700, 300, 1, 720917
2500, 1250, 1250, 1, 1488667
2500, 1000, 1500, 1, 1074833
5000, 2500, 2500, 1, 2653000
5000, 3000, 2000, 1, 3311000
8000, 4000, 4000, 1, 3446541
8000, 2000, 6000, 1, 1974792
10000, 4000, 6000, 1, 3446375
10000, 5000, 5000, 1, 4686000
650, 325, 325, 1, 18500
650, 350, 300, 1, 19792
650, 300, 350, 1, 17042
1000, 500, 500, 1, 28000
1000, 700, 300, 1, 724583
2500, 1250, 1250, 1, 1478333
2500, 1000, 1500, 1, 1078084
5000, 2500, 2500, 1, 2686167
5000, 3000, 2000, 1, 3346875
8000, 4000, 4000, 1, 3449583
8000, 2000, 6000, 1, 1975958
10000, 4000, 6000, 1, 3468792
10000, 5000, 5000, 1, 4691167
650, 325, 325, 1, 18459
650, 350, 300, 1, 19750
650, 300, 350, 1, 17041
1000, 500, 500, 1, 29000
1000, 700, 300, 1, 722375
2500, 1250, 1250, 1, 1482625
2500, 1000, 1500, 1, 1072583
5000, 2500, 2500, 1, 2670292
5000, 3000, 2000, 1, 3315458
8000, 4000, 4000, 1, 3449958
8000, 2000, 6000, 1, 1977333
10000, 4000, 6000, 1, 3453292
10000, 5000, 5000, 1, 4695833
650, 325, 325, 1, 18417
650, 350, 300, 1, 19792
650, 300, 350, 1, 17166
1000, 500, 500, 1, 28000
1000, 700, 300, 1, 727917
2500, 1250, 1250, 1, 1484125
2500, 1000, 1500, 1, 1076791
5000, 2500, 2500, 1, 2654458
5000, 3000, 2000, 1, 3322500
8000, 4000, 4000, 1, 3465083
8000, 2000, 6000, 1, 1978041
10000, 4000, 6000, 1, 3475083
10000, 5000, 5000, 1, 4728833
650, 325, 325, 1, 18417
650, 350, 300, 1, 20000
650, 300, 350, 1, 17125
1000, 500, 500, 1, 27958
1000, 700, 300, 1, 726750
2500, 1250, 1250, 1, 1486834
2500, 1000, 1500, 1, 1091000
5000, 2500, 2500, 1, 2703292
5000, 3000, 2000, 1, 3325542
8000, 4000, 4000, 1, 3465000
8000, 2000, 6000, 1, 1980250
10000, 4000, 6000, 1, 3462958
10000, 5000, 5000, 1, 4715750
650, 325, 325, 1, 18625
650, 350, 300, 1, 19750
650, 300, 350, 1, 17000
1000, 500, 500, 1, 28750
1000, 700, 300, 1, 724709
2500, 1250, 1250, 1, 1487875
2500, 1000, 1500, 1, 1076166
5000, 2500, 2500, 1, 2663667
5000, 3000, 2000, 1, 3345708
8000, 4000, 4000, 1, 3465250
8000, 2000, 6000, 1, 1982041
10000, 4000, 6000, 1, 3472125
10000, 5000, 5000, 1, 4715167
650, 325, 325, 1, 18375
650, 350, 300, 1, 19833
650, 300, 350, 1, 16958
1000, 500, 500, 1, 27958
1000, 700, 300, 1, 728000
2500, 1250, 1250, 1, 1492125
2500, 1000, 1500, 1, 1084167
5000, 2500, 2500, 1, 2664125
5000, 3000, 2000, 1, 3335416
8000, 4000, 4000, 1, 3486875
8000, 2000, 6000, 1, 1995500
10000, 4000, 6000, 1, 3472708
10000, 5000, 5000, 1, 4743750
650, 325, 325, 1, 18500
650, 350, 300, 1, 19917
650, 300, 350, 1, 17083
1000, 500, 500, 1, 28000
1000, 700, 300, 1, 729458
2500, 1250, 1250, 1, 1498458
2500, 1000, 1500, 1, 1078542
5000, 2500, 2500, 1, 2670916
5000, 3000, 2000, 1, 3350500
8000, 4000, 4000, 1, 3478125
8000, 2000, 6000, 1, 1987833
10000, 4000, 6000, 1, 3473625
10000, 5000, 5000, 1, 4748625
650, 325, 325, 1, 18458
650, 350, 300, 1, 19916
650, 300, 350, 1, 17000
1000, 500, 500, 1, 28125
1000, 700, 300, 1, 755292
2500, 1250, 1250, 1, 1498083
2500, 1000, 1500, 1, 1081291
5000, 2500, 2500, 1, 2695125
5000, 3000, 2000, 1, 3352833
8000, 4000, 4000, 1, 3515042
8000, 2000, 6000, 1, 2014583
10000, 4000, 6000, 1, 3473958
10000, 5000, 5000, 1, 4809583
650, 325, 325, 1, 18542
650, 350, 300, 1, 20583
650, 300, 350, 1, 17625
1000, 500, 500, 1, 28000
1000, 700, 300, 1, 730792
2500, 1250, 1250, 1, 1506959
2500, 1000, 1500, 1, 1092375
5000, 2500, 2500, 1, 2736000
5000, 3000, 2000, 1, 3394167
8000, 4000, 4000, 1, 3494542
8000, 2000, 6000, 1, 2009083
10000, 4000, 6000, 1, 3597583
10000, 5000, 5000, 1, 4808792
650, 325, 325, 1, 19500
650, 350, 300, 1, 21292
650, 300, 350, 1, 19000
1000, 500, 500, 1, 28125
1000, 700, 300, 1, 732416
2500, 1250, 1250, 1, 1511584
2500, 1000, 1500, 1, 1087542
5000, 2500, 2500, 1, 2709542
5000, 3000, 2000, 1, 3358750
8000, 4000, 4000, 1, 3511958
8000, 2000, 6000, 1, 2000625
10000, 4000, 6000, 1, 3492583
10000, 5000, 5000, 1, 4741125
650, 325, 325, 1, 18458
650, 350, 300, 1, 19875
650, 300, 350, 1, 17167
1000, 500, 500, 1, 27917
1000, 700, 300, 1, 735208
2500, 1250, 1250, 1, 1502958
2500, 1000, 1500, 1, 1085666
5000, 2500, 2500, 1, 2680750
5000, 3000, 2000, 1, 3354333
8000, 4000, 4000, 1, 3493875
8000, 2000, 6000, 1, 1997750
10000, 4000, 6000, 1, 3496459
10000, 5000, 5000, 1, 4781500
650, 325, 325, 1, 19125
650, 350, 300, 1, 19791
650, 300, 350, 1, 17042
1000, 500, 500, 1, 28042
1000, 700, 300, 1, 732875
2500, 1250, 1250, 1, 1532416
2500, 1000, 1500, 1, 1093459
5000, 2500, 2500, 1, 2706833
5000, 3000, 2000, 1, 3359917
8000, 4000, 4000, 1, 3502666
8000, 2000, 6000, 1, 1999792
10000, 4000, 6000, 1, 3491541
10000, 5000, 5000, 1, 4755334
650, 325, 325, 1, 18459
650, 350, 300, 1, 19833
650, 300, 350, 1, 17041
1000, 500, 500, 1, 28084
1000, 700, 300, 1, 736416
2500, 1250, 1250, 1, 1498125
2500, 1000, 1500, 1, 1091000
5000, 2500, 2500, 1, 2701875
5000, 3000, 2000, 1, 3374458
8000, 4000, 4000, 1, 3517792
8000, 2000, 6000, 1, 2002042
10000, 4000, 6000, 1, 3500750
10000, 5000, 5000, 1, 4752791
650, 325, 325, 1, 18542
650, 350, 300, 1, 19791
650, 300, 350, 1, 17875
1000, 500, 500, 1, 28042
1000, 700, 300, 1, 731875
2500, 1250, 1250, 1, 1505209
2500, 1000, 1500, 1, 1088500
5000, 2500, 2500, 1, 2695083
5000, 3000, 2000, 1, 3367292
8000, 4000, 4000, 1, 3504666
8000, 2000, 6000, 1, 2004375
10000, 4000, 6000, 1, 3497958
10000, 5000, 5000, 1, 4768459
650, 325, 325, 1, 18417
650, 350, 300, 1, 20042
650, 300, 350, 1, 17000
1000, 500, 500, 1, 28000
1000, 700, 300, 1, 752500
2500, 1250, 1250, 1, 1523625
2500, 1000, 1500, 1, 1094542
5000, 2500, 2500, 1, 2691459
5000, 3000, 2000, 1, 3380500
8000, 4000, 4000, 1, 3507792
8000, 2000, 6000, 1, 2012041
10000, 4000, 6000, 1, 3520708
10000, 5000, 5000, 1, 4760834
650, 325, 325, 1, 18375
650, 350, 300, 1, 19792
650, 300, 350, 1, 17583
1000, 500, 500, 1, 28083
1000, 700, 300, 1, 733833
2500, 1250, 1250, 1, 1506291
2500, 1000, 1500, 1, 1092042
5000, 2500, 2500, 1, 2696209
5000, 3000, 2000, 1, 3405875
8000, 4000, 4000, 1, 3503583
8000, 2000, 6000, 1, 2007041
10000, 4000, 6000, 1, 3507334
10000, 5000, 5000, 1, 4766125
650, 325, 325, 1, 18417
650, 350, 300, 1, 19875
650, 300, 350, 1, 17083
1000, 500, 500, 1, 28000
1000, 700, 300, 1, 735208
2500, 1250, 1250, 1, 1507375
2500, 1000, 1500, 1, 1107209
5000, 2500, 2500, 1, 2700500
5000, 3000, 2000, 1, 3373125
8000, 4000, 4000, 1, 3508459
8000, 2000, 6000, 1, 2054750
10000, 4000, 6000, 1, 3526292
10000, 5000, 5000, 1, 4768417
650, 325, 325, 1, 18500
650, 350, 300, 1, 19750
650, 300, 350, 1, 17750
1000, 500, 500, 1, 28125
1000, 700, 300, 1, 735333
2500, 1250, 1250, 1, 1509708
2500, 1000, 1500, 1, 1094209
5000, 2500, 2500, 1, 2703875
5000, 3000, 2000, 1, 3384375
8000, 4000, 4000, 1, 3512375
8000, 2000, 6000, 1, 2011917
10000, 4000, 6000, 1, 3512542
10000, 5000, 5000, 1, 4779084
650, 325, 325, 1, 18333
650, 350, 300, 1, 19917
650, 300, 350, 1, 17000
1000, 500, 500, 1, 27875
1000, 700, 300, 1, 737750
2500, 1250, 1250, 1, 1508334
2500, 1000, 1500, 1, 1095875
5000, 2500, 2500, 1, 2707208
5000, 3000, 2000, 1, 3382750
8000, 4000, 4000, 1, 3516250
8000, 2000, 6000, 1, 2016958
10000, 4000, 6000, 1, 3519708
10000, 5000, 5000, 1, 4795208
650, 325, 325, 1, 18500
650, 350, 300, 1, 19834
650, 300, 350, 1, 17125
1000, 500, 500, 1, 28042
1000, 700, 300, 1, 740000
2500, 1250, 1250, 1, 1516917
2500, 1000, 1500, 1, 1096584
5000, 2500, 2500, 1, 2707292
5000, 3000, 2000, 1, 3386375
8000, 4000, 4000, 1, 3549417
8000, 2000, 6000, 1, 2017209
10000, 4000, 6000, 1, 3517292
10000, 5000, 5000, 1, 4792917
650, 325, 325, 1, 18500
650, 350, 300, 1, 19833
650, 300, 350, 1, 17042
1000, 500, 500, 1, 28000
1000, 700, 300, 1, 740292
2500, 1250, 1250, 1, 1511750
2500, 1000, 1500, 1, 1099166
5000, 2500, 2500, 1, 2707917
5000, 3000, 2000, 1, 3406250
8000, 4000, 4000, 1, 3523833
8000, 2000, 6000, 1, 2020958
10000, 4000, 6000, 1, 3526625
10000, 5000, 5000, 1, 4791041
650, 325, 325, 1, 18375
650, 350, 300, 1, 19709
650, 300, 350, 1, 17042
1000, 500, 500, 1, 27917
1000, 700, 300, 1, 738208
2500, 1250, 1250, 1, 1517375
2500, 1000, 1500, 1, 1098667
5000, 2500, 2500, 1, 2713708
5000, 3000, 2000, 1, 3395125
8000, 4000, 4000, 1, 3528125
8000, 2000, 6000, 1, 2022208
10000, 4000, 6000, 1, 3525000
10000, 5000, 5000, 1, 4799375
650, 325, 325, 1, 18458
650, 350, 300, 1, 19917
650, 300, 350, 1, 17041
1000, 500, 500, 1, 27958
1000, 700, 300, 1, 742417
2500, 1250, 1250, 1, 1515125
2500, 1000, 1500, 1, 1100500
5000, 2500, 2500, 1, 2714417
5000, 3000, 2000, 1, 3399583
8000, 4000, 4000, 1, 3533958
8000, 2000, 6000, 1, 2022584
10000, 4000, 6000, 1, 3545333
10000, 5000, 5000, 1, 4808875
650, 325, 325, 1, 18583
650, 350, 300, 1, 19875
650, 300, 350, 1, 17041
1000, 500, 500, 1, 27917
1000, 700, 300, 1, 739958
2500, 1250, 1250, 1, 1520208
2500, 1000, 1500, 1, 1102041
5000, 2500, 2500, 1, 2718917
5000, 3000, 2000, 1, 3398833
8000, 4000, 4000, 1, 3555584
8000, 2000, 6000, 1, 2026500
10000, 4000, 6000, 1, 3541542
10000, 5000, 5000, 1, 4812125
650, 325, 325, 1, 18458
650, 350, 300, 1, 19791
650, 300, 350, 1, 16959
1000, 500, 500, 1, 28041
1000, 700, 300, 1, 749333
2500, 1250, 1250, 1, 1562208
2500, 1000, 1500, 1, 1100209
5000, 2500, 2500, 1, 2727833
5000, 3000, 2000, 1, 3409083
8000, 4000, 4000, 1, 3546792
8000, 2000, 6000, 1, 2028541
10000, 4000, 6000, 1, 3549083
10000, 5000, 5000, 1, 4820125
650, 325, 325, 1, 18458
650, 350, 300, 1, 20042
650, 300, 350, 1, 17167
1000, 500, 500, 1, 28041
1000, 700, 300, 1, 741500
2500, 1250, 1250, 1, 1525917
2500, 1000, 1500, 1, 1106625
5000, 2500, 2500, 1, 2725708
5000, 3000, 2000, 1, 3411708
8000, 4000, 4000, 1, 3547584
8000, 2000, 6000, 1, 2029708
10000, 4000, 6000, 1, 3555834
10000, 5000, 5000, 1, 4820584
650, 325, 325, 1, 18416
650, 350, 300, 1, 19791
650, 300, 350, 1, 17458
1000, 500, 500, 1, 28875
1000, 700, 300, 1, 742500
2500, 1250, 1250, 1, 1529584
2500, 1000, 1500, 1, 1102209
5000, 2500, 2500, 1, 2733541
5000, 3000, 2000, 1, 3417750
8000, 4000, 4000, 1, 3550083
8000, 2000, 6000, 1, 2034792
10000, 4000, 6000, 1, 3548291
10000, 5000, 5000, 1, 4830625
650, 325, 325, 1, 18334
650, 350, 300, 1, 19834
650, 300, 350, 1, 17250
1000, 500, 500, 1, 28250
1000, 700, 300, 1, 748500
2500, 1250, 1250, 1, 1523375
2500, 1000, 1500, 1, 1109208
5000, 2500, 2500, 1, 2735250
5000, 3000, 2000, 1, 3415833
8000, 4000, 4000, 1, 3572875
8000, 2000, 6000, 1, 2040375
10000, 4000, 6000, 1, 3611084
10000, 5000, 5000, 1, 4846625
650, 325, 325, 1, 18500
650, 350, 300, 1, 19708
650, 300, 350, 1, 17125
1000, 500, 500, 1, 28083
1000, 700, 300, 1, 750875
2500, 1250, 1250, 1, 1532792
2500, 1000, 1500, 1, 1110083
5000, 2500, 2500, 1, 2739916
5000, 3000, 2000, 1, 3440917
8000, 4000, 4000, 1, 3570917
8000, 2000, 6000, 1, 2042459
10000, 4000, 6000, 1, 3555000
10000, 5000, 5000, 1, 4830542
650, 325, 325, 1, 18375
650, 350, 300, 1, 19791
650, 300, 350, 1, 17042
1000, 500, 500, 1, 29000
1000, 700, 300, 1, 747458
2500, 1250, 1250, 1, 1530875
2500, 1000, 1500, 1, 1106083
5000, 2500, 2500, 1, 2771250
5000, 3000, 2000, 1, 3421791
8000, 4000, 4000, 1, 3556959
8000, 2000, 6000, 1, 2039750
10000, 4000, 6000, 1, 3556917
10000, 5000, 5000, 1, 4839541
650, 325, 325, 1, 18583
650, 350, 300, 1, 19917
650, 300, 350, 1, 17334
1000, 500, 500, 1, 28000
1000, 700, 300, 1, 748375
2500, 1250, 1250, 1, 1530875
2500, 1000, 1500, 1, 1109042
5000, 2500, 2500, 1, 2738250
5000, 3000, 2000, 1, 3426750
8000, 4000, 4000, 1, 3563875
8000, 2000, 6000, 1, 2041375
10000, 4000, 6000, 1, 3567958
10000, 5000, 5000, 1, 4856958
650, 325, 325, 1, 18416
650, 350, 300, 1, 19750
650, 300, 350, 1, 17167
1000, 500, 500, 1, 28125
1000, 700, 300, 1, 746459
2500, 1250, 1250, 1, 1535042
2500, 1000, 1500, 1, 1111125
5000, 2500, 2500, 1, 2744584
5000, 3000, 2000, 1, 3429083
8000, 4000, 4000, 1, 3574708
8000, 2000, 6000, 1, 2040583
10000, 4000, 6000, 1, 3564875
10000, 5000, 5000, 1, 4873041
650, 325, 325, 1, 18750
650, 350, 300, 1, 20084
650, 300, 350, 1, 17042
1000, 500, 500, 1, 28833
1000, 700, 300, 1, 747250
2500, 1250, 1250, 1, 1537292
2500, 1000, 1500, 1, 1109625
5000, 2500, 2500, 1, 2748084
5000, 3000, 2000, 1, 3440375
8000, 4000, 4000, 1, 3567500
8000, 2000, 6000, 1, 2043458
10000, 4000, 6000, 1, 3569209
10000, 5000, 5000, 1, 4851833
650, 325, 325, 1, 18458
650, 350, 300, 1, 19875
650, 300, 350, 1, 17084
1000, 500, 500, 1, 27958
1000, 700, 300, 1, 750542
2500, 1250, 1250, 1, 1533459
2500, 1000, 1500, 1, 1111250
5000, 2500, 2500, 1, 2750750
5000, 3000, 2000, 1, 3433166
8000, 4000, 4000, 1, 3572250
8000, 2000, 6000, 1, 2049667
10000, 4000, 6000, 1, 3576916
10000, 5000, 5000, 1, 4868417
650, 325, 325, 1, 18709
650, 350, 300, 1, 19875
650, 300, 350, 1, 17167
1000, 500, 500, 1, 27958
1000, 700, 300, 1, 748917
2500, 1250, 1250, 1, 1540917
2500, 1000, 1500, 1, 1120834
5000, 2500, 2500, 1, 2753208
5000, 3000, 2000, 1, 3444292
8000, 4000, 4000, 1, 3594542
8000, 2000, 6000, 1, 2047125
10000, 4000, 6000, 1, 3580625
10000, 5000, 5000, 1, 4860333
650, 325, 325, 1, 19125
650, 350, 300, 1, 19875
650, 300, 350, 1, 17041
1000, 500, 500, 1, 27958
1000, 700, 300, 1, 749750
2500, 1250, 1250, 1, 1539041
2500, 1000, 1500, 1, 1116292
5000, 2500, 2500, 1, 2753709
5000, 3000, 2000, 1, 3443083
8000, 4000, 4000, 1, 3579375
8000, 2000, 6000, 1, 2049750
10000, 4000, 6000, 1, 3580083
10000, 5000, 5000, 1, 4870083
650, 325, 325, 1, 18541
650, 350, 300, 1, 19875
650, 300, 350, 1, 17125
1000, 500, 500, 1, 28042
1000, 700, 300, 1, 773250
2500, 1250, 1250, 1, 1543958
2500, 1000, 1500, 1, 1114250
5000, 2500, 2500, 1, 2763875
5000, 3000, 2000, 1, 3452458
8000, 4000, 4000, 1, 3583917
8000, 2000, 6000, 1, 2056000
10000, 4000, 6000, 1, 3583334
10000, 5000, 5000, 1, 4891292
650, 325, 325, 1, 18500
650, 350, 300, 1, 19958
650, 300, 350, 1, 17167
1000, 500, 500, 1, 28083
1000, 700, 300, 1, 756792
2500, 1250, 1250, 1, 1548000
2500, 1000, 1500, 1, 1120458
5000, 2500, 2500, 1, 2766791
5000, 3000, 2000, 1, 3450917
8000, 4000, 4000, 1, 3595125
8000, 2000, 6000, 1, 2063000
10000, 4000, 6000, 1, 3591541
10000, 5000, 5000, 1, 4890875
650, 325, 325, 1, 18667
650, 350, 300, 1, 19792
650, 300, 350, 1, 17083
1000, 500, 500, 1, 27917
1000, 700, 300, 1, 751916
2500, 1250, 1250, 1, 1546792
2500, 1000, 1500, 1, 1123750
5000, 2500, 2500, 1, 2763708
5000, 3000, 2000, 1, 3462583
8000, 4000, 4000, 1, 3599875
8000, 2000, 6000, 1, 2060125
10000, 4000, 6000, 1, 3597250
10000, 5000, 5000, 1, 4892042
650, 325, 325, 1, 19833
650, 350, 300, 1, 19833
650, 300, 350, 1, 17084
1000, 500, 500, 1, 28041
1000, 700, 300, 1, 752791
2500, 1250, 1250, 1, 1550125
2500, 1000, 1500, 1, 1123125
5000, 2500, 2500, 1, 2774833
5000, 3000, 2000, 1, 3463791
8000, 4000, 4000, 1, 3635458
8000, 2000, 6000, 1, 2128666
10000, 4000, 6000, 1, 3600250
10000, 5000, 5000, 1, 4896083
650, 325, 325, 1, 18458
650, 350, 300, 1, 19667
650, 300, 350, 1, 17792
1000, 500, 500, 1, 27958
1000, 700, 300, 1, 753625
2500, 1250, 1250, 1, 1550167
2500, 1000, 1500, 1, 1122042
5000, 2500, 2500, 1, 2803875
5000, 3000, 2000, 1, 3461875
8000, 4000, 4000, 1, 3599083
8000, 2000, 6000, 1, 2064292
10000, 4000, 6000, 1, 3598166
10000, 5000, 5000, 1, 4894500
650, 325, 325, 1, 18500
650, 350, 300, 1, 19834
650, 300, 350, 1, 17250
1000, 500, 500, 1, 28334
1000, 700, 300, 1, 757750
2500, 1250, 1250, 1, 1571417
2500, 1000, 1500, 1, 1122750
5000, 2500, 2500, 1, 2772333
5000, 3000, 2000, 1, 3469834
8000, 4000, 4000, 1, 3601625
8000, 2000, 6000, 1, 2075333
10000, 4000, 6000, 1, 3603417
10000, 5000, 5000, 1, 4900250
650, 325, 325, 1, 18458
650, 350, 300, 1, 19834
650, 300, 350, 1, 17000
1000, 500, 500, 1, 28167
1000, 700, 300, 1, 758292
2500, 1250, 1250, 1, 1548291
2500, 1000, 1500, 1, 1139834
5000, 2500, 2500, 1, 2775333
5000, 3000, 2000, 1, 3470917
8000, 4000, 4000, 1, 3610833
8000, 2000, 6000, 1, 2064667
10000, 4000, 6000, 1, 3605250
10000, 5000, 5000, 1, 4908750
650, 325, 325, 1, 18375
650, 350, 300, 1, 19792
650, 300, 350, 1, 17167
1000, 500, 500, 1, 28084
1000, 700, 300, 1, 755959
2500, 1250, 1250, 1, 1552000
2500, 1000, 1500, 1, 1190000
5000, 2500, 2500, 1, 2775750
5000, 3000, 2000, 1, 3486167
8000, 4000, 4000, 1, 3609083
8000, 2000, 6000, 1, 2067208
10000, 4000, 6000, 1, 3631000
10000, 5000, 5000, 1, 4911084
650, 325, 325, 1, 18500
650, 350, 300, 1, 19791
650, 300, 350, 1, 17209
1000, 500, 500, 1, 28000
1000, 700, 300, 1, 757000
2500, 1250, 1250, 1, 1557292
2500, 1000, 1500, 1, 1130833
5000, 2500, 2500, 1, 2781417
5000, 3000, 2000, 1, 3500750
8000, 4000, 4000, 1, 3618167
8000, 2000, 6000, 1, 2074125
10000, 4000, 6000, 1, 3623833
10000, 5000, 5000, 1, 4933166
650, 325, 325, 1, 18417
650, 350, 300, 1, 19916
650, 300, 350, 1, 17084
1000, 500, 500, 1, 28000
1000, 700, 300, 1, 757625
2500, 1250, 1250, 1, 1561125
2500, 1000, 1500, 1, 1134917
5000, 2500, 2500, 1, 2783917
5000, 3000, 2000, 1, 3524291
8000, 4000, 4000, 1, 3627750
8000, 2000, 6000, 1, 2076791
10000, 4000, 6000, 1, 3621666
10000, 5000, 5000, 1, 4923583
650, 325, 325, 1, 18500
650, 350, 300, 1, 20375
650, 300, 350, 1, 16959
1000, 500, 500, 1, 28084
1000, 700, 300, 1, 758500
2500, 1250, 1250, 1, 1560750
2500, 1000, 1500, 1, 1131458
5000, 2500, 2500, 1, 2787500
5000, 3000, 2000, 1, 3493541
8000, 4000, 4000, 1, 3625625
8000, 2000, 6000, 1, 2090167
10000, 4000, 6000, 1, 3628333
10000, 5000, 5000, 1, 4926917
650, 325, 325, 1, 18333
650, 350, 300, 1, 19834
650, 300, 350, 1, 17166
1000, 500, 500, 1, 29500
1000, 700, 300, 1, 759000
2500, 1250, 1250, 1, 1566917
2500, 1000, 1500, 1, 1127500
5000, 2500, 2500, 1, 2798042
5000, 3000, 2000, 1, 3502000
8000, 4000, 4000, 1, 3652875
8000, 2000, 6000, 1, 2096000
10000, 4000, 6000, 1, 3634208
10000, 5000, 5000, 1, 4952292
650, 325, 325, 1, 18542
650, 350, 300, 1, 19792
650, 300, 350, 1, 17042
1000, 500, 500, 1, 28042
1000, 700, 300, 1, 765500
2500, 1250, 1250, 1, 1561209
2500, 1000, 1500, 1, 1128459
5000, 2500, 2500, 1, 2802458
5000, 3000, 2000, 1, 3587125
8000, 4000, 4000, 1, 3681459
8000, 2000, 6000, 1, 2079000
10000, 4000, 6000, 1, 3633958
10000, 5000, 5000, 1, 4958375
650, 325, 325, 1, 18583
650, 350, 300, 1, 19833
650, 300, 350, 1, 17250
1000, 500, 500, 1, 28125
1000, 700, 300, 1, 764041
2500, 1250, 1250, 1, 1567542
2500, 1000, 1500, 1, 1132625
5000, 2500, 2500, 1, 2818542
5000, 3000, 2000, 1, 3503708
8000, 4000, 4000, 1, 3634458
8000, 2000, 6000, 1, 2080625
10000, 4000, 6000, 1, 3632875
10000, 5000, 5000, 1, 4977583
650, 325, 325, 1, 18458
650, 350, 300, 1, 19791
650, 300, 350, 1, 17292
1000, 500, 500, 1, 28208
1000, 700, 300, 1, 764292
2500, 1250, 1250, 1, 1565250
2500, 1000, 1500, 1, 1131292
5000, 2500, 2500, 1, 2798708
5000, 3000, 2000, 1, 3499750
8000, 4000, 4000, 1, 3635458
8000, 2000, 6000, 1, 2125458
10000, 4000, 6000, 1, 3639834
10000, 5000, 5000, 1, 4946167
650, 325, 325, 1, 18458
650, 350, 300, 1, 19792
650, 300, 350, 1, 17041
1000, 500, 500, 1, 28125
1000, 700, 300, 1, 766208
2500, 1250, 1250, 1, 1567708
2500, 1000, 1500, 1, 1132250
5000, 2500, 2500, 1, 2801958
5000, 3000, 2000, 1, 3502334
8000, 4000, 4000, 1, 3640708
8000, 2000, 6000, 1, 2087084
10000, 4000, 6000, 1, 3637542
10000, 5000, 5000, 1, 4958083
650, 325, 325, 1, 18583
650, 350, 300, 1, 19792
650, 300, 350, 1, 17208
1000, 500, 500, 1, 28250
1000, 700, 300, 1, 765958
2500, 1250, 1250, 1, 1566292
2500, 1000, 1500, 1, 1134125
5000, 2500, 2500, 1, 2817917
5000, 3000, 2000, 1, 3623583
8000, 4000, 4000, 1, 3742209
8000, 2000, 6000, 1, 2090458
10000, 4000, 6000, 1, 3649375
10000, 5000, 5000, 1, 5187125
650, 325, 325, 1, 18500
650, 350, 300, 1, 19916
650, 300, 350, 1, 17041
1000, 500, 500, 1, 27875
1000, 700, 300, 1, 771083
2500, 1250, 1250, 1, 1586166
2500, 1000, 1500, 1, 1169083
5000, 2500, 2500, 1, 2823333
5000, 3000, 2000, 1, 3535250
8000, 4000, 4000, 1, 3658542
8000, 2000, 6000, 1, 2116459
10000, 4000, 6000, 1, 3716166
10000, 5000, 5000, 1, 5016917
650, 325, 325, 1, 18542
650, 350, 300, 1, 19916
650, 300, 350, 1, 17666
1000, 500, 500, 1, 27917
1000, 700, 300, 1, 765792
2500, 1250, 1250, 1, 1575625
2500, 1000, 1500, 1, 1166333
5000, 2500, 2500, 1, 2815250
5000, 3000, 2000, 1, 3523708
8000, 4000, 4000, 1, 3673834
8000, 2000, 6000, 1, 2095875
10000, 4000, 6000, 1, 3658750
10000, 5000, 5000, 1, 4983250
650, 325, 325, 1, 21375
650, 350, 300, 1, 19792
650, 300, 350, 1, 17125
1000, 500, 500, 1, 28875
1000, 700, 300, 1, 765500
2500, 1250, 1250, 1, 1577708
2500, 1000, 1500, 1, 1138958
5000, 2500, 2500, 1, 2822292
5000, 3000, 2000, 1, 3522292
8000, 4000, 4000, 1, 3662875
8000, 2000, 6000, 1, 2098333
10000, 4000, 6000, 1, 3659000
10000, 5000, 5000, 1, 4974125
650, 325, 325, 1, 18584
650, 350, 300, 1, 19750
650, 300, 350, 1, 17125
1000, 500, 500, 1, 28375
1000, 700, 300, 1, 766375
2500, 1250, 1250, 1, 1576875
2500, 1000, 1500, 1, 1138500
5000, 2500, 2500, 1, 2821791
5000, 3000, 2000, 1, 3530541
8000, 4000, 4000, 1, 3695042
8000, 2000, 6000, 1, 2145083
10000, 4000, 6000, 1, 3663417
10000, 5000, 5000, 1, 4984666
650, 325, 325, 1, 18584
650, 350, 300, 1, 19875
650, 300, 350, 1, 17166
1000, 500, 500, 1, 30125
1000, 700, 300, 1, 767167
2500, 1250, 1250, 1, 1578875
2500, 1000, 1500, 1, 1139750
5000, 2500, 2500, 1, 2900416
5000, 3000, 2000, 1, 3535375
8000, 4000, 4000, 1, 3689583
8000, 2000, 6000, 1, 2100250
10000, 4000, 6000, 1, 3667084
10000, 5000, 5000, 1, 4987250
650, 325, 325, 1, 18500
650, 350, 300, 1, 19792
650, 300, 350, 1, 18042
1000, 500, 500, 1, 27917
1000, 700, 300, 1, 789458
2500, 1250, 1250, 1, 1585167
2500, 1000, 1500, 1, 1145792
5000, 2500, 2500, 1, 2822375
5000, 3000, 2000, 1, 3536584
8000, 4000, 4000, 1, 3675209
8000, 2000, 6000, 1, 2102208
10000, 4000, 6000, 1, 3670125
10000, 5000, 5000, 1, 4992084
650, 325, 325, 1, 18416
650, 350, 300, 1, 20459
650, 300, 350, 1, 17042
1000, 500, 500, 1, 28000
1000, 700, 300, 1, 769000
2500, 1250, 1250, 1, 1582709
2500, 1000, 1500, 1, 1147416
5000, 2500, 2500, 1, 2830500
5000, 3000, 2000, 1, 3538375
8000, 4000, 4000, 1, 3677250
8000, 2000, 6000, 1, 2107208
10000, 4000, 6000, 1, 3674625
10000, 5000, 5000, 1, 5029000
650, 325, 325, 1, 19083
650, 350, 300, 1, 19750
650, 300, 350, 1, 17041
1000, 500, 500, 1, 28042
1000, 700, 300, 1, 769750
2500, 1250, 1250, 1, 1584459
2500, 1000, 1500, 1, 1148167
5000, 2500, 2500, 1, 2831167
5000, 3000, 2000, 1, 3574791
8000, 4000, 4000, 1, 3695584
8000, 2000, 6000, 1, 2139541
10000, 4000, 6000, 1, 3672958
10000, 5000, 5000, 1, 5015417
650, 325, 325, 1, 18375
650, 350, 300, 1, 19833
650, 300, 350, 1, 17083
1000, 500, 500, 1, 28041
1000, 700, 300, 1, 770625
2500, 1250, 1250, 1, 1582500
2500, 1000, 1500, 1, 1147500
5000, 2500, 2500, 1, 2829042
5000, 3000, 2000, 1, 3615833
8000, 4000, 4000, 1, 3677042
8000, 2000, 6000, 1, 2106417
10000, 4000, 6000, 1, 3680750
10000, 5000, 5000, 1, 5031625
650, 325, 325, 1, 18417
650, 350, 300, 1, 19750
650, 300, 350, 1, 17042
1000, 500, 500, 1, 28084
1000, 700, 300, 1, 771125
2500, 1250, 1250, 1, 1587209
2500, 1000, 1500, 1, 1152500
5000, 2500, 2500, 1, 2845583
5000, 3000, 2000, 1, 3545167
8000, 4000, 4000, 1, 3686833
8000, 2000, 6000, 1, 2146750
10000, 4000, 6000, 1, 3708167
10000, 5000, 5000, 1, 5019959
650, 325, 325, 1, 18417
650, 350, 300, 1, 19833
650, 300, 350, 1, 17000
1000, 500, 500, 1, 28000
1000, 700, 300, 1, 772167
2500, 1250, 1250, 1, 1588625
2500, 1000, 1500, 1, 1149750
5000, 2500, 2500, 1, 2861875
5000, 3000, 2000, 1, 3553625
8000, 4000, 4000, 1, 3693750
8000, 2000, 6000, 1, 2110875
10000, 4000, 6000, 1, 3688250
10000, 5000, 5000, 1, 5012625
650, 325, 325, 1, 18584
650, 350, 300, 1, 19792
650, 300, 350, 1, 17000
1000, 500, 500, 1, 28041
1000, 700, 300, 1, 774667
2500, 1250, 1250, 1, 1588333
2500, 1000, 1500, 1, 1153292
5000, 2500, 2500, 1, 2840666
5000, 3000, 2000, 1, 3548333
8000, 4000, 4000, 1, 3711375
8000, 2000, 6000, 1, 2120250
10000, 4000, 6000, 1, 3688291
10000, 5000, 5000, 1, 5045667
650, 325, 325, 1, 18708
650, 350, 300, 1, 19708
650, 300, 350, 1, 17042
1000, 500, 500, 1, 28042
1000, 700, 300, 1, 776334
2500, 1250, 1250, 1, 1589333
2500, 1000, 1500, 1, 1150333
5000, 2500, 2500, 1, 2843916
5000, 3000, 2000, 1, 3551917
8000, 4000, 4000, 1, 3692791
8000, 2000, 6000, 1, 2116291
10000, 4000, 6000, 1, 3691166
10000, 5000, 5000, 1, 5022333
650, 325, 325, 1, 18375
650, 350, 300, 1, 20125
650, 300, 350, 1, 17041
1000, 500, 500, 1, 28333
1000, 700, 300, 1, 777708
2500, 1250, 1250, 1, 1593833
2500, 1000, 1500, 1, 1150208
5000, 2500, 2500, 1, 2846250
5000, 3000, 2000, 1, 3558375
8000, 4000, 4000, 1, 3697250
8000, 2000, 6000, 1, 2118042
10000, 4000, 6000, 1, 3709250
10000, 5000, 5000, 1, 5066375
650, 325, 325, 1, 18584
650, 350, 300, 1, 19750
650, 300, 350, 1, 17084
1000, 500, 500, 1, 28250
1000, 700, 300, 1, 782042
2500, 1250, 1250, 1, 1626167
2500, 1000, 1500, 1, 1151417
5000, 2500, 2500, 1, 2853541
5000, 3000, 2000, 1, 3587250
8000, 4000, 4000, 1, 3721584
8000, 2000, 6000, 1, 2134459
10000, 4000, 6000, 1, 3711916
10000, 5000, 5000, 1, 5037667
650, 325, 325, 1, 19666
650, 350, 300, 1, 19833
650, 300, 350, 1, 17042
1000, 500, 500, 1, 27917
1000, 700, 300, 1, 776375
2500, 1250, 1250, 1, 1600750
2500, 1000, 1500, 1, 1157708
5000, 2500, 2500, 1, 2854625
5000, 3000, 2000, 1, 3593375
8000, 4000, 4000, 1, 3705958
8000, 2000, 6000, 1, 2124292
10000, 4000, 6000, 1, 3720792
10000, 5000, 5000, 1, 5110125
650, 325, 325, 1, 19042
650, 350, 300, 1, 20417
650, 300, 350, 1, 16958
1000, 500, 500, 1, 28125
1000, 700, 300, 1, 793250
2500, 1250, 1250, 1, 1625792
2500, 1000, 1500, 1, 1202625
5000, 2500, 2500, 1, 2969291
5000, 3000, 2000, 1, 3777916
8000, 4000, 4000, 1, 3894166
8000, 2000, 6000, 1, 2270042
10000, 4000, 6000, 1, 3708042
10000, 5000, 5000, 1, 5204708
650, 325, 325, 1, 18667
650, 350, 300, 1, 23125
650, 300, 350, 1, 17250
1000, 500, 500, 1, 28584
1000, 700, 300, 1, 780125
2500, 1250, 1250, 1, 1622042
2500, 1000, 1500, 1, 1158667
5000, 2500, 2500, 1, 2905000
5000, 3000, 2000, 1, 3682209
8000, 4000, 4000, 1, 3735750
8000, 2000, 6000, 1, 2133083
10000, 4000, 6000, 1, 3763500
10000, 5000, 5000, 1, 5075708
650, 325, 325, 1, 18500
650, 350, 300, 1, 19750
650, 300, 350, 1, 17083
1000, 500, 500, 1, 27959
1000, 700, 300, 1, 778458
2500, 1250, 1250, 1, 1602250
2500, 1000, 1500, 1, 1164334
5000, 2500, 2500, 1, 2894000
5000, 3000, 2000, 1, 3626334
8000, 4000, 4000, 1, 3725000
8000, 2000, 6000, 1, 2184792
10000, 4000, 6000, 1, 3723625
10000, 5000, 5000, 1, 5107000
650, 325, 325, 1, 18583
650, 350, 300, 1, 19916
650, 300, 350, 1, 17166
1000, 500, 500, 1, 28167
1000, 700, 300, 1, 784625
2500, 1250, 1250, 1, 1601292
2500, 1000, 1500, 1, 1185625
5000, 2500, 2500, 1, 2909584
5000, 3000, 2000, 1, 3586167
8000, 4000, 4000, 1, 3753000
8000, 2000, 6000, 1, 2179000
10000, 4000, 6000, 1, 3733875
10000, 5000, 5000, 1, 5090250
650, 325, 325, 1, 18500
650, 350, 300, 1, 19958
650, 300, 350, 1, 17166
1000, 500, 500, 1, 28042
1000, 700, 300, 1, 785042
2500, 1250, 1250, 1, 1618291
2500, 1000, 1500, 1, 1159042
5000, 2500, 2500, 1, 2940750
5000, 3000, 2000, 1, 3598166
8000, 4000, 4000, 1, 3790166
8000, 2000, 6000, 1, 2136833
10000, 4000, 6000, 1, 3726000
10000, 5000, 5000, 1, 5085250
650, 325, 325, 1, 18583
650, 350, 300, 1, 19958
650, 300, 350, 1, 18500
1000, 500, 500, 1, 28042
1000, 700, 300, 1, 791500
2500, 1250, 1250, 1, 1607625
2500, 1000, 1500, 1, 1174875
5000, 2500, 2500, 1, 2870500
5000, 3000, 2000, 1, 3602791
8000, 4000, 4000, 1, 3763625
8000, 2000, 6000, 1, 2140042
10000, 4000, 6000, 1, 3764125
10000, 5000, 5000, 1, 5089041
650, 325, 325, 1, 18500
650, 350, 300, 1, 19792
650, 300, 350, 1, 17125
1000, 500, 500, 1, 28125
1000, 700, 300, 1, 783417
2500, 1250, 1250, 1, 1645875
2500, 1000, 1500, 1, 1168000
5000, 2500, 2500, 1, 2877875
5000, 3000, 2000, 1, 3605166
8000, 4000, 4000, 1, 3749083
8000, 2000, 6000, 1, 2143542
10000, 4000, 6000, 1, 3794250
10000, 5000, 5000, 1, 5083791
650, 325, 325, 1, 18458
650, 350, 300, 1, 20042
650, 300, 350, 1, 17250
1000, 500, 500, 1, 28084
1000, 700, 300, 1, 787750
2500, 1250, 1250, 1, 1675042
2500, 1000, 1500, 1, 1170417
5000, 2500, 2500, 1, 3027583
5000, 3000, 2000, 1, 3642667
8000, 4000, 4000, 1, 3742500
8000, 2000, 6000, 1, 2353042
10000, 4000, 6000, 1, 3760750
10000, 5000, 5000, 1, 5141167
650, 325, 325, 1, 18458
650, 350, 300, 1, 22416
650, 300, 350, 1, 18417
1000, 500, 500, 1, 28042
1000, 700, 300, 1, 793125
2500, 1250, 1250, 1, 1627709
2500, 1000, 1500, 1, 1175959
5000, 2500, 2500, 1, 2900417
5000, 3000, 2000, 1, 3678958
8000, 4000, 4000, 1, 3763250
8000, 2000, 6000, 1, 2244334
10000, 4000, 6000, 1, 3765666
10000, 5000, 5000, 1, 5110875
650, 325, 325, 1, 18375
650, 350, 300, 1, 20542
650, 300, 350, 1, 17708
1000, 500, 500, 1, 28208
1000, 700, 300, 1, 801792
2500, 1250, 1250, 1, 1623416
2500, 1000, 1500, 1, 1177917
5000, 2500, 2500, 1, 2933000
5000, 3000, 2000, 1, 3628833
8000, 4000, 4000, 1, 3862833
8000, 2000, 6000, 1, 2146416
10000, 4000, 6000, 1, 3764125
10000, 5000, 5000, 1, 5113792
650, 325, 325, 1, 18500
650, 350, 300, 1, 19792
650, 300, 350, 1, 17083
1000, 500, 500, 1, 27958
1000, 700, 300, 1, 787750
2500, 1250, 1250, 1, 1634958
2500, 1000, 1500, 1, 1218125
5000, 2500, 2500, 1, 2948875
5000, 3000, 2000, 1, 3688167
8000, 4000, 4000, 1, 3794375
8000, 2000, 6000, 1, 2151667
10000, 4000, 6000, 1, 3758917
10000, 5000, 5000, 1, 5160917
650, 325, 325, 1, 18625
650, 350, 300, 1, 19834
650, 300, 350, 1, 17125
1000, 500, 500, 1, 34750
1000, 700, 300, 1, 793417
2500, 1250, 1250, 1, 1617000
2500, 1000, 1500, 1, 1235375
5000, 2500, 2500, 1, 2901792
5000, 3000, 2000, 1, 3788750
8000, 4000, 4000, 1, 3761750
8000, 2000, 6000, 1, 2172625
10000, 4000, 6000, 1, 3821708
10000, 5000, 5000, 1, 5244416
650, 325, 325, 1, 18750
650, 350, 300, 1, 19917
650, 300, 350, 1, 32000
1000, 500, 500, 1, 28000
1000, 700, 300, 1, 789500
2500, 1250, 1250, 1, 1630459
2500, 1000, 1500, 1, 1173375
5000, 2500, 2500, 1, 2893292
5000, 3000, 2000, 1, 3621583
8000, 4000, 4000, 1, 3767542
8000, 2000, 6000, 1, 2288291
10000, 4000, 6000, 1, 3760708
10000, 5000, 5000, 1, 5123250
650, 325, 325, 1, 18458
650, 350, 300, 1, 19791
650, 300, 350, 1, 17208
1000, 500, 500, 1, 28000
1000, 700, 300, 1, 837959
2500, 1250, 1250, 1, 1651250
2500, 1000, 1500, 1, 1169375
5000, 2500, 2500, 1, 3038708
5000, 3000, 2000, 1, 3623875
8000, 4000, 4000, 1, 3767958
8000, 2000, 6000, 1, 2200916
10000, 4000, 6000, 1, 3772167
10000, 5000, 5000, 1, 5199541
650, 325, 325, 1, 18459
650, 350, 300, 1, 19833
650, 300, 350, 1, 16917
1000, 500, 500, 1, 27916
1000, 700, 300, 1, 787917
2500, 1250, 1250, 1, 1630833
2500, 1000, 1500, 1, 1183875
5000, 2500, 2500, 1, 2964542
5000, 3000, 2000, 1, 3658709
8000, 4000, 4000, 1, 3790000
8000, 2000, 6000, 1, 2228792
10000, 4000, 6000, 1, 3777709
10000, 5000, 5000, 1, 5253166
650, 325, 325, 1, 18708
650, 350, 300, 1, 19750
650, 300, 350, 1, 17042
1000, 500, 500, 1, 28000
1000, 700, 300, 1, 796084
2500, 1250, 1250, 1, 1637542
2500, 1000, 1500, 1, 1171750
5000, 2500, 2500, 1, 2978333
5000, 3000, 2000, 1, 3647417
8000, 4000, 4000, 1, 3870625
8000, 2000, 6000, 1, 2174042
10000, 4000, 6000, 1, 3863250
10000, 5000, 5000, 1, 5188250
650, 325, 325, 1, 18667
650, 350, 300, 1, 19959
650, 300, 350, 1, 17166
1000, 500, 500, 1, 36625
1000, 700, 300, 1, 789625
2500, 1250, 1250, 1, 1635125
2500, 1000, 1500, 1, 1249375
5000, 2500, 2500, 1, 2917041
5000, 3000, 2000, 1, 3773417
8000, 4000, 4000, 1, 3778750
8000, 2000, 6000, 1, 2177333
10000, 4000, 6000, 1, 3820750
10000, 5000, 5000, 1, 5186583
650, 325, 325, 1, 18500
650, 350, 300, 1, 19916
650, 300, 350, 1, 17083
1000, 500, 500, 1, 27917
1000, 700, 300, 1, 835958
2500, 1250, 1250, 1, 1627125
2500, 1000, 1500, 1, 1177042
5000, 2500, 2500, 1, 2932000
5000, 3000, 2000, 1, 3686667
8000, 4000, 4000, 1, 3786250
8000, 2000, 6000, 1, 2177042
10000, 4000, 6000, 1, 3806875
10000, 5000, 5000, 1, 5164500
650, 325, 325, 1, 18459
650, 350, 300, 1, 19958
650, 300, 350, 1, 32375
1000, 500, 500, 1, 27916
1000, 700, 300, 1, 791625
2500, 1250, 1250, 1, 1652500
2500, 1000, 1500, 1, 1191166
5000, 2500, 2500, 1, 2924750
5000, 3000, 2000, 1, 3676792
8000, 4000, 4000, 1, 3786791
8000, 2000, 6000, 1, 2174375
10000, 4000, 6000, 1, 3855958
10000, 5000, 5000, 1, 5178958
650, 325, 325, 1, 18500
650, 350, 300, 1, 19791
650, 300, 350, 1, 17041
1000, 500, 500, 1, 28208
1000, 700, 300, 1, 797958
2500, 1250, 1250, 1, 1632417
2500, 1000, 1500, 1, 1190042
5000, 2500, 2500, 1, 2952250
5000, 3000, 2000, 1, 3639833
8000, 4000, 4000, 1, 3813041
8000, 2000, 6000, 1, 2168166
10000, 4000, 6000, 1, 3790333
10000, 5000, 5000, 1, 5191291
650, 325, 325, 1, 18417
650, 350, 300, 1, 19750
650, 300, 350, 1, 17167
1000, 500, 500, 1, 28000
1000, 700, 300, 1, 792834
2500, 1250, 1250, 1, 1635750
2500, 1000, 1500, 1, 1180791
5000, 2500, 2500, 1, 2925792
5000, 3000, 2000, 1, 3658541
8000, 4000, 4000, 1, 3822125
8000, 2000, 6000, 1, 2193083
10000, 4000, 6000, 1, 3800708
10000, 5000, 5000, 1, 5200041
650, 325, 325, 1, 18500
650, 350, 300, 1, 19958
650, 300, 350, 1, 17084
1000, 500, 500, 1, 28750
1000, 700, 300, 1, 793750
2500, 1250, 1250, 1, 1631209
2500, 1000, 1500, 1, 1221667
5000, 2500, 2500, 1, 2913833
5000, 3000, 2000, 1, 3660375
8000, 4000, 4000, 1, 3841458
8000, 2000, 6000, 1, 2186167
10000, 4000, 6000, 1, 3846083
10000, 5000, 5000, 1, 5158334
650, 325, 325, 1, 18500
650, 350, 300, 1, 19792
650, 300, 350, 1, 17125
1000, 500, 500, 1, 28083
1000, 700, 300, 1, 794667
2500, 1250, 1250, 1, 1686875
2500, 1000, 1500, 1, 1185500
5000, 2500, 2500, 1, 2935083
5000, 3000, 2000, 1, 3702292
8000, 4000, 4000, 1, 3797625
8000, 2000, 6000, 1, 2181083
10000, 4000, 6000, 1, 3855667
10000, 5000, 5000, 1, 5220500
650, 325, 325, 1, 19250
650, 350, 300, 1, 20625
650, 300, 350, 1, 16958
1000, 500, 500, 1, 27959
1000, 700, 300, 1, 795334
2500, 1250, 1250, 1, 1644125
2500, 1000, 1500, 1, 1183834
5000, 2500, 2500, 1, 2932333
5000, 3000, 2000, 1, 3691916
8000, 4000, 4000, 1, 3819708
8000, 2000, 6000, 1, 2214542
10000, 4000, 6000, 1, 3797500
10000, 5000, 5000, 1, 5221917
650, 325, 325, 1, 18459
650, 350, 300, 1, 19791
650, 300, 350, 1, 16916
1000, 500, 500, 1, 27958
1000, 700, 300, 1, 798833
2500, 1250, 1250, 1, 1639125
2500, 1000, 1500, 1, 1196541
5000, 2500, 2500, 1, 2960875
5000, 3000, 2000, 1, 3661375
8000, 4000, 4000, 1, 3842292
8000, 2000, 6000, 1, 2180084
10000, 4000, 6000, 1, 3804416
10000, 5000, 5000, 1, 5239542
650, 325, 325, 1, 18875
650, 350, 300, 1, 19958
650, 300, 350, 1, 17125
1000, 500, 500, 1, 27916
1000, 700, 300, 1, 797125
2500, 1250, 1250, 1, 1644875
2500, 1000, 1500, 1, 1186834
5000, 2500, 2500, 1, 2932250
5000, 3000, 2000, 1, 3679625
8000, 4000, 4000, 1, 3837583
8000, 2000, 6000, 1, 2178167
10000, 4000, 6000, 1, 3811709
10000, 5000, 5000, 1, 5219459
650, 325, 325, 1, 18417
650, 350, 300, 1, 19833
650, 300, 350, 1, 17250
1000, 500, 500, 1, 30875
1000, 700, 300, 1, 800792
2500, 1250, 1250, 1, 1642875
2500, 1000, 1500, 1, 1232667
5000, 2500, 2500, 1, 2932166
5000, 3000, 2000, 1, 3679417
8000, 4000, 4000, 1, 3843125
8000, 2000, 6000, 1, 2189375
10000, 4000, 6000, 1, 3856208
10000, 5000, 5000, 1, 5186667
650, 325, 325, 1, 18417
650, 350, 300, 1, 19875
650, 300, 350, 1, 17042
1000, 500, 500, 1, 28000
1000, 700, 300, 1, 828125
2500, 1250, 1250, 1, 1658709
2500, 1000, 1500, 1, 1188708
5000, 2500, 2500, 1, 2945459
5000, 3000, 2000, 1, 3720375
8000, 4000, 4000, 1, 3808459
8000, 2000, 6000, 1, 2183375
10000, 4000, 6000, 1, 3858959
10000, 5000, 5000, 1, 5197125
650, 325, 325, 1, 18583
650, 350, 300, 1, 19917
650, 300, 350, 1, 17167
1000, 500, 500, 1, 28041
1000, 700, 300, 1, 804083
2500, 1250, 1250, 1, 1642917
2500, 1000, 1500, 1, 1187000
5000, 2500, 2500, 1, 2952458
5000, 3000, 2000, 1, 3686125
8000, 4000, 4000, 1, 3824250
8000, 2000, 6000, 1, 2207667
10000, 4000, 6000, 1, 3816250
10000, 5000, 5000, 1, 5287500
650, 325, 325, 1, 18375
650, 350, 300, 1, 19958
650, 300, 350, 1, 16917
1000, 500, 500, 1, 28083
1000, 700, 300, 1, 803583
2500, 1250, 1250, 1, 1644291
2500, 1000, 1500, 1, 1193250
5000, 2500, 2500, 1, 2974959
5000, 3000, 2000, 1, 3695333
8000, 4000, 4000, 1, 3869500
8000, 2000, 6000, 1, 2197958
10000, 4000, 6000, 1, 3832375
10000, 5000, 5000, 1, 5189458
650, 325, 325, 1, 18459
650, 350, 300, 1, 20333
650, 300, 350, 1, 17000
1000, 500, 500, 1, 28042
1000, 700, 300, 1, 803958
2500, 1250, 1250, 1, 1655916
2500, 1000, 1500, 1, 1215541
5000, 2500, 2500, 1, 2962167
5000, 3000, 2000, 1, 3723292
8000, 4000, 4000, 1, 3884542
8000, 2000, 6000, 1, 2188917
10000, 4000, 6000, 1, 3835250
10000, 5000, 5000, 1, 5211750
650, 325, 325, 1, 18459
650, 350, 300, 1, 19833
650, 300, 350, 1, 17083
1000, 500, 500, 1, 28083
1000, 700, 300, 1, 806292
2500, 1250, 1250, 1, 1665750
2500, 1000, 1500, 1, 1190959
5000, 2500, 2500, 1, 2946875
5000, 3000, 2000, 1, 3722167
8000, 4000, 4000, 1, 3822083
8000, 2000, 6000, 1, 2200666
10000, 4000, 6000, 1, 3828417
10000, 5000, 5000, 1, 5221458
650, 325, 325, 1, 18375
650, 350, 300, 1, 19875
650, 300, 350, 1, 17042
1000, 500, 500, 1, 27958
1000, 700, 300, 1, 802375
2500, 1250, 1250, 1, 1650167
2500, 1000, 1500, 1, 1197542
5000, 2500, 2500, 1, 2949292
5000, 3000, 2000, 1, 3689875
8000, 4000, 4000, 1, 3829792
8000, 2000, 6000, 1, 2197291
10000, 4000, 6000, 1, 3861000
10000, 5000, 5000, 1, 5208375
650, 325, 325, 1, 18500
650, 350, 300, 1, 19958
650, 300, 350, 1, 17166
1000, 500, 500, 1, 28208
1000, 700, 300, 1, 807250
2500, 1250, 1250, 1, 1654375
2500, 1000, 1500, 1, 1193250
5000, 2500, 2500, 1, 2951625
5000, 3000, 2000, 1, 3695625
8000, 4000, 4000, 1, 3867000
8000, 2000, 6000, 1, 2195250
10000, 4000, 6000, 1, 3834750
10000, 5000, 5000, 1, 5212125
650, 325, 325, 1, 18500
650, 350, 300, 1, 19792
650, 300, 350, 1, 17167
1000, 500, 500, 1, 28041
1000, 700, 300, 1, 810291
2500, 1250, 1250, 1, 1650292
2500, 1000, 1500, 1, 1201458
5000, 2500, 2500, 1, 2984833
5000, 3000, 2000, 1, 3695584
8000, 4000, 4000, 1, 3832958
8000, 2000, 6000, 1, 2202042
10000, 4000, 6000, 1, 3832625
10000, 5000, 5000, 1, 5219458
650, 325, 325, 1, 18459
650, 350, 300, 1, 20459
650, 300, 350, 1, 17083
1000, 500, 500, 1, 28125
1000, 700, 300, 1, 805042
2500, 1250, 1250, 1, 1695958
2500, 1000, 1500, 1, 1238750
5000, 2500, 2500, 1, 2996584
5000, 3000, 2000, 1, 3702125
8000, 4000, 4000, 1, 3845959
8000, 2000, 6000, 1, 2229375
10000, 4000, 6000, 1, 3836958
10000, 5000, 5000, 1, 5236000
650, 325, 325, 1, 18625
650, 350, 300, 1, 22208
650, 300, 350, 1, 17000
1000, 500, 500, 1, 27958
1000, 700, 300, 1, 808500
2500, 1250, 1250, 1, 1656208
2500, 1000, 1500, 1, 1196625
5000, 2500, 2500, 1, 2963625
5000, 3000, 2000, 1, 3710875
8000, 4000, 4000, 1, 3845792
8000, 2000, 6000, 1, 2204875
10000, 4000, 6000, 1, 3846000
10000, 5000, 5000, 1, 5228250
650, 325, 325, 1, 18416
650, 350, 300, 1, 19750
650, 300, 350, 1, 16959
1000, 500, 500, 1, 28042
1000, 700, 300, 1, 809458
2500, 1250, 1250, 1, 1660958
2500, 1000, 1500, 1, 1202417
5000, 2500, 2500, 1, 2997750
5000, 3000, 2000, 1, 3707125
8000, 4000, 4000, 1, 3848917
8000, 2000, 6000, 1, 2204333
10000, 4000, 6000, 1, 3845042
10000, 5000, 5000, 1, 5244583
650, 325, 325, 1, 18750
650, 350, 300, 1, 20750
650, 300, 350, 1, 17042
1000, 500, 500, 1, 28167
1000, 700, 300, 1, 810250
2500, 1250, 1250, 1, 1678916
2500, 1000, 1500, 1, 1202250
5000, 2500, 2500, 1, 2968042
5000, 3000, 2000, 1, 3733625
8000, 4000, 4000, 1, 3848042
8000, 2000, 6000, 1, 2208875
10000, 4000, 6000, 1, 3849917
10000, 5000, 5000, 1, 5298792
650, 325, 325, 1, 18500
650, 350, 300, 1, 19792
650, 300, 350, 1, 17042
1000, 500, 500, 1, 28125
1000, 700, 300, 1, 810750
2500, 1250, 1250, 1, 1661875
2500, 1000, 1500, 1, 1203250
5000, 2500, 2500, 1, 2979042
5000, 3000, 2000, 1, 3757250
8000, 4000, 4000, 1, 3851834
8000, 2000, 6000, 1, 2210875
10000, 4000, 6000, 1, 3852709
10000, 5000, 5000, 1, 5244959
650, 325, 325, 1, 18500
650, 350, 300, 1, 19625
650, 300, 350, 1, 17000
1000, 500, 500, 1, 27959
1000, 700, 300, 1, 811000
2500, 1250, 1250, 1, 1660125
2500, 1000, 1500, 1, 1206250
5000, 2500, 2500, 1, 2973208
5000, 3000, 2000, 1, 3719000
8000, 4000, 4000, 1, 3858542
8000, 2000, 6000, 1, 2210375
10000, 4000, 6000, 1, 3858417
10000, 5000, 5000, 1, 5286000
650, 325, 325, 1, 18542
650, 350, 300, 1, 19833
650, 300, 350, 1, 17125
1000, 500, 500, 1, 28167
1000, 700, 300, 1, 812459
2500, 1250, 1250, 1, 1667041
2500, 1000, 1500, 1, 1205958
5000, 2500, 2500, 1, 2978125
5000, 3000, 2000, 1, 3724583
8000, 4000, 4000, 1, 3866542
8000, 2000, 6000, 1, 2217458
10000, 4000, 6000, 1, 3866541
10000, 5000, 5000, 1, 5282042
650, 325, 325, 1, 18375
650, 350, 300, 1, 19875
650, 300, 350, 1, 17083
1000, 500, 500, 1, 28000
1000, 700, 300, 1, 813750
2500, 1250, 1250, 1, 1671459
2500, 1000, 1500, 1, 1204209
5000, 2500, 2500, 1, 2978666
5000, 3000, 2000, 1, 3744791
8000, 4000, 4000, 1, 3953333
8000, 2000, 6000, 1, 2218083
10000, 4000, 6000, 1, 3865958
10000, 5000, 5000, 1, 5257875
650, 325, 325, 1, 18416
650, 350, 300, 1, 19834
650, 300, 350, 1, 17000
1000, 500, 500, 1, 28000
1000, 700, 300, 1, 826791
2500, 1250, 1250, 1, 1677666
2500, 1000, 1500, 1, 1205250
5000, 2500, 2500, 1, 2981834
5000, 3000, 2000, 1, 3729250
8000, 4000, 4000, 1, 3871208
8000, 2000, 6000, 1, 2216834
10000, 4000, 6000, 1, 3866041
10000, 5000, 5000, 1, 5319250
650, 325, 325, 1, 18500
650, 350, 300, 1, 19875
650, 300, 350, 1, 17125
1000, 500, 500, 1, 27958
1000, 700, 300, 1, 812083
2500, 1250, 1250, 1, 1671250
2500, 1000, 1500, 1, 1209250
5000, 2500, 2500, 1, 2988084
5000, 3000, 2000, 1, 3733542
8000, 4000, 4000, 1, 3874416
8000, 2000, 6000, 1, 2272208
10000, 4000, 6000, 1, 3872625
10000, 5000, 5000, 1, 5268125
650, 325, 325, 1, 18834
650, 350, 300, 1, 19875
650, 300, 350, 1, 16917
1000, 500, 500, 1, 28167
1000, 700, 300, 1, 812625
2500, 1250, 1250, 1, 1673834
2500, 1000, 1500, 1, 1210042
5000, 2500, 2500, 1, 2987500
5000, 3000, 2000, 1, 3743542
8000, 4000, 4000, 1, 3882708
8000, 2000, 6000, 1, 2223958
10000, 4000, 6000, 1, 3892042
10000, 5000, 5000, 1, 5308875
650, 325, 325, 1, 18500
650, 350, 300, 1, 19834
650, 300, 350, 1, 17083
1000, 500, 500, 1, 28083
1000, 700, 300, 1, 816250
2500, 1250, 1250, 1, 1673833
2500, 1000, 1500, 1, 1208708
5000, 2500, 2500, 1, 3064334
5000, 3000, 2000, 1, 3744417
8000, 4000, 4000, 1, 3877166
8000, 2000, 6000, 1, 2229250
10000, 4000, 6000, 1, 3908042
10000, 5000, 5000, 1, 5300458
650, 325, 325, 1, 18416
650, 350, 300, 1, 19834
650, 300, 350, 1, 17042
1000, 500, 500, 1, 27959
1000, 700, 300, 1, 817292
2500, 1250, 1250, 1, 1678334
2500, 1000, 1500, 1, 1230125
5000, 2500, 2500, 1, 2997625
5000, 3000, 2000, 1, 3745209
8000, 4000, 4000, 1, 3882542
8000, 2000, 6000, 1, 2227708
10000, 4000, 6000, 1, 3885041
10000, 5000, 5000, 1, 5285416
650, 325, 325, 1, 18417
650, 350, 300, 1, 19875
650, 300, 350, 1, 17125
1000, 500, 500, 1, 28083
1000, 700, 300, 1, 818416
2500, 1250, 1250, 1, 1677209
2500, 1000, 1500, 1, 1217083
5000, 2500, 2500, 1, 2997000
5000, 3000, 2000, 1, 3761709
8000, 4000, 4000, 1, 3889208
8000, 2000, 6000, 1, 2230875
10000, 4000, 6000, 1, 3885958
10000, 5000, 5000, 1, 5290750
650, 325, 325, 1, 18375
650, 350, 300, 1, 19875
650, 300, 350, 1, 17083
1000, 500, 500, 1, 28042
1000, 700, 300, 1, 816333
2500, 1250, 1250, 1, 1678209
2500, 1000, 1500, 1, 1215667
5000, 2500, 2500, 1, 3013000
5000, 3000, 2000, 1, 3751417
8000, 4000, 4000, 1, 3922125
8000, 2000, 6000, 1, 2233542
10000, 4000, 6000, 1, 3902875
10000, 5000, 5000, 1, 5296833
650, 325, 325, 1, 18667
650, 350, 300, 1, 19959
650, 300, 350, 1, 17833
1000, 500, 500, 1, 28167
1000, 700, 300, 1, 816833
2500, 1250, 1250, 1, 1679916
2500, 1000, 1500, 1, 1217042
5000, 2500, 2500, 1, 3003000
5000, 3000, 2000, 1, 3771250
8000, 4000, 4000, 1, 3931334
8000, 2000, 6000, 1, 2235417
10000, 4000, 6000, 1, 3897625
10000, 5000, 5000, 1, 5314084
650, 325, 325, 1, 18542
650, 350, 300, 1, 19917
650, 300, 350, 1, 17084
1000, 500, 500, 1, 31000
1000, 700, 300, 1, 823291
2500, 1250, 1250, 1, 1699666
2500, 1000, 1500, 1, 1263292
5000, 2500, 2500, 1, 3010667
5000, 3000, 2000, 1, 3764041
8000, 4000, 4000, 1, 3903541
8000, 2000, 6000, 1, 2245375
10000, 4000, 6000, 1, 3901250
10000, 5000, 5000, 1, 5335375
650, 325, 325, 1, 18334
650, 350, 300, 1, 19917
650, 300, 350, 1, 17041
1000, 500, 500, 1, 27917
1000, 700, 300, 1, 827625
2500, 1250, 1250, 1, 1685417
2500, 1000, 1500, 1, 1215917
5000, 2500, 2500, 1, 3013375
5000, 3000, 2000, 1, 3772666
8000, 4000, 4000, 1, 3905292
8000, 2000, 6000, 1, 2241959
10000, 4000, 6000, 1, 3913417
10000, 5000, 5000, 1, 5342916
650, 325, 325, 1, 18500
650, 350, 300, 1, 19833
650, 300, 350, 1, 17084
1000, 500, 500, 1, 28042
1000, 700, 300, 1, 822417
2500, 1250, 1250, 1, 1695375
2500, 1000, 1500, 1, 1218334
5000, 2500, 2500, 1, 3026417
5000, 3000, 2000, 1, 3886875
8000, 4000, 4000, 1, 3977375
8000, 2000, 6000, 1, 2298250
10000, 4000, 6000, 1, 4031959
10000, 5000, 5000, 1, 5335791
650, 325, 325, 1, 18541
650, 350, 300, 1, 19750
650, 300, 350, 1, 17167
1000, 500, 500, 1, 27916
1000, 700, 300, 1, 823542
2500, 1250, 1250, 1, 1686584
2500, 1000, 1500, 1, 1225875
5000, 2500, 2500, 1, 3030958
5000, 3000, 2000, 1, 3777791
8000, 4000, 4000, 1, 3913208
8000, 2000, 6000, 1, 2242458
10000, 4000, 6000, 1, 3920208
10000, 5000, 5000, 1, 5411042
650, 325, 325, 1, 19041
650, 350, 300, 1, 20667
650, 300, 350, 1, 17584
1000, 500, 500, 1, 29000
1000, 700, 300, 1, 854083
2500, 1250, 1250, 1, 1744625
2500, 1000, 1500, 1, 1260458
5000, 2500, 2500, 1, 3119167
5000, 3000, 2000, 1, 3914583
8000, 4000, 4000, 1, 4066166
8000, 2000, 6000, 1, 2313917
10000, 4000, 6000, 1, 4044500
10000, 5000, 5000, 1, 5491209
650, 325, 325, 1, 19083
650, 350, 300, 1, 20542
650, 300, 350, 1, 17167
1000, 500, 500, 1, 29166
1000, 700, 300, 1, 843291
2500, 1250, 1250, 1, 1735833
2500, 1000, 1500, 1, 1257500
5000, 2500, 2500, 1, 3110417
5000, 3000, 2000, 1, 3888167
8000, 4000, 4000, 1, 4035333
8000, 2000, 6000, 1, 2514125
10000, 4000, 6000, 1, 4468000
10000, 5000, 5000, 1, 6004917
650, 325, 325, 1, 19542
650, 350, 300, 1, 21084
650, 300, 350, 1, 18084
1000, 500, 500, 1, 29000
1000, 700, 300, 1, 854000
2500, 1250, 1250, 1, 1705750
2500, 1000, 1500, 1, 1239500
5000, 2500, 2500, 1, 3032125
5000, 3000, 2000, 1, 3841792
8000, 4000, 4000, 1, 3960166
8000, 2000, 6000, 1, 2298125
10000, 4000, 6000, 1, 3945833
10000, 5000, 5000, 1, 5422584
650, 325, 325, 1, 18417
650, 350, 300, 1, 19916
650, 300, 350, 1, 17084
1000, 500, 500, 1, 28000
1000, 700, 300, 1, 828541
2500, 1250, 1250, 1, 1700334
2500, 1000, 1500, 1, 1227084
5000, 2500, 2500, 1, 3041458
5000, 3000, 2000, 1, 3793958
8000, 4000, 4000, 1, 3968250
8000, 2000, 6000, 1, 2255834
10000, 4000, 6000, 1, 3926916
10000, 5000, 5000, 1, 5370666
650, 325, 325, 1, 18458
650, 350, 300, 1, 19875
650, 300, 350, 1, 17125
1000, 500, 500, 1, 27916
1000, 700, 300, 1, 835584
2500, 1250, 1250, 1, 1705875
2500, 1000, 1500, 1, 1224416
5000, 2500, 2500, 1, 3051291
5000, 3000, 2000, 1, 3797792
8000, 4000, 4000, 1, 3934083
8000, 2000, 6000, 1, 2254125
10000, 4000, 6000, 1, 3938042
10000, 5000, 5000, 1, 5360000
650, 325, 325, 1, 18542
650, 350, 300, 1, 20000
650, 300, 350, 1, 17209
1000, 500, 500, 1, 28125
1000, 700, 300, 1, 845125
2500, 1250, 1250, 1, 1702125
2500, 1000, 1500, 1, 1227834
5000, 2500, 2500, 1, 3046417
5000, 3000, 2000, 1, 3801042
8000, 4000, 4000, 1, 3957708
8000, 2000, 6000, 1, 2264625
10000, 4000, 6000, 1, 4001458
10000, 5000, 5000, 1, 5381666
650, 325, 325, 1, 18583
650, 350, 300, 1, 19833
650, 300, 350, 1, 17125
1000, 500, 500, 1, 27917
1000, 700, 300, 1, 830708
2500, 1250, 1250, 1, 1700709
2500, 1000, 1500, 1, 1226666
5000, 2500, 2500, 1, 3066625
5000, 3000, 2000, 1, 3803167
8000, 4000, 4000, 1, 3940291
8000, 2000, 6000, 1, 2263167
10000, 4000, 6000, 1, 3938417
10000, 5000, 5000, 1, 5364625
650, 325, 325, 1, 18417
650, 350, 300, 1, 19750
650, 300, 350, 1, 17167
1000, 500, 500, 1, 27917
1000, 700, 300, 1, 850375
2500, 1250, 1250, 1, 1702167
2500, 1000, 1500, 1, 1228125
5000, 2500, 2500, 1, 3045792
5000, 3000, 2000, 1, 3816042
8000, 4000, 4000, 1, 3943209
8000, 2000, 6000, 1, 2263250
10000, 4000, 6000, 1, 3973541
10000, 5000, 5000, 1, 5369833
650, 325, 325, 1, 18542
650, 350, 300, 1, 19833
650, 300, 350, 1, 16958
1000, 500, 500, 1, 28084
1000, 700, 300, 1, 832667
2500, 1250, 1250, 1, 1704333
2500, 1000, 1500, 1, 1229083
5000, 2500, 2500, 1, 3045250
5000, 3000, 2000, 1, 3808917
8000, 4000, 4000, 1, 3951416
8000, 2000, 6000, 1, 2300209
10000, 4000, 6000, 1, 3948500
10000, 5000, 5000, 1, 5375417
650, 325, 325, 1, 18417
650, 350, 300, 1, 19875
650, 300, 350, 1, 17125
1000, 500, 500, 1, 27958
1000, 700, 300, 1, 833417
2500, 1250, 1250, 1, 1703792
2500, 1000, 1500, 1, 1234375
5000, 2500, 2500, 1, 3048833
5000, 3000, 2000, 1, 3812209
8000, 4000, 4000, 1, 3951709
8000, 2000, 6000, 1, 2264959
10000, 4000, 6000, 1, 3977625
10000, 5000, 5000, 1, 5408334
650, 325, 325, 1, 18666
650, 350, 300, 1, 19916
650, 300, 350, 1, 17084
1000, 500, 500, 1, 28125
1000, 700, 300, 1, 833792
2500, 1250, 1250, 1, 1712709
2500, 1000, 1500, 1, 1232000
5000, 2500, 2500, 1, 3056708
5000, 3000, 2000, 1, 3815250
8000, 4000, 4000, 1, 4014750
8000, 2000, 6000, 1, 2311209
10000, 4000, 6000, 1, 3951167
10000, 5000, 5000, 1, 5397375
650, 325, 325, 1, 18458
650, 350, 300, 1, 19708
650, 300, 350, 1, 17041
1000, 500, 500, 1, 28000
1000, 700, 300, 1, 849291
2500, 1250, 1250, 1, 1706792
2500, 1000, 1500, 1, 1232417
5000, 2500, 2500, 1, 3049917
5000, 3000, 2000, 1, 3819875
8000, 4000, 4000, 1, 3955833
8000, 2000, 6000, 1, 2271542
10000, 4000, 6000, 1, 3952041
10000, 5000, 5000, 1, 5383500
650, 325, 325, 1, 18459
650, 350, 300, 1, 19875
650, 300, 350, 1, 17042
1000, 500, 500, 1, 28000
1000, 700, 300, 1, 833125
2500, 1250, 1250, 1, 1714417
2500, 1000, 1500, 1, 1234000
5000, 2500, 2500, 1, 3053334
5000, 3000, 2000, 1, 3819708
8000, 4000, 4000, 1, 3983958
8000, 2000, 6000, 1, 2269333
10000, 4000, 6000, 1, 4012042
10000, 5000, 5000, 1, 5402917
650, 325, 325, 1, 18458
650, 350, 300, 1, 19875
650, 300, 350, 1, 17084
1000, 500, 500, 1, 27958
1000, 700, 300, 1, 836917
2500, 1250, 1250, 1, 1714209
2500, 1000, 1500, 1, 1235291
5000, 2500, 2500, 1, 3062083
5000, 3000, 2000, 1, 3939750
8000, 4000, 4000, 1, 4006750
8000, 2000, 6000, 1, 2278375
10000, 4000, 6000, 1, 3985375
10000, 5000, 5000, 1, 5479625
650, 325, 325, 1, 18500
650, 350, 300, 1, 19875
650, 300, 350, 1, 17000
1000, 500, 500, 1, 27916
1000, 700, 300, 1, 837334
2500, 1250, 1250, 1, 1724042
2500, 1000, 1500, 1, 1240334
5000, 2500, 2500, 1, 3062834
5000, 3000, 2000, 1, 3828834
8000, 4000, 4000, 1, 3974917
8000, 2000, 6000, 1, 2291541
10000, 4000, 6000, 1, 3972334
10000, 5000, 5000, 1, 5399417
650, 325, 325, 1, 18375
650, 350, 300, 1, 19833
650, 300, 350, 1, 17208
1000, 500, 500, 1, 28875
1000, 700, 300, 1, 835500
2500, 1250, 1250, 1, 1716125
2500, 1000, 1500, 1, 1240334
5000, 2500, 2500, 1, 3062000
5000, 3000, 2000, 1, 3829459
8000, 4000, 4000, 1, 3971583
8000, 2000, 6000, 1, 2297250
10000, 4000, 6000, 1, 3969708
10000, 5000, 5000, 1, 5405208
650, 325, 325, 1, 18417
650, 350, 300, 1, 19875
650, 300, 350, 1, 17583
1000, 500, 500, 1, 27958
1000, 700, 300, 1, 833958
2500, 1250, 1250, 1, 1721625
2500, 1000, 1500, 1, 1246209
5000, 2500, 2500, 1, 3070583
5000, 3000, 2000, 1, 3834792
8000, 4000, 4000, 1, 4061500
8000, 2000, 6000, 1, 2320709
10000, 4000, 6000, 1, 3978083
10000, 5000, 5000, 1, 5452375
650, 325, 325, 1, 18500
650, 350, 300, 1, 19750
650, 300, 350, 1, 17042
1000, 500, 500, 1, 27917
1000, 700, 300, 1, 866500
2500, 1250, 1250, 1, 1723792
2500, 1000, 1500, 1, 1253708
5000, 2500, 2500, 1, 3083542
5000, 3000, 2000, 1, 3841166
8000, 4000, 4000, 1, 3976833
8000, 2000, 6000, 1, 2285083
10000, 4000, 6000, 1, 3974292
10000, 5000, 5000, 1, 5420041
650, 325, 325, 1, 18459
650, 350, 300, 1, 19959
650, 300, 350, 1, 17000
1000, 500, 500, 1, 27958
1000, 700, 300, 1, 835417
2500, 1250, 1250, 1, 1718417
2500, 1000, 1500, 1, 1243667
5000, 2500, 2500, 1, 3070000
5000, 3000, 2000, 1, 3851708
8000, 4000, 4000, 1, 4012458
8000, 2000, 6000, 1, 2282875
10000, 4000, 6000, 1, 3979708
10000, 5000, 5000, 1, 5420334
650, 325, 325, 1, 18375
650, 350, 300, 1, 19750
650, 300, 350, 1, 17292
1000, 500, 500, 1, 28208
1000, 700, 300, 1, 838917
2500, 1250, 1250, 1, 1722458
2500, 1000, 1500, 1, 1245208
5000, 2500, 2500, 1, 3072750
5000, 3000, 2000, 1, 3844416
8000, 4000, 4000, 1, 3982917
8000, 2000, 6000, 1, 2284875
10000, 4000, 6000, 1, 3997625
10000, 5000, 5000, 1, 5445125
650, 325, 325, 1, 18417
650, 350, 300, 1, 19917
650, 300, 350, 1, 17000
1000, 500, 500, 1, 28125
1000, 700, 300, 1, 839792
2500, 1250, 1250, 1, 1721167
2500, 1000, 1500, 1, 1246625
5000, 2500, 2500, 1, 3087583
5000, 3000, 2000, 1, 3869625
8000, 4000, 4000, 1, 3990000
8000, 2000, 6000, 1, 2312958
10000, 4000, 6000, 1, 3988667
10000, 5000, 5000, 1, 5455083
650, 325, 325, 1, 18625
650, 350, 300, 1, 19834
650, 300, 350, 1, 17083
1000, 500, 500, 1, 28125
1000, 700, 300, 1, 843375
2500, 1250, 1250, 1, 1724250
2500, 1000, 1500, 1, 1247375
5000, 2500, 2500, 1, 3082208
5000, 3000, 2000, 1, 3851459
8000, 4000, 4000, 1, 3991375
8000, 2000, 6000, 1, 2289375
10000, 4000, 6000, 1, 3989333
10000, 5000, 5000, 1, 5434875
650, 325, 325, 1, 18458
650, 350, 300, 1, 19833
650, 300, 350, 1, 17000
1000, 500, 500, 1, 28083
1000, 700, 300, 1, 841583
2500, 1250, 1250, 1, 1724583
2500, 1000, 1500, 1, 1245834
5000, 2500, 2500, 1, 3085375
5000, 3000, 2000, 1, 3855750
8000, 4000, 4000, 1, 3992916
8000, 2000, 6000, 1, 2301167
10000, 4000, 6000, 1, 4065583
10000, 5000, 5000, 1, 5441541
650, 325, 325, 1, 18541
650, 350, 300, 1, 20041
650, 300, 350, 1, 17000
1000, 500, 500, 1, 28042
1000, 700, 300, 1, 839500
2500, 1250, 1250, 1, 1726750
2500, 1000, 1500, 1, 1250000
5000, 2500, 2500, 1, 3081958
5000, 3000, 2000, 1, 3863500
8000, 4000, 4000, 1, 3999500
8000, 2000, 6000, 1, 2302375
10000, 4000, 6000, 1, 4076792
10000, 5000, 5000, 1, 5443792
650, 325, 325, 1, 18417
650, 350, 300, 1, 19708
650, 300, 350, 1, 17000
1000, 500, 500, 1, 27958
1000, 700, 300, 1, 841625
2500, 1250, 1250, 1, 1730625
2500, 1000, 1500, 1, 1251750
5000, 2500, 2500, 1, 3086541
5000, 3000, 2000, 1, 3865916
8000, 4000, 4000, 1, 4000750
8000, 2000, 6000, 1, 2317166
10000, 4000, 6000, 1, 4003541
10000, 5000, 5000, 1, 5451875
650, 325, 325, 1, 18500
650, 350, 300, 1, 19875
650, 300, 350, 1, 17000
1000, 500, 500, 1, 27958
1000, 700, 300, 1, 879125
2500, 1250, 1250, 1, 1727875
2500, 1000, 1500, 1, 1252375
5000, 2500, 2500, 1, 3091417
5000, 3000, 2000, 1, 3881625
8000, 4000, 4000, 1, 4007584
8000, 2000, 6000, 1, 2297500
10000, 4000, 6000, 1, 4029875
10000, 5000, 5000, 1, 5457250
650, 325, 325, 1, 18459
650, 350, 300, 1, 19792
650, 300, 350, 1, 17084
1000, 500, 500, 1, 27958
1000, 700, 300, 1, 844542
2500, 1250, 1250, 1, 1731334
2500, 1000, 1500, 1, 1253375
5000, 2500, 2500, 1, 3096542
5000, 3000, 2000, 1, 3875250
8000, 4000, 4000, 1, 4010459
8000, 2000, 6000, 1, 2315292
10000, 4000, 6000, 1, 4040500
10000, 5000, 5000, 1, 5470375
650, 325, 325, 1, 18458
650, 350, 300, 1, 19792
650, 300, 350, 1, 17042
1000, 500, 500, 1, 28167
1000, 700, 300, 1, 845208
2500, 1250, 1250, 1, 1737667
2500, 1000, 1500, 1, 1253125
5000, 2500, 2500, 1, 3119458
5000, 3000, 2000, 1, 3891584
8000, 4000, 4000, 1, 4012291
8000, 2000, 6000, 1, 2303000
10000, 4000, 6000, 1, 4024250
10000, 5000, 5000, 1, 5475166
650, 325, 325, 1, 18458
650, 350, 300, 1, 20417
650, 300, 350, 1, 17167
1000, 500, 500, 1, 28000
1000, 700, 300, 1, 843500
2500, 1250, 1250, 1, 1735083
2500, 1000, 1500, 1, 1255875
5000, 2500, 2500, 1, 3097208
5000, 3000, 2000, 1, 3908208
8000, 4000, 4000, 1, 4018500
8000, 2000, 6000, 1, 2307250
10000, 4000, 6000, 1, 4019875
10000, 5000, 5000, 1, 5481750
650, 325, 325, 1, 18500
650, 350, 300, 1, 19708
650, 300, 350, 1, 17000
1000, 500, 500, 1, 28292
1000, 700, 300, 1, 855125
2500, 1250, 1250, 1, 1736709
2500, 1000, 1500, 1, 1259667
5000, 2500, 2500, 1, 3103416
5000, 3000, 2000, 1, 3886458
8000, 4000, 4000, 1, 4018875
8000, 2000, 6000, 1, 2306666
10000, 4000, 6000, 1, 4023708
10000, 5000, 5000, 1, 5473792
650, 325, 325, 1, 18583
650, 350, 300, 1, 19959
650, 300, 350, 1, 17167
1000, 500, 500, 1, 28125
1000, 700, 300, 1, 847875
2500, 1250, 1250, 1, 1740958
2500, 1000, 1500, 1, 1255667
5000, 2500, 2500, 1, 3105417
5000, 3000, 2000, 1, 3884541
8000, 4000, 4000, 1, 4023625
8000, 2000, 6000, 1, 2309583
10000, 4000, 6000, 1, 4023875
10000, 5000, 5000, 1, 5485500
650, 325, 325, 1, 18416
650, 350, 300, 1, 19750
650, 300, 350, 1, 17125
1000, 500, 500, 1, 27959
1000, 700, 300, 1, 849167
2500, 1250, 1250, 1, 1739833
2500, 1000, 1500, 1, 1259375
5000, 2500, 2500, 1, 3111875
5000, 3000, 2000, 1, 3891125
8000, 4000, 4000, 1, 4038500
8000, 2000, 6000, 1, 2310833
10000, 4000, 6000, 1, 4030750
10000, 5000, 5000, 1, 5554500
650, 325, 325, 1, 18708
650, 350, 300, 1, 35334
650, 300, 350, 1, 17667
1000, 500, 500, 1, 27959
1000, 700, 300, 1, 846542
2500, 1250, 1250, 1, 1741209
2500, 1000, 1500, 1, 1275250
5000, 2500, 2500, 1, 3111000
5000, 3000, 2000, 1, 3898458
8000, 4000, 4000, 1, 4067459
8000, 2000, 6000, 1, 2315750
10000, 4000, 6000, 1, 4030541
10000, 5000, 5000, 1, 5489792
650, 325, 325, 1, 18542
650, 350, 300, 1, 19834
650, 300, 350, 1, 17167
1000, 500, 500, 1, 28083
1000, 700, 300, 1, 850083
2500, 1250, 1250, 1, 1744375
2500, 1000, 1500, 1, 1262250
5000, 2500, 2500, 1, 3117667
5000, 3000, 2000, 1, 3899041
8000, 4000, 4000, 1, 4033625
8000, 2000, 6000, 1, 2318125
10000, 4000, 6000, 1, 4038000
10000, 5000, 5000, 1, 5507250
650, 325, 325, 1, 18541
650, 350, 300, 1, 20042
650, 300, 350, 1, 17208
1000, 500, 500, 1, 28125
1000, 700, 300, 1, 851000
2500, 1250, 1250, 1, 1747000
2500, 1000, 1500, 1, 1262875
5000, 2500, 2500, 1, 3147667
5000, 3000, 2000, 1, 3899833
8000, 4000, 4000, 1, 4055000
8000, 2000, 6000, 1, 2325084
10000, 4000, 6000, 1, 4059375
10000, 5000, 5000, 1, 5503583
650, 325, 325, 1, 18583
650, 350, 300, 1, 19917
650, 300, 350, 1, 17584
1000, 500, 500, 1, 28000
1000, 700, 300, 1, 851625
2500, 1250, 1250, 1, 1761209
2500, 1000, 1500, 1, 1266666
5000, 2500, 2500, 1, 3128959
5000, 3000, 2000, 1, 3918208
8000, 4000, 4000, 1, 4055708
8000, 2000, 6000, 1, 2323708
10000, 4000, 6000, 1, 4087459
10000, 5000, 5000, 1, 5509500
650, 325, 325, 1, 18458
650, 350, 300, 1, 19750
650, 300, 350, 1, 17042
1000, 500, 500, 1, 27917
1000, 700, 300, 1, 849542
2500, 1250, 1250, 1, 1770875
2500, 1000, 1500, 1, 1267833
5000, 2500, 2500, 1, 3123916
5000, 3000, 2000, 1, 3908458
8000, 4000, 4000, 1, 4047208
8000, 2000, 6000, 1, 2324750
10000, 4000, 6000, 1, 4049542
10000, 5000, 5000, 1, 5515541
650, 325, 325, 1, 18375
650, 350, 300, 1, 19958
650, 300, 350, 1, 17125
1000, 500, 500, 1, 27917
1000, 700, 300, 1, 853375
2500, 1250, 1250, 1, 1753416
2500, 1000, 1500, 1, 1266875
5000, 2500, 2500, 1, 3126292
5000, 3000, 2000, 1, 3910625
8000, 4000, 4000, 1, 4050208
8000, 2000, 6000, 1, 2327333
10000, 4000, 6000, 1, 4060125
10000, 5000, 5000, 1, 5513208
650, 325, 325, 1, 18625
650, 350, 300, 1, 20000
650, 300, 350, 1, 17541
1000, 500, 500, 1, 28167
1000, 700, 300, 1, 851416
2500, 1250, 1250, 1, 1751625
2500, 1000, 1500, 1, 1298250
5000, 2500, 2500, 1, 3126375
5000, 3000, 2000, 1, 3918375
8000, 4000, 4000, 1, 4058000
8000, 2000, 6000, 1, 2325875
10000, 4000, 6000, 1, 4056166
10000, 5000, 5000, 1, 5543584
650, 325, 325, 1, 18500
650, 350, 300, 1, 19875
650, 300, 350, 1, 17208
1000, 500, 500, 1, 28167
1000, 700, 300, 1, 853583
2500, 1250, 1250, 1, 1753000
2500, 1000, 1500, 1, 1268208
5000, 2500, 2500, 1, 3140417
5000, 3000, 2000, 1, 3949958
8000, 4000, 4000, 1, 4056291
8000, 2000, 6000, 1, 2328042
10000, 4000, 6000, 1, 4060750
10000, 5000, 5000, 1, 5528083
650, 325, 325, 1, 18500
650, 350, 300, 1, 19875
650, 300, 350, 1, 17167
1000, 500, 500, 1, 27917
1000, 700, 300, 1, 855834
2500, 1250, 1250, 1, 1759667
2500, 1000, 1500, 1, 1269041
5000, 2500, 2500, 1, 3144625
5000, 3000, 2000, 1, 3923916
8000, 4000, 4000, 1, 4067333
8000, 2000, 6000, 1, 2333458
10000, 4000, 6000, 1, 4067417
10000, 5000, 5000, 1, 5542875
650, 325, 325, 1, 18500
650, 350, 300, 1, 19958
650, 300, 350, 1, 17083
1000, 500, 500, 1, 28167
1000, 700, 300, 1, 856834
2500, 1250, 1250, 1, 1757125
2500, 1000, 1500, 1, 1285333
5000, 2500, 2500, 1, 3138750
5000, 3000, 2000, 1, 3928375
8000, 4000, 4000, 1, 4066542
8000, 2000, 6000, 1, 2344375
10000, 4000, 6000, 1, 4064500
10000, 5000, 5000, 1, 5539750
650, 325, 325, 1, 18584
650, 350, 300, 1, 19791
650, 300, 350, 1, 17000
1000, 500, 500, 1, 28167
1000, 700, 300, 1, 857500
2500, 1250, 1250, 1, 1758042
2500, 1000, 1500, 1, 1272500
5000, 2500, 2500, 1, 3166083
5000, 3000, 2000, 1, 3932708
8000, 4000, 4000, 1, 4067500
8000, 2000, 6000, 1, 2411500
10000, 4000, 6000, 1, 4074417
10000, 5000, 5000, 1, 5585792
650, 325, 325, 1, 18375
650, 350, 300, 1, 19833
650, 300, 350, 1, 17041
1000, 500, 500, 1, 27917
1000, 700, 300, 1, 869667
2500, 1250, 1250, 1, 1805958
2500, 1000, 1500, 1, 1276542
5000, 2500, 2500, 1, 3144791
5000, 3000, 2000, 1, 3955250
8000, 4000, 4000, 1, 4076167
8000, 2000, 6000, 1, 2339709
10000, 4000, 6000, 1, 4076292
10000, 5000, 5000, 1, 5548000
650, 325, 325, 1, 18458
650, 350, 300, 1, 20125
650, 300, 350, 1, 17208
1000, 500, 500, 1, 28333
1000, 700, 300, 1, 858875
2500, 1250, 1250, 1, 1761292
2500, 1000, 1500, 1, 1274833
5000, 2500, 2500, 1, 3149875
5000, 3000, 2000, 1, 3937000
8000, 4000, 4000, 1, 4079792
8000, 2000, 6000, 1, 2381792
10000, 4000, 6000, 1, 4077875
10000, 5000, 5000, 1, 5555208
650, 325, 325, 1, 18375
650, 350, 300, 1, 19875
650, 300, 350, 1, 17084
1000, 500, 500, 1, 29250
1000, 700, 300, 1, 860042
2500, 1250, 1250, 1, 1763500
2500, 1000, 1500, 1, 1276166
5000, 2500, 2500, 1, 3149709
5000, 3000, 2000, 1, 3942000
8000, 4000, 4000, 1, 4080042
8000, 2000, 6000, 1, 2344875
10000, 4000, 6000, 1, 4078958
10000, 5000, 5000, 1, 5563125
650, 325, 325, 1, 18625
650, 350, 300, 1, 19917
650, 300, 350, 1, 17000
1000, 500, 500, 1, 28125
1000, 700, 300, 1, 857834
2500, 1250, 1250, 1, 1767625
2500, 1000, 1500, 1, 1277208
5000, 2500, 2500, 1, 3158375
5000, 3000, 2000, 1, 3947125
8000, 4000, 4000, 1, 4099625
8000, 2000, 6000, 1, 2387875
10000, 4000, 6000, 1, 4084584
10000, 5000, 5000, 1, 5564167
650, 325, 325, 1, 18458
650, 350, 300, 1, 19959
650, 300, 350, 1, 17084
1000, 500, 500, 1, 28041
1000, 700, 300, 1, 861917
2500, 1250, 1250, 1, 1769041
2500, 1000, 1500, 1, 1278958
5000, 2500, 2500, 1, 3155625
5000, 3000, 2000, 1, 3949791
8000, 4000, 4000, 1, 4087208
8000, 2000, 6000, 1, 2350083
10000, 4000, 6000, 1, 4089584
10000, 5000, 5000, 1, 5608083
650, 325, 325, 1, 18375
650, 350, 300, 1, 19750
650, 300, 350, 1, 17125
1000, 500, 500, 1, 27875
1000, 700, 300, 1, 860084
2500, 1250, 1250, 1, 1768875
2500, 1000, 1500, 1, 1280292
5000, 2500, 2500, 1, 3159833
5000, 3000, 2000, 1, 3957333
8000, 4000, 4000, 1, 4093000
8000, 2000, 6000, 1, 2348208
10000, 4000, 6000, 1, 4129500
10000, 5000, 5000, 1, 5587125
650, 325, 325, 1, 18500
650, 350, 300, 1, 19875
650, 300, 350, 1, 17042
1000, 500, 500, 1, 27916
1000, 700, 300, 1, 867667
2500, 1250, 1250, 1, 1920167
2500, 1000, 1500, 1, 1301375
5000, 2500, 2500, 1, 3193958
5000, 3000, 2000, 1, 3956958
8000, 4000, 4000, 1, 4100167
8000, 2000, 6000, 1, 2359959
10000, 4000, 6000, 1, 4202792
10000, 5000, 5000, 1, 5851000
650, 325, 325, 1, 18375
650, 350, 300, 1, 19750
650, 300, 350, 1, 17000
1000, 500, 500, 1, 27958
1000, 700, 300, 1, 866416
2500, 1250, 1250, 1, 1781167
2500, 1000, 1500, 1, 1365209
5000, 2500, 2500, 1, 3237416
5000, 3000, 2000, 1, 3964791
8000, 4000, 4000, 1, 4160083
8000, 2000, 6000, 1, 2358167
10000, 4000, 6000, 1, 4258208
10000, 5000, 5000, 1, 5613750
650, 325, 325, 1, 18333
650, 350, 300, 1, 19875
650, 300, 350, 1, 17166
1000, 500, 500, 1, 27916
1000, 700, 300, 1, 861792
2500, 1250, 1250, 1, 1826250
2500, 1000, 1500, 1, 1297583
5000, 2500, 2500, 1, 3211666
5000, 3000, 2000, 1, 3973667
8000, 4000, 4000, 1, 4124875
8000, 2000, 6000, 1, 2473541
10000, 4000, 6000, 1, 4115667
10000, 5000, 5000, 1, 5735167
650, 325, 325, 1, 18459
650, 350, 300, 1, 19833
650, 300, 350, 1, 17584
1000, 500, 500, 1, 28000
1000, 700, 300, 1, 862417
2500, 1250, 1250, 1, 1812209
2500, 1000, 1500, 1, 1287209
5000, 2500, 2500, 1, 3216125
5000, 3000, 2000, 1, 4016375
8000, 4000, 4000, 1, 4140458
8000, 2000, 6000, 1, 2375291
10000, 4000, 6000, 1, 4154875
10000, 5000, 5000, 1, 5647583
650, 325, 325, 1, 18459
650, 350, 300, 1, 19916
650, 300, 350, 1, 17083
1000, 500, 500, 1, 27834
1000, 700, 300, 1, 866458
2500, 1250, 1250, 1, 1824959
2500, 1000, 1500, 1, 1286042
5000, 2500, 2500, 1, 3185833
5000, 3000, 2000, 1, 4003166
8000, 4000, 4000, 1, 4118375
8000, 2000, 6000, 1, 2400833
10000, 4000, 6000, 1, 4144041
10000, 5000, 5000, 1, 5624583
650, 325, 325, 1, 18458
650, 350, 300, 1, 19833
650, 300, 350, 1, 17125
1000, 500, 500, 1, 28208
1000, 700, 300, 1, 866875
2500, 1250, 1250, 1, 1782375
2500, 1000, 1500, 1, 1301542
5000, 2500, 2500, 1, 3208958
5000, 3000, 2000, 1, 3973709
8000, 4000, 4000, 1, 4148416
8000, 2000, 6000, 1, 2363500
10000, 4000, 6000, 1, 4151500
10000, 5000, 5000, 1, 5641333
650, 325, 325, 1, 18542
650, 350, 300, 1, 19875
650, 300, 350, 1, 16959
1000, 500, 500, 1, 27958
1000, 700, 300, 1, 865959
2500, 1250, 1250, 1, 1812834
2500, 1000, 1500, 1, 1291333
5000, 2500, 2500, 1, 3176875
5000, 3000, 2000, 1, 4017292
8000, 4000, 4000, 1, 4121750
8000, 2000, 6000, 1, 2363375
10000, 4000, 6000, 1, 4159916
10000, 5000, 5000, 1, 5665833
650, 325, 325, 1, 18583
650, 350, 300, 1, 19834
650, 300, 350, 1, 17125
1000, 500, 500, 1, 28000
1000, 700, 300, 1, 874875
2500, 1250, 1250, 1, 1783542
2500, 1000, 1500, 1, 1287209
5000, 2500, 2500, 1, 3244542
5000, 3000, 2000, 1, 3983583
8000, 4000, 4000, 1, 4171625
8000, 2000, 6000, 1, 2367583
10000, 4000, 6000, 1, 4132791
10000, 5000, 5000, 1, 5681333
650, 325, 325, 1, 18416
650, 350, 300, 1, 19916
650, 300, 350, 1, 17208
1000, 500, 500, 1, 28250
1000, 700, 300, 1, 866750
2500, 1250, 1250, 1, 1795834
2500, 1000, 1500, 1, 1306667
5000, 2500, 2500, 1, 3190041
5000, 3000, 2000, 1, 4055834
8000, 4000, 4000, 1, 4125583
8000, 2000, 6000, 1, 2390958
10000, 4000, 6000, 1, 4207958
10000, 5000, 5000, 1, 5676541
650, 325, 325, 1, 18458
650, 350, 300, 1, 20041
650, 300, 350, 1, 17042
1000, 500, 500, 1, 27958
1000, 700, 300, 1, 870083
2500, 1250, 1250, 1, 1786416
2500, 1000, 1500, 1, 1302875
5000, 2500, 2500, 1, 3222000
5000, 3000, 2000, 1, 3993042
8000, 4000, 4000, 1, 4174000
8000, 2000, 6000, 1, 2385458
10000, 4000, 6000, 1, 4134875
10000, 5000, 5000, 1, 5635166
650, 325, 325, 1, 18417
650, 350, 300, 1, 19791
650, 300, 350, 1, 17125
1000, 500, 500, 1, 28125
1000, 700, 300, 1, 871416
2500, 1250, 1250, 1, 1788292
2500, 1000, 1500, 1, 1296667
5000, 2500, 2500, 1, 3192250
5000, 3000, 2000, 1, 4013292
8000, 4000, 4000, 1, 4133667
8000, 2000, 6000, 1, 2470667
10000, 4000, 6000, 1, 4242792
10000, 5000, 5000, 1, 5648958
650, 325, 325, 1, 18542
650, 350, 300, 1, 19833
650, 300, 350, 1, 17125
1000, 500, 500, 1, 27875
1000, 700, 300, 1, 868959
2500, 1250, 1250, 1, 1803625
2500, 1000, 1500, 1, 1297417
5000, 2500, 2500, 1, 3206625
5000, 3000, 2000, 1, 4004708
8000, 4000, 4000, 1, 4151875
8000, 2000, 6000, 1, 2388334
10000, 4000, 6000, 1, 4150375
10000, 5000, 5000, 1, 5703125
650, 325, 325, 1, 19000
650, 350, 300, 1, 19916
650, 300, 350, 1, 17125
1000, 500, 500, 1, 28083
1000, 700, 300, 1, 879333
2500, 1250, 1250, 1, 1797500
2500, 1000, 1500, 1, 1339958
5000, 2500, 2500, 1, 3212083
5000, 3000, 2000, 1, 4004000
8000, 4000, 4000, 1, 4185750
8000, 2000, 6000, 1, 2375917
10000, 4000, 6000, 1, 4177750
10000, 5000, 5000, 1, 5708458
650, 325, 325, 1, 18333
650, 350, 300, 1, 19750
650, 300, 350, 1, 17042
1000, 500, 500, 1, 27917
1000, 700, 300, 1, 875667
2500, 1250, 1250, 1, 1791292
2500, 1000, 1500, 1, 1293583
5000, 2500, 2500, 1, 3234375
5000, 3000, 2000, 1, 4016792
8000, 4000, 4000, 1, 4152375
8000, 2000, 6000, 1, 2403208
10000, 4000, 6000, 1, 4168375
10000, 5000, 5000, 1, 5701167
650, 325, 325, 1, 18334
650, 350, 300, 1, 19792
650, 300, 350, 1, 17083
1000, 500, 500, 1, 28084
1000, 700, 300, 1, 886667
2500, 1250, 1250, 1, 1791500
2500, 1000, 1500, 1, 1307083
5000, 2500, 2500, 1, 3205209
5000, 3000, 2000, 1, 4043916
8000, 4000, 4000, 1, 4321584
8000, 2000, 6000, 1, 2426875
10000, 4000, 6000, 1, 4184791
10000, 5000, 5000, 1, 5682583
650, 325, 325, 1, 18458
650, 350, 300, 1, 19875
650, 300, 350, 1, 17125
1000, 500, 500, 1, 28041
1000, 700, 300, 1, 874834
2500, 1250, 1250, 1, 1796666
2500, 1000, 1500, 1, 1299041
5000, 2500, 2500, 1, 3207708
5000, 3000, 2000, 1, 4014583
8000, 4000, 4000, 1, 4167625
8000, 2000, 6000, 1, 2423833
10000, 4000, 6000, 1, 4164500
10000, 5000, 5000, 1, 5711750
650, 325, 325, 1, 19084
650, 350, 300, 1, 19750
650, 300, 350, 1, 17000
1000, 500, 500, 1, 28125
1000, 700, 300, 1, 884000
2500, 1250, 1250, 1, 1796708
2500, 1000, 1500, 1, 1345042
5000, 2500, 2500, 1, 3209167
5000, 3000, 2000, 1, 4037333
8000, 4000, 4000, 1, 4173000
8000, 2000, 6000, 1, 2386334
10000, 4000, 6000, 1, 4203000
10000, 5000, 5000, 1, 5681750
650, 325, 325, 1, 18375
650, 350, 300, 1, 19750
650, 300, 350, 1, 17000
1000, 500, 500, 1, 28042
1000, 700, 300, 1, 876583
2500, 1250, 1250, 1, 1798167
2500, 1000, 1500, 1, 1303209
5000, 2500, 2500, 1, 3210084
5000, 3000, 2000, 1, 4052834
8000, 4000, 4000, 1, 4159667
8000, 2000, 6000, 1, 2387416
10000, 4000, 6000, 1, 4174416
10000, 5000, 5000, 1, 5715708
650, 325, 325, 1, 18417
650, 350, 300, 1, 19709
650, 300, 350, 1, 17000
1000, 500, 500, 1, 28000
1000, 700, 300, 1, 877667
2500, 1250, 1250, 1, 1800000
2500, 1000, 1500, 1, 1299708
5000, 2500, 2500, 1, 3235334
5000, 3000, 2000, 1, 4042166
8000, 4000, 4000, 1, 4163625
8000, 2000, 6000, 1, 2408875
10000, 4000, 6000, 1, 4162333
10000, 5000, 5000, 1, 5740833
650, 325, 325, 1, 18417
650, 350, 300, 1, 19875
650, 300, 350, 1, 17000
1000, 500, 500, 1, 28042
1000, 700, 300, 1, 881916
2500, 1250, 1250, 1, 1804625
2500, 1000, 1500, 1, 1324959
5000, 2500, 2500, 1, 3228209
5000, 3000, 2000, 1, 4077084
8000, 4000, 4000, 1, 4179416
8000, 2000, 6000, 1, 2416792
10000, 4000, 6000, 1, 4195375
10000, 5000, 5000, 1, 5689458
650, 325, 325, 1, 18333
650, 350, 300, 1, 19750
650, 300, 350, 1, 17167
1000, 500, 500, 1, 28250
1000, 700, 300, 1, 890708
2500, 1250, 1250, 1, 1807500
2500, 1000, 1500, 1, 1346791
5000, 2500, 2500, 1, 3250041
5000, 3000, 2000, 1, 4054666
8000, 4000, 4000, 1, 4202083
8000, 2000, 6000, 1, 2415333
10000, 4000, 6000, 1, 4216500
10000, 5000, 5000, 1, 5739292
650, 325, 325, 1, 19208
650, 350, 300, 1, 19917
650, 300, 350, 1, 17000
1000, 500, 500, 1, 28084
1000, 700, 300, 1, 881916
2500, 1250, 1250, 1, 1815667
2500, 1000, 1500, 1, 1312500
5000, 2500, 2500, 1, 3233709
5000, 3000, 2000, 1, 4058209
8000, 4000, 4000, 1, 4211292
8000, 2000, 6000, 1, 2420834
10000, 4000, 6000, 1, 4187958
10000, 5000, 5000, 1, 5740750
650, 325, 325, 1, 18542
650, 350, 300, 1, 19791
650, 300, 350, 1, 17000
1000, 500, 500, 1, 28000
1000, 700, 300, 1, 891917
2500, 1250, 1250, 1, 1825750
2500, 1000, 1500, 1, 1310250
5000, 2500, 2500, 1, 3230208
5000, 3000, 2000, 1, 4112583
8000, 4000, 4000, 1, 4186667
8000, 2000, 6000, 1, 2429792
10000, 4000, 6000, 1, 4209000
10000, 5000, 5000, 1, 5726083
650, 325, 325, 1, 18375
650, 350, 300, 1, 19709
650, 300, 350, 1, 17208
1000, 500, 500, 1, 28000
1000, 700, 300, 1, 883625
2500, 1250, 1250, 1, 1810666
2500, 1000, 1500, 1, 1310958
5000, 2500, 2500, 1, 3239291
5000, 3000, 2000, 1, 4047583
8000, 4000, 4000, 1, 4203208
8000, 2000, 6000, 1, 2402458
10000, 4000, 6000, 1, 4185750
10000, 5000, 5000, 1, 5702625
650, 325, 325, 1, 18375
650, 350, 300, 1, 19958
650, 300, 350, 1, 17084
1000, 500, 500, 1, 27875
1000, 700, 300, 1, 884416
2500, 1250, 1250, 1, 1812458
2500, 1000, 1500, 1, 1319375
5000, 2500, 2500, 1, 3239041
5000, 3000, 2000, 1, 4070208
8000, 4000, 4000, 1, 4187792
8000, 2000, 6000, 1, 2410166
10000, 4000, 6000, 1, 4190750
10000, 5000, 5000, 1, 5707167
650, 325, 325, 1, 18542
650, 350, 300, 1, 19834
650, 300, 350, 1, 17042
1000, 500, 500, 1, 28125
1000, 700, 300, 1, 883083
2500, 1250, 1250, 1, 1811500
2500, 1000, 1500, 1, 1308750
5000, 2500, 2500, 1, 3280917
5000, 3000, 2000, 1, 4056958
8000, 4000, 4000, 1, 4227375
8000, 2000, 6000, 1, 2423709
10000, 4000, 6000, 1, 4212416
10000, 5000, 5000, 1, 5739083
650, 325, 325, 1, 18500
650, 350, 300, 1, 19792
650, 300, 350, 1, 17125
1000, 500, 500, 1, 28041
1000, 700, 300, 1, 881500
2500, 1250, 1250, 1, 1859542
2500, 1000, 1500, 1, 1323709
5000, 2500, 2500, 1, 3259084
5000, 3000, 2000, 1, 4115708
8000, 4000, 4000, 1, 4206042
8000, 2000, 6000, 1, 2421958
10000, 4000, 6000, 1, 4234084
10000, 5000, 5000, 1, 5762833
650, 325, 325, 1, 18458
650, 350, 300, 1, 19792
650, 300, 350, 1, 17000
1000, 500, 500, 1, 27917
1000, 700, 300, 1, 884209
2500, 1250, 1250, 1, 1817708
2500, 1000, 1500, 1, 1324083
5000, 2500, 2500, 1, 3294917
5000, 3000, 2000, 1, 4055250
8000, 4000, 4000, 1, 4213125
8000, 2000, 6000, 1, 2413125
10000, 4000, 6000, 1, 4219459
10000, 5000, 5000, 1, 5730584
650, 325, 325, 1, 18500
650, 350, 300, 1, 19875
650, 300, 350, 1, 17042
1000, 500, 500, 1, 27958
1000, 700, 300, 1, 882583
2500, 1250, 1250, 1, 1816375
2500, 1000, 1500, 1, 1316375
5000, 2500, 2500, 1, 3244791
5000, 3000, 2000, 1, 4062417
8000, 4000, 4000, 1, 4200583
8000, 2000, 6000, 1, 2410750
10000, 4000, 6000, 1, 4293084
10000, 5000, 5000, 1, 5729958
650, 325, 325, 1, 19125
650, 350, 300, 1, 19875
650, 300, 350, 1, 17084
1000, 500, 500, 1, 28083
1000, 700, 300, 1, 883375
2500, 1250, 1250, 1, 1818792
2500, 1000, 1500, 1, 1337000
5000, 2500, 2500, 1, 3248750
5000, 3000, 2000, 1, 4062542
8000, 4000, 4000, 1, 4207209
8000, 2000, 6000, 1, 2417542
10000, 4000, 6000, 1, 4205000
10000, 5000, 5000, 1, 5737125
650, 325, 325, 1, 19125
650, 350, 300, 1, 19875
650, 300, 350, 1, 17167
1000, 500, 500, 1, 28083
1000, 700, 300, 1, 884334
2500, 1250, 1250, 1, 1822292
2500, 1000, 1500, 1, 1325583
5000, 2500, 2500, 1, 3274125
5000, 3000, 2000, 1, 4071125
8000, 4000, 4000, 1, 4214250
8000, 2000, 6000, 1, 2417541
10000, 4000, 6000, 1, 4213667
10000, 5000, 5000, 1, 5738541
650, 325, 325, 1, 18625
650, 350, 300, 1, 20833
650, 300, 350, 1, 17417
1000, 500, 500, 1, 27917
1000, 700, 300, 1, 885166
2500, 1250, 1250, 1, 1824750
2500, 1000, 1500, 1, 1321042
5000, 2500, 2500, 1, 3263292
5000, 3000, 2000, 1, 4198500
8000, 4000, 4000, 1, 4294208
8000, 2000, 6000, 1, 2436250
10000, 4000, 6000, 1, 4219417
10000, 5000, 5000, 1, 5772166
650, 325, 325, 1, 18834
650, 350, 300, 1, 19750
650, 300, 350, 1, 17041
1000, 500, 500, 1, 27959
1000, 700, 300, 1, 888375
2500, 1250, 1250, 1, 1825875
2500, 1000, 1500, 1, 1325875
5000, 2500, 2500, 1, 3261291
5000, 3000, 2000, 1, 4093500
8000, 4000, 4000, 1, 4255417
8000, 2000, 6000, 1, 2421875
10000, 4000, 6000, 1, 4219834
10000, 5000, 5000, 1, 5751750
650, 325, 325, 1, 18625
650, 350, 300, 1, 19834
650, 300, 350, 1, 18084
1000, 500, 500, 1, 28083
1000, 700, 300, 1, 889334
2500, 1250, 1250, 1, 1846375
2500, 1000, 1500, 1, 1327291
5000, 2500, 2500, 1, 3260667
5000, 3000, 2000, 1, 4119583
8000, 4000, 4000, 1, 4217458
8000, 2000, 6000, 1, 2422041
10000, 4000, 6000, 1, 4229292
10000, 5000, 5000, 1, 5746292
650, 325, 325, 1, 18458
650, 350, 300, 1, 20333
650, 300, 350, 1, 17208
1000, 500, 500, 1, 28875
1000, 700, 300, 1, 890209
2500, 1250, 1250, 1, 1826709
2500, 1000, 1500, 1, 1322625
5000, 2500, 2500, 1, 3259625
5000, 3000, 2000, 1, 4087625
8000, 4000, 4000, 1, 4220916
8000, 2000, 6000, 1, 2478500
10000, 4000, 6000, 1, 4225917
10000, 5000, 5000, 1, 5752250
650, 325, 325, 1, 18459
650, 350, 300, 1, 19833
650, 300, 350, 1, 17083
1000, 500, 500, 1, 27916
1000, 700, 300, 1, 893708
2500, 1250, 1250, 1, 1859416
2500, 1000, 1500, 1, 1323083
5000, 2500, 2500, 1, 3265292
5000, 3000, 2000, 1, 4088875
8000, 4000, 4000, 1, 4223667
8000, 2000, 6000, 1, 2426500
10000, 4000, 6000, 1, 4229875
10000, 5000, 5000, 1, 5758917
650, 325, 325, 1, 18417
650, 350, 300, 1, 19792
650, 300, 350, 1, 17083
1000, 500, 500, 1, 28125
1000, 700, 300, 1, 892375
2500, 1250, 1250, 1, 1851291
2500, 1000, 1500, 1, 1324542
5000, 2500, 2500, 1, 3277208
5000, 3000, 2000, 1, 4091666
8000, 4000, 4000, 1, 4233375
8000, 2000, 6000, 1, 2428833
10000, 4000, 6000, 1, 4230292
10000, 5000, 5000, 1, 5788750
650, 325, 325, 1, 18334
650, 350, 300, 1, 19916
650, 300, 350, 1, 16958
1000, 500, 500, 1, 28000
1000, 700, 300, 1, 892959
2500, 1250, 1250, 1, 1832291
2500, 1000, 1500, 1, 1327083
5000, 2500, 2500, 1, 3318084
5000, 3000, 2000, 1, 4097250
8000, 4000, 4000, 1, 4252000
8000, 2000, 6000, 1, 2437041
10000, 4000, 6000, 1, 4253541
10000, 5000, 5000, 1, 5778667
650, 325, 325, 1, 18375
650, 350, 300, 1, 19875
650, 300, 350, 1, 17083
1000, 500, 500, 1, 27958
1000, 700, 300, 1, 895917
2500, 1250, 1250, 1, 1836416
2500, 1000, 1500, 1, 1330542
5000, 2500, 2500, 1, 3279250
5000, 3000, 2000, 1, 4101250
8000, 4000, 4000, 1, 4249416
8000, 2000, 6000, 1, 2438208
10000, 4000, 6000, 1, 4240209
10000, 5000, 5000, 1, 5781750
650, 325, 325, 1, 18416
650, 350, 300, 1, 19834
650, 300, 350, 1, 17084
1000, 500, 500, 1, 28125
1000, 700, 300, 1, 896458
2500, 1250, 1250, 1, 1837958
2500, 1000, 1500, 1, 1329375
5000, 2500, 2500, 1, 3276666
5000, 3000, 2000, 1, 4104750
8000, 4000, 4000, 1, 4251042
8000, 2000, 6000, 1, 2439666
10000, 4000, 6000, 1, 4243666
10000, 5000, 5000, 1, 5788916
650, 325, 325, 1, 18542
650, 350, 300, 1, 19792
650, 300, 350, 1, 17125
1000, 500, 500, 1, 28041
1000, 700, 300, 1, 900042
2500, 1250, 1250, 1, 1854959
2500, 1000, 1500, 1, 1330917
5000, 2500, 2500, 1, 3279083
5000, 3000, 2000, 1, 4125292
8000, 4000, 4000, 1, 4245958
8000, 2000, 6000, 1, 2439833
10000, 4000, 6000, 1, 4245500
10000, 5000, 5000, 1, 5788209
650, 325, 325, 1, 18584
650, 350, 300, 1, 19875
650, 300, 350, 1, 17125
1000, 500, 500, 1, 28125
1000, 700, 300, 1, 895791
2500, 1250, 1250, 1, 1839042
2500, 1000, 1500, 1, 1332000
5000, 2500, 2500, 1, 3312541
5000, 3000, 2000, 1, 4116500
8000, 4000, 4000, 1, 4271833
8000, 2000, 6000, 1, 2439792
10000, 4000, 6000, 1, 4247250
10000, 5000, 5000, 1, 5788792
650, 325, 325, 1, 18542
650, 350, 300, 1, 19875
650, 300, 350, 1, 17042
1000, 500, 500, 1, 28167
1000, 700, 300, 1, 896750
2500, 1250, 1250, 1, 1840000
2500, 1000, 1500, 1, 1331250
5000, 2500, 2500, 1, 3287459
5000, 3000, 2000, 1, 4146208
8000, 4000, 4000, 1, 4259625
8000, 2000, 6000, 1, 2443458
10000, 4000, 6000, 1, 4251542
10000, 5000, 5000, 1, 5799500
650, 325, 325, 1, 18416
650, 350, 300, 1, 19750
650, 300, 350, 1, 17208
1000, 500, 500, 1, 28042
1000, 700, 300, 1, 897125
2500, 1250, 1250, 1, 1841708
2500, 1000, 1500, 1, 1333334
5000, 2500, 2500, 1, 3290417
5000, 3000, 2000, 1, 4138041
8000, 4000, 4000, 1, 4257792
8000, 2000, 6000, 1, 2443500
10000, 4000, 6000, 1, 4253708
10000, 5000, 5000, 1, 5828917
650, 325, 325, 1, 18500
650, 350, 300, 1, 19792
650, 300, 350, 1, 17125
1000, 500, 500, 1, 28083
1000, 700, 300, 1, 898250
2500, 1250, 1250, 1, 1843250
2500, 1000, 1500, 1, 1336625
5000, 2500, 2500, 1, 3297958
5000, 3000, 2000, 1, 4125125
8000, 4000, 4000, 1, 4259417
8000, 2000, 6000, 1, 2445541
10000, 4000, 6000, 1, 4257417
10000, 5000, 5000, 1, 5807125
650, 325, 325, 1, 18417
650, 350, 300, 1, 19791
650, 300, 350, 1, 17333
1000, 500, 500, 1, 28000
1000, 700, 300, 1, 908625
2500, 1250, 1250, 1, 1858666
2500, 1000, 1500, 1, 1334666
5000, 2500, 2500, 1, 3298375
5000, 3000, 2000, 1, 4124625
8000, 4000, 4000, 1, 4265792
8000, 2000, 6000, 1, 2487916
10000, 4000, 6000, 1, 4261625
10000, 5000, 5000, 1, 5812583
650, 325, 325, 1, 18500
650, 350, 300, 1, 19792
650, 300, 350, 1, 17125
1000, 500, 500, 1, 28833
1000, 700, 300, 1, 896958
2500, 1250, 1250, 1, 1849625
2500, 1000, 1500, 1, 1336167
5000, 2500, 2500, 1, 3302167
5000, 3000, 2000, 1, 4127958
8000, 4000, 4000, 1, 4269917
8000, 2000, 6000, 1, 2449917
10000, 4000, 6000, 1, 4283334
10000, 5000, 5000, 1, 5822417
650, 325, 325, 1, 18417
650, 350, 300, 1, 19833
650, 300, 350, 1, 17583
1000, 500, 500, 1, 28208
1000, 700, 300, 1, 897792
2500, 1250, 1250, 1, 1848625
2500, 1000, 1500, 1, 1337541
5000, 2500, 2500, 1, 3302375
5000, 3000, 2000, 1, 4149875
8000, 4000, 4000, 1, 4269834
8000, 2000, 6000, 1, 2453000
10000, 4000, 6000, 1, 4280167
10000, 5000, 5000, 1, 5817583
650, 325, 325, 1, 18375
650, 350, 300, 1, 20458
650, 300, 350, 1, 17125
1000, 500, 500, 1, 27958
1000, 700, 300, 1, 898542
2500, 1250, 1250, 1, 1853708
2500, 1000, 1500, 1, 1338750
5000, 2500, 2500, 1, 3304208
5000, 3000, 2000, 1, 4144333
8000, 4000, 4000, 1, 4286583
8000, 2000, 6000, 1, 2456958
10000, 4000, 6000, 1, 4277750
10000, 5000, 5000, 1, 5821667
650, 325, 325, 1, 18333
650, 350, 300, 1, 19791
650, 300, 350, 1, 17084
1000, 500, 500, 1, 27917
1000, 700, 300, 1, 902083
2500, 1250, 1250, 1, 1856833
2500, 1000, 1500, 1, 1339417
5000, 2500, 2500, 1, 3308042
5000, 3000, 2000, 1, 4141542
8000, 4000, 4000, 1, 4282709
8000, 2000, 6000, 1, 2456875
10000, 4000, 6000, 1, 4280208
10000, 5000, 5000, 1, 5870375
650, 325, 325, 1, 18500
650, 350, 300, 1, 19708
650, 300, 350, 1, 17125
1000, 500, 500, 1, 28167
1000, 700, 300, 1, 902834
2500, 1250, 1250, 1, 1859459
2500, 1000, 1500, 1, 1341750
5000, 2500, 2500, 1, 3309541
5000, 3000, 2000, 1, 4146625
8000, 4000, 4000, 1, 4280250
8000, 2000, 6000, 1, 2460417
10000, 4000, 6000, 1, 4281250
10000, 5000, 5000, 1, 5851000
650, 325, 325, 1, 18625
650, 350, 300, 1, 19791
650, 300, 350, 1, 17209
1000, 500, 500, 1, 28083
1000, 700, 300, 1, 901416
2500, 1250, 1250, 1, 1852416
2500, 1000, 1500, 1, 1341791
5000, 2500, 2500, 1, 3325458
5000, 3000, 2000, 1, 4153917
8000, 4000, 4000, 1, 4288416
8000, 2000, 6000, 1, 2463792
10000, 4000, 6000, 1, 4283916
10000, 5000, 5000, 1, 5846667
650, 325, 325, 1, 18459
650, 350, 300, 1, 19708
650, 300, 350, 1, 17167
1000, 500, 500, 1, 28125
1000, 700, 300, 1, 904459
2500, 1250, 1250, 1, 1860458
2500, 1000, 1500, 1, 1381875
5000, 2500, 2500, 1, 3319875
5000, 3000, 2000, 1, 4148375
8000, 4000, 4000, 1, 4292708
8000, 2000, 6000, 1, 2516209
10000, 4000, 6000, 1, 4291375
10000, 5000, 5000, 1, 5852125
650, 325, 325, 1, 18417
650, 350, 300, 1, 19792
650, 300, 350, 1, 17042
1000, 500, 500, 1, 27959
1000, 700, 300, 1, 907625
2500, 1250, 1250, 1, 1860625
2500, 1000, 1500, 1, 1347000
5000, 2500, 2500, 1, 3319458
5000, 3000, 2000, 1, 4160500
8000, 4000, 4000, 1, 4317541
8000, 2000, 6000, 1, 2467500
10000, 4000, 6000, 1, 4299833
10000, 5000, 5000, 1, 5860291
650, 325, 325, 1, 18375
650, 350, 300, 1, 19875
650, 300, 350, 1, 17291
1000, 500, 500, 1, 28000
1000, 700, 300, 1, 906167
2500, 1250, 1250, 1, 1865084
2500, 1000, 1500, 1, 1373458
5000, 2500, 2500, 1, 3356458
5000, 3000, 2000, 1, 4174667
8000, 4000, 4000, 1, 4296667
8000, 2000, 6000, 1, 2477292
10000, 4000, 6000, 1, 4297666
10000, 5000, 5000, 1, 5873333
650, 325, 325, 1, 18292
650, 350, 300, 1, 19708
650, 300, 350, 1, 17083
1000, 500, 500, 1, 28125
1000, 700, 300, 1, 906833
2500, 1250, 1250, 1, 1864292
2500, 1000, 1500, 1, 1349666
5000, 2500, 2500, 1, 3333208
5000, 3000, 2000, 1, 4160875
8000, 4000, 4000, 1, 4336459
8000, 2000, 6000, 1, 2473042
10000, 4000, 6000, 1, 4312250
10000, 5000, 5000, 1, 5873958
650, 325, 325, 1, 18375
650, 350, 300, 1, 19750
650, 300, 350, 1, 17167
1000, 500, 500, 1, 28416
1000, 700, 300, 1, 909250
2500, 1250, 1250, 1, 1863209
2500, 1000, 1500, 1, 1357084
5000, 2500, 2500, 1, 3331750
5000, 3000, 2000, 1, 4163209
8000, 4000, 4000, 1, 4328833
8000, 2000, 6000, 1, 2471500
10000, 4000, 6000, 1, 4302375
10000, 5000, 5000, 1, 5870875
650, 325, 325, 1, 18458
650, 350, 300, 1, 19917
650, 300, 350, 1, 17041
1000, 500, 500, 1, 27958
1000, 700, 300, 1, 909041
2500, 1250, 1250, 1, 1867875
2500, 1000, 1500, 1, 1349042
5000, 2500, 2500, 1, 3331667
5000, 3000, 2000, 1, 4169958
8000, 4000, 4000, 1, 4333333
8000, 2000, 6000, 1, 2522458
10000, 4000, 6000, 1, 4315375
10000, 5000, 5000, 1, 5886750
650, 325, 325, 1, 18458
650, 350, 300, 1, 19750
650, 300, 350, 1, 17542
1000, 500, 500, 1, 28000
1000, 700, 300, 1, 906875
2500, 1250, 1250, 1, 1869334
2500, 1000, 1500, 1, 1353333
5000, 2500, 2500, 1, 3344916
5000, 3000, 2000, 1, 4182458
8000, 4000, 4000, 1, 4312459
8000, 2000, 6000, 1, 2518583
10000, 4000, 6000, 1, 4346833
10000, 5000, 5000, 1, 5898458
650, 325, 325, 1, 18584
650, 350, 300, 1, 19833
650, 300, 350, 1, 17167
1000, 500, 500, 1, 28000
1000, 700, 300, 1, 908250
2500, 1250, 1250, 1, 1871375
2500, 1000, 1500, 1, 1351625
5000, 2500, 2500, 1, 3340209
5000, 3000, 2000, 1, 4186667
8000, 4000, 4000, 1, 4316375
8000, 2000, 6000, 1, 2484000
10000, 4000, 6000, 1, 4313833
10000, 5000, 5000, 1, 5883458
650, 325, 325, 1, 18417
650, 350, 300, 1, 19792
650, 300, 350, 1, 16958
1000, 500, 500, 1, 28042
1000, 700, 300, 1, 911000
2500, 1250, 1250, 1, 1869959
2500, 1000, 1500, 1, 1363375
5000, 2500, 2500, 1, 3340333
5000, 3000, 2000, 1, 4181250
8000, 4000, 4000, 1, 4323500
8000, 2000, 6000, 1, 2483708
10000, 4000, 6000, 1, 4356167
10000, 5000, 5000, 1, 5907625
650, 325, 325, 1, 18583
650, 350, 300, 1, 19958
650, 300, 350, 1, 17084
1000, 500, 500, 1, 27834
1000, 700, 300, 1, 912792
2500, 1250, 1250, 1, 1871375
2500, 1000, 1500, 1, 1359125
5000, 2500, 2500, 1, 3341250
5000, 3000, 2000, 1, 4186542
8000, 4000, 4000, 1, 4323084
8000, 2000, 6000, 1, 2486750
10000, 4000, 6000, 1, 4329667
10000, 5000, 5000, 1, 5927708
650, 325, 325, 1, 18291
650, 350, 300, 1, 19834
650, 300, 350, 1, 17250
1000, 500, 500, 1, 28084
1000, 700, 300, 1, 912083
2500, 1250, 1250, 1, 1873083
2500, 1000, 1500, 1, 1355250
5000, 2500, 2500, 1, 3346125
5000, 3000, 2000, 1, 4185167
8000, 4000, 4000, 1, 4328375
8000, 2000, 6000, 1, 2490834
10000, 4000, 6000, 1, 4330625
10000, 5000, 5000, 1, 5902208
650, 325, 325, 1, 18417
650, 350, 300, 1, 19875
650, 300, 350, 1, 16958
1000, 500, 500, 1, 28041
1000, 700, 300, 1, 913208
2500, 1250, 1250, 1, 1873917
2500, 1000, 1500, 1, 1356292
5000, 2500, 2500, 1, 3454542
5000, 3000, 2000, 1, 4321125
8000, 4000, 4000, 1, 4342584
8000, 2000, 6000, 1, 2519916
10000, 4000, 6000, 1, 4388625
10000, 5000, 5000, 1, 6030292
650, 325, 325, 1, 20750
650, 350, 300, 1, 20334
650, 300, 350, 1, 17666
1000, 500, 500, 1, 29000
1000, 700, 300, 1, 946708
2500, 1250, 1250, 1, 1926000
2500, 1000, 1500, 1, 1428375
5000, 2500, 2500, 1, 3424208
5000, 3000, 2000, 1, 4201167
8000, 4000, 4000, 1, 4346209
8000, 2000, 6000, 1, 2495833
10000, 4000, 6000, 1, 4365708
10000, 5000, 5000, 1, 5916458
650, 325, 325, 1, 18375
650, 350, 300, 1, 19958
650, 300, 350, 1, 17042
1000, 500, 500, 1, 27958
1000, 700, 300, 1, 914708
2500, 1250, 1250, 1, 1895208
2500, 1000, 1500, 1, 1355750
5000, 2500, 2500, 1, 3361583
5000, 3000, 2000, 1, 4201875
8000, 4000, 4000, 1, 4340333
8000, 2000, 6000, 1, 2498833
10000, 4000, 6000, 1, 4355416
10000, 5000, 5000, 1, 5921083
650, 325, 325, 1, 18458
650, 350, 300, 1, 19792
650, 300, 350, 1, 17042
1000, 500, 500, 1, 28000
1000, 700, 300, 1, 918375
2500, 1250, 1250, 1, 1882208
2500, 1000, 1500, 1, 1364958
5000, 2500, 2500, 1, 3357167
5000, 3000, 2000, 1, 4210250
8000, 4000, 4000, 1, 4344542
8000, 2000, 6000, 1, 2499791
10000, 4000, 6000, 1, 4351792
10000, 5000, 5000, 1, 5965625
650, 325, 325, 1, 19417
650, 350, 300, 1, 19833
650, 300, 350, 1, 16959
1000, 500, 500, 1, 28042
1000, 700, 300, 1, 913584
2500, 1250, 1250, 1, 1883959
2500, 1000, 1500, 1, 1366375
5000, 2500, 2500, 1, 3368292
5000, 3000, 2000, 1, 4242084
8000, 4000, 4000, 1, 4351917
8000, 2000, 6000, 1, 2503334
10000, 4000, 6000, 1, 4355958
10000, 5000, 5000, 1, 5935416
650, 325, 325, 1, 18542
650, 350, 300, 1, 19708
650, 300, 350, 1, 17042
1000, 500, 500, 1, 27916
1000, 700, 300, 1, 919750
2500, 1250, 1250, 1, 1890334
2500, 1000, 1500, 1, 1361916
5000, 2500, 2500, 1, 3364375
5000, 3000, 2000, 1, 4232000
8000, 4000, 4000, 1, 4356458
8000, 2000, 6000, 1, 2503292
10000, 4000, 6000, 1, 4361500
10000, 5000, 5000, 1, 5938541
650, 325, 325, 1, 18500
650, 350, 300, 1, 19792
650, 300, 350, 1, 18291
1000, 500, 500, 1, 27875
1000, 700, 300, 1, 919125
2500, 1250, 1250, 1, 1887375
2500, 1000, 1500, 1, 1366583
5000, 2500, 2500, 1, 3430750
5000, 3000, 2000, 1, 4219541
8000, 4000, 4000, 1, 4355417
8000, 2000, 6000, 1, 2505250
10000, 4000, 6000, 1, 4360458
10000, 5000, 5000, 1, 5940792
650, 325, 325, 1, 18333
650, 350, 300, 1, 19792
650, 300, 350, 1, 17084
1000, 500, 500, 1, 27958
1000, 700, 300, 1, 917417
2500, 1250, 1250, 1, 1886667
2500, 1000, 1500, 1, 1364292
5000, 2500, 2500, 1, 3375625
5000, 3000, 2000, 1, 4238208
8000, 4000, 4000, 1, 4390750
8000, 2000, 6000, 1, 2508709
10000, 4000, 6000, 1, 4359042
10000, 5000, 5000, 1, 5976583
650, 325, 325, 1, 18417
650, 350, 300, 1, 19833
650, 300, 350, 1, 17083
1000, 500, 500, 1, 28250
1000, 700, 300, 1, 924833
2500, 1250, 1250, 1, 1902167
2500, 1000, 1500, 1, 1371958
5000, 2500, 2500, 1, 3409084
5000, 3000, 2000, 1, 4226500
8000, 4000, 4000, 1, 4363334
8000, 2000, 6000, 1, 2508917
10000, 4000, 6000, 1, 4365375
10000, 5000, 5000, 1, 5951459
650, 325, 325, 1, 18416
650, 350, 300, 1, 19750
650, 300, 350, 1, 17083
1000, 500, 500, 1, 27917
1000, 700, 300, 1, 918041
2500, 1250, 1250, 1, 1892541
2500, 1000, 1500, 1, 1378667
5000, 2500, 2500, 1, 3379209
5000, 3000, 2000, 1, 4229958
8000, 4000, 4000, 1, 4369750
8000, 2000, 6000, 1, 2516458
10000, 4000, 6000, 1, 4367583
10000, 5000, 5000, 1, 5953458
650, 325, 325, 1, 18458
650, 350, 300, 1, 20000
650, 300, 350, 1, 17083
1000, 500, 500, 1, 28250
1000, 700, 300, 1, 924625
2500, 1250, 1250, 1, 1895084
2500, 1000, 1500, 1, 1371750
5000, 2500, 2500, 1, 3384750
5000, 3000, 2000, 1, 4271417
8000, 4000, 4000, 1, 4375208
8000, 2000, 6000, 1, 2510750
10000, 4000, 6000, 1, 4373833
10000, 5000, 5000, 1, 5964458
650, 325, 325, 1, 19708
650, 350, 300, 1, 20083
650, 300, 350, 1, 17042
1000, 500, 500, 1, 27958
1000, 700, 300, 1, 922208
2500, 1250, 1250, 1, 1900333
2500, 1000, 1500, 1, 1372000
5000, 2500, 2500, 1, 3415334
5000, 3000, 2000, 1, 4243459
8000, 4000, 4000, 1, 4376291
8000, 2000, 6000, 1, 2518083
10000, 4000, 6000, 1, 4376833
10000, 5000, 5000, 1, 5965708
650, 325, 325, 1, 18583
650, 350, 300, 1, 19792
650, 300, 350, 1, 17083
1000, 500, 500, 1, 27917
1000, 700, 300, 1, 932833
2500, 1250, 1250, 1, 1898709
2500, 1000, 1500, 1, 1367916
5000, 2500, 2500, 1, 3385417
5000, 3000, 2000, 1, 4244584
8000, 4000, 4000, 1, 4383125
8000, 2000, 6000, 1, 2515500
10000, 4000, 6000, 1, 4382458
10000, 5000, 5000, 1, 5976542
650, 325, 325, 1, 18375
650, 350, 300, 1, 21166
650, 300, 350, 1, 17083
1000, 500, 500, 1, 28208
1000, 700, 300, 1, 925583
2500, 1250, 1250, 1, 1899042
2500, 1000, 1500, 1, 1376417
5000, 2500, 2500, 1, 3399042
5000, 3000, 2000, 1, 4259542
8000, 4000, 4000, 1, 4383208
8000, 2000, 6000, 1, 2519416
10000, 4000, 6000, 1, 4382875
10000, 5000, 5000, 1, 5973209
650, 325, 325, 1, 18417
650, 350, 300, 1, 19917
650, 300, 350, 1, 17167
1000, 500, 500, 1, 28125
1000, 700, 300, 1, 926667
2500, 1250, 1250, 1, 1902000
2500, 1000, 1500, 1, 1369791
5000, 2500, 2500, 1, 3393583
5000, 3000, 2000, 1, 4249500
8000, 4000, 4000, 1, 4396000
8000, 2000, 6000, 1, 2558917
10000, 4000, 6000, 1, 4511375
10000, 5000, 5000, 1, 6006167
650, 325, 325, 1, 18625
650, 350, 300, 1, 19708
650, 300, 350, 1, 18458
1000, 500, 500, 1, 31083
1000, 700, 300, 1, 925083
2500, 1250, 1250, 1, 1906708
2500, 1000, 1500, 1, 1376459
5000, 2500, 2500, 1, 3406125
5000, 3000, 2000, 1, 4277541
8000, 4000, 4000, 1, 4403833
8000, 2000, 6000, 1, 2532958
10000, 4000, 6000, 1, 4392791
10000, 5000, 5000, 1, 6057292
650, 325, 325, 1, 18541
650, 350, 300, 1, 19708
650, 300, 350, 1, 17041
1000, 500, 500, 1, 28000
1000, 700, 300, 1, 928292
2500, 1250, 1250, 1, 1907375
2500, 1000, 1500, 1, 1377417
5000, 2500, 2500, 1, 3397333
5000, 3000, 2000, 1, 4312875
8000, 4000, 4000, 1, 4418125
8000, 2000, 6000, 1, 2534417
10000, 4000, 6000, 1, 4438959
10000, 5000, 5000, 1, 6006167
650, 325, 325, 1, 18458
650, 350, 300, 1, 19750
650, 300, 350, 1, 17000
1000, 500, 500, 1, 28000
1000, 700, 300, 1, 926917
2500, 1250, 1250, 1, 1919542
2500, 1000, 1500, 1, 1379958
5000, 2500, 2500, 1, 3412458
5000, 3000, 2000, 1, 4257750
8000, 4000, 4000, 1, 4404166
8000, 2000, 6000, 1, 2526000
10000, 4000, 6000, 1, 4395833
10000, 5000, 5000, 1, 5993083
650, 325, 325, 1, 18458
650, 350, 300, 1, 19750
650, 300, 350, 1, 17041
1000, 500, 500, 1, 28042
1000, 700, 300, 1, 930541
2500, 1250, 1250, 1, 1926917
2500, 1000, 1500, 1, 1380375
5000, 2500, 2500, 1, 3404917
5000, 3000, 2000, 1, 4261583
8000, 4000, 4000, 1, 4428417
8000, 2000, 6000, 1, 2538292
10000, 4000, 6000, 1, 4437459
10000, 5000, 5000, 1, 6008625
650, 325, 325, 1, 18459
650, 350, 300, 1, 19792
650, 300, 350, 1, 17000
1000, 500, 500, 1, 28084
1000, 700, 300, 1, 925417
2500, 1250, 1250, 1, 1908750
2500, 1000, 1500, 1, 1375958
5000, 2500, 2500, 1, 3411625
5000, 3000, 2000, 1, 4268750
8000, 4000, 4000, 1, 4408500
8000, 2000, 6000, 1, 2533500
10000, 4000, 6000, 1, 4407625
10000, 5000, 5000, 1, 6010083
650, 325, 325, 1, 18458
650, 350, 300, 1, 19834
650, 300, 350, 1, 17000
1000, 500, 500, 1, 28834
1000, 700, 300, 1, 926500
2500, 1250, 1250, 1, 1912375
2500, 1000, 1500, 1, 1382208
5000, 2500, 2500, 1, 3411292
5000, 3000, 2000, 1, 4270708
8000, 4000, 4000, 1, 4438916
8000, 2000, 6000, 1, 2532875
10000, 4000, 6000, 1, 4416334
10000, 5000, 5000, 1, 6048084
650, 325, 325, 1, 18500
650, 350, 300, 1, 19792
650, 300, 350, 1, 17083
1000, 500, 500, 1, 28250
1000, 700, 300, 1, 947417
2500, 1250, 1250, 1, 1910542
2500, 1000, 1500, 1, 1378500
5000, 2500, 2500, 1, 3409875
5000, 3000, 2000, 1, 4271917
8000, 4000, 4000, 1, 4431209
8000, 2000, 6000, 1, 2532708
10000, 4000, 6000, 1, 4407250
10000, 5000, 5000, 1, 6035250
650, 325, 325, 1, 18875
650, 350, 300, 1, 20500
650, 300, 350, 1, 17125
1000, 500, 500, 1, 28083
1000, 700, 300, 1, 928250
2500, 1250, 1250, 1, 1913209
2500, 1000, 1500, 1, 1395041
5000, 2500, 2500, 1, 3416666
5000, 3000, 2000, 1, 4270875
8000, 4000, 4000, 1, 4409625
8000, 2000, 6000, 1, 2537208
10000, 4000, 6000, 1, 4411708
10000, 5000, 5000, 1, 6014875
650, 325, 325, 1, 18416
650, 350, 300, 1, 19792
650, 300, 350, 1, 17000
1000, 500, 500, 1, 28000
1000, 700, 300, 1, 932291
2500, 1250, 1250, 1, 1917958
2500, 1000, 1500, 1, 1383750
5000, 2500, 2500, 1, 3415291
5000, 3000, 2000, 1, 4278417
8000, 4000, 4000, 1, 4425917
8000, 2000, 6000, 1, 2537084
10000, 4000, 6000, 1, 4428208
10000, 5000, 5000, 1, 6230250
650, 325, 325, 1, 18500
650, 350, 300, 1, 19875
650, 300, 350, 1, 17250
1000, 500, 500, 1, 28167
1000, 700, 300, 1, 932416
2500, 1250, 1250, 1, 1917375
2500, 1000, 1500, 1, 1391916
5000, 2500, 2500, 1, 3445500
5000, 3000, 2000, 1, 4287666
8000, 4000, 4000, 1, 4428333
8000, 2000, 6000, 1, 2538416
10000, 4000, 6000, 1, 4420083
10000, 5000, 5000, 1, 6117500
650, 325, 325, 1, 18917
650, 350, 300, 1, 20458
650, 300, 350, 1, 18167
1000, 500, 500, 1, 28833
1000, 700, 300, 1, 959291
2500, 1250, 1250, 1, 1992000
2500, 1000, 1500, 1, 1430583
5000, 2500, 2500, 1, 3495500
5000, 3000, 2000, 1, 4306209
8000, 4000, 4000, 1, 4436917
8000, 2000, 6000, 1, 2565125
10000, 4000, 6000, 1, 4425666
10000, 5000, 5000, 1, 6061542
650, 325, 325, 1, 18542
650, 350, 300, 1, 19917
650, 300, 350, 1, 17000
1000, 500, 500, 1, 28000
1000, 700, 300, 1, 936292
2500, 1250, 1250, 1, 1958334
2500, 1000, 1500, 1, 1390584
5000, 2500, 2500, 1, 3434041
5000, 3000, 2000, 1, 4292958
8000, 4000, 4000, 1, 4434833
8000, 2000, 6000, 1, 2546125
10000, 4000, 6000, 1, 4434833
10000, 5000, 5000, 1, 6054000
650, 325, 325, 1, 18417
650, 350, 300, 1, 19834
650, 300, 350, 1, 17166
1000, 500, 500, 1, 28000
1000, 700, 300, 1, 937250
2500, 1250, 1250, 1, 1923333
2500, 1000, 1500, 1, 1388958
5000, 2500, 2500, 1, 3432125
5000, 3000, 2000, 1, 4298791
8000, 4000, 4000, 1, 4449834
8000, 2000, 6000, 1, 2550916
10000, 4000, 6000, 1, 4437792
10000, 5000, 5000, 1, 6048416
650, 325, 325, 1, 18583
650, 350, 300, 1, 19834
650, 300, 350, 1, 17083
1000, 500, 500, 1, 27959
1000, 700, 300, 1, 935458
2500, 1250, 1250, 1, 1927750
2500, 1000, 1500, 1, 1394416
5000, 2500, 2500, 1, 3462583
5000, 3000, 2000, 1, 4309000
8000, 4000, 4000, 1, 4432375
8000, 2000, 6000, 1, 2558708
10000, 4000, 6000, 1, 4432125
10000, 5000, 5000, 1, 6047125
650, 325, 325, 1, 18583
650, 350, 300, 1, 19750
650, 300, 350, 1, 17125
1000, 500, 500, 1, 28125
1000, 700, 300, 1, 936750
2500, 1250, 1250, 1, 1923667
2500, 1000, 1500, 1, 1390708
5000, 2500, 2500, 1, 3437542
5000, 3000, 2000, 1, 4319708
8000, 4000, 4000, 1, 4462333
8000, 2000, 6000, 1, 2549417
10000, 4000, 6000, 1, 4438167
10000, 5000, 5000, 1, 6050958
650, 325, 325, 1, 18458
650, 350, 300, 1, 19791
650, 300, 350, 1, 17166
1000, 500, 500, 1, 28000
1000, 700, 300, 1, 940209
2500, 1250, 1250, 1, 1925459
2500, 1000, 1500, 1, 1389084
5000, 2500, 2500, 1, 3440084
5000, 3000, 2000, 1, 4299792
8000, 4000, 4000, 1, 4445792
8000, 2000, 6000, 1, 2551833
10000, 4000, 6000, 1, 4445459
10000, 5000, 5000, 1, 6066084
650, 325, 325, 1, 18500
650, 350, 300, 1, 19959
650, 300, 350, 1, 17125
1000, 500, 500, 1, 28208
1000, 700, 300, 1, 935375
2500, 1250, 1250, 1, 1927792
2500, 1000, 1500, 1, 1434500
5000, 2500, 2500, 1, 3452250
5000, 3000, 2000, 1, 4306125
8000, 4000, 4000, 1, 4486292
8000, 2000, 6000, 1, 2556875
10000, 4000, 6000, 1, 4462625
10000, 5000, 5000, 1, 6067417
650, 325, 325, 1, 18500
650, 350, 300, 1, 19916
650, 300, 350, 1, 17042
1000, 500, 500, 1, 30792
1000, 700, 300, 1, 954250
2500, 1250, 1250, 1, 1929959
2500, 1000, 1500, 1, 1394500
5000, 2500, 2500, 1, 3443084
5000, 3000, 2000, 1, 4311875
8000, 4000, 4000, 1, 4451750
8000, 2000, 6000, 1, 2563208
10000, 4000, 6000, 1, 4455625
10000, 5000, 5000, 1, 6086083
650, 325, 325, 1, 18500
650, 350, 300, 1, 19791
650, 300, 350, 1, 17125
1000, 500, 500, 1, 27959
1000, 700, 300, 1, 940916
2500, 1250, 1250, 1, 1930542
2500, 1000, 1500, 1, 1395667
5000, 2500, 2500, 1, 3445167
5000, 3000, 2000, 1, 4318791
8000, 4000, 4000, 1, 4451541
8000, 2000, 6000, 1, 2563875
10000, 4000, 6000, 1, 4454166
10000, 5000, 5000, 1, 6102292
650, 325, 325, 1, 18709
650, 350, 300, 1, 19834
650, 300, 350, 1, 17083
1000, 500, 500, 1, 28000
1000, 700, 300, 1, 938000
2500, 1250, 1250, 1, 1930917
2500, 1000, 1500, 1, 1393917
5000, 2500, 2500, 1, 3448667
5000, 3000, 2000, 1, 4320208
8000, 4000, 4000, 1, 4458000
8000, 2000, 6000, 1, 2577750
10000, 4000, 6000, 1, 4454667
10000, 5000, 5000, 1, 6106750
650, 325, 325, 1, 18958
650, 350, 300, 1, 19834
650, 300, 350, 1, 17084
1000, 500, 500, 1, 28208
1000, 700, 300, 1, 959875
2500, 1250, 1250, 1, 1937208
2500, 1000, 1500, 1, 1401208
5000, 2500, 2500, 1, 3450792
5000, 3000, 2000, 1, 4323875
8000, 4000, 4000, 1, 4457708
8000, 2000, 6000, 1, 2599334
10000, 4000, 6000, 1, 4460500
10000, 5000, 5000, 1, 6095750
650, 325, 325, 1, 18500
650, 350, 300, 1, 19917
650, 300, 350, 1, 19208
1000, 500, 500, 1, 28166
1000, 700, 300, 1, 941000
2500, 1250, 1250, 1, 1935125
2500, 1000, 1500, 1, 1400875
5000, 2500, 2500, 1, 3453584
5000, 3000, 2000, 1, 4346542
8000, 4000, 4000, 1, 4462959
8000, 2000, 6000, 1, 2567709
10000, 4000, 6000, 1, 4465459
10000, 5000, 5000, 1, 6087416
650, 325, 325, 1, 18667
650, 350, 300, 1, 19917
650, 300, 350, 1, 17083
1000, 500, 500, 1, 28083
1000, 700, 300, 1, 943667
2500, 1250, 1250, 1, 1937292
2500, 1000, 1500, 1, 1400625
5000, 2500, 2500, 1, 3453792
5000, 3000, 2000, 1, 4332625
8000, 4000, 4000, 1, 4465708
8000, 2000, 6000, 1, 2571084
10000, 4000, 6000, 1, 4493291
10000, 5000, 5000, 1, 6090959
650, 325, 325, 1, 18416
650, 350, 300, 1, 19792
650, 300, 350, 1, 17125
1000, 500, 500, 1, 28042
1000, 700, 300, 1, 941958
2500, 1250, 1250, 1, 1938791
2500, 1000, 1500, 1, 1404208
5000, 2500, 2500, 1, 3469292
5000, 3000, 2000, 1, 4332833
8000, 4000, 4000, 1, 4498042
8000, 2000, 6000, 1, 2585458
10000, 4000, 6000, 1, 4475750
10000, 5000, 5000, 1, 6099500
650, 325, 325, 1, 18750
650, 350, 300, 1, 19791
650, 300, 350, 1, 17333
1000, 500, 500, 1, 28084
1000, 700, 300, 1, 941583
2500, 1250, 1250, 1, 1947166
2500, 1000, 1500, 1, 1402750
5000, 2500, 2500, 1, 3463708
5000, 3000, 2000, 1, 4336542
8000, 4000, 4000, 1, 4472875
8000, 2000, 6000, 1, 2574250
10000, 4000, 6000, 1, 4512834
10000, 5000, 5000, 1, 6130792
650, 325, 325, 1, 18416
650, 350, 300, 1, 19875
650, 300, 350, 1, 17875
1000, 500, 500, 1, 28000
1000, 700, 300, 1, 948250
2500, 1250, 1250, 1, 1943417
2500, 1000, 1500, 1, 1403583
5000, 2500, 2500, 1, 3474500
5000, 3000, 2000, 1, 4341375
8000, 4000, 4000, 1, 4489000
8000, 2000, 6000, 1, 2576959
10000, 4000, 6000, 1, 4478833
10000, 5000, 5000, 1, 6107792
650, 325, 325, 1, 18666
650, 350, 300, 1, 19750
650, 300, 350, 1, 17125
1000, 500, 500, 1, 28083
1000, 700, 300, 1, 945875
2500, 1250, 1250, 1, 1943667
2500, 1000, 1500, 1, 1405000
5000, 2500, 2500, 1, 3466416
5000, 3000, 2000, 1, 4346542
8000, 4000, 4000, 1, 4481584
8000, 2000, 6000, 1, 2584375
10000, 4000, 6000, 1, 4505500
10000, 5000, 5000, 1, 6142875
650, 325, 325, 1, 18459
650, 350, 300, 1, 19833
650, 300, 350, 1, 17041
1000, 500, 500, 1, 27958
1000, 700, 300, 1, 946916
2500, 1250, 1250, 1, 1945333
2500, 1000, 1500, 1, 1405125
5000, 2500, 2500, 1, 3471750
5000, 3000, 2000, 1, 4365000
8000, 4000, 4000, 1, 4485541
8000, 2000, 6000, 1, 2580958
10000, 4000, 6000, 1, 4491208
10000, 5000, 5000, 1, 6130542
650, 325, 325, 1, 18375
650, 350, 300, 1, 19916
650, 300, 350, 1, 17041
1000, 500, 500, 1, 28125
1000, 700, 300, 1, 947666
2500, 1250, 1250, 1, 1948167
2500, 1000, 1500, 1, 1404833
5000, 2500, 2500, 1, 3477958
5000, 3000, 2000, 1, 4352084
8000, 4000, 4000, 1, 4491625
8000, 2000, 6000, 1, 2580583
10000, 4000, 6000, 1, 4489625
10000, 5000, 5000, 1, 6172000
650, 325, 325, 1, 18375
650, 350, 300, 1, 19750
650, 300, 350, 1, 16917
1000, 500, 500, 1, 28041
1000, 700, 300, 1, 947042
2500, 1250, 1250, 1, 1948375
2500, 1000, 1500, 1, 1411917
5000, 2500, 2500, 1, 3477416
5000, 3000, 2000, 1, 4354209
8000, 4000, 4000, 1, 4495416
8000, 2000, 6000, 1, 2584375
10000, 4000, 6000, 1, 4547250
10000, 5000, 5000, 1, 6196000
650, 325, 325, 1, 18542
650, 350, 300, 1, 19792
650, 300, 350, 1, 16958
1000, 500, 500, 1, 28209
1000, 700, 300, 1, 951291
2500, 1250, 1250, 1, 1975792
2500, 1000, 1500, 1, 1456750
5000, 2500, 2500, 1, 3494792
5000, 3000, 2000, 1, 4355666
8000, 4000, 4000, 1, 4502917
8000, 2000, 6000, 1, 2595250
10000, 4000, 6000, 1, 4504166
10000, 5000, 5000, 1, 6141375
650, 325, 325, 1, 18417
650, 350, 300, 1, 20417
650, 300, 350, 1, 17084
1000, 500, 500, 1, 28084
1000, 700, 300, 1, 947250
2500, 1250, 1250, 1, 1954125
2500, 1000, 1500, 1, 1411625
5000, 2500, 2500, 1, 3487500
5000, 3000, 2000, 1, 4358958
8000, 4000, 4000, 1, 4535875
8000, 2000, 6000, 1, 2593500
10000, 4000, 6000, 1, 4501459
10000, 5000, 5000, 1, 6136125
650, 325, 325, 1, 18375
650, 350, 300, 1, 19750
650, 300, 350, 1, 17042
1000, 500, 500, 1, 28834
1000, 700, 300, 1, 950750
2500, 1250, 1250, 1, 1953042
2500, 1000, 1500, 1, 1415209
5000, 2500, 2500, 1, 3487292
5000, 3000, 2000, 1, 4363542
8000, 4000, 4000, 1, 4504292
8000, 2000, 6000, 1, 2591834
10000, 4000, 6000, 1, 4503166
10000, 5000, 5000, 1, 6144458
650, 325, 325, 1, 18458
650, 350, 300, 1, 19833
650, 300, 350, 1, 17167
1000, 500, 500, 1, 27916
1000, 700, 300, 1, 951958
2500, 1250, 1250, 1, 1957292
2500, 1000, 1500, 1, 1413875
5000, 2500, 2500, 1, 3491875
5000, 3000, 2000, 1, 4388000
8000, 4000, 4000, 1, 4551084
8000, 2000, 6000, 1, 2594458
10000, 4000, 6000, 1, 4519042
10000, 5000, 5000, 1, 6150458
650, 325, 325, 1, 18625
650, 350, 300, 1, 19834
650, 300, 350, 1, 17084
1000, 500, 500, 1, 28083
1000, 700, 300, 1, 952750
2500, 1250, 1250, 1, 1959041
2500, 1000, 1500, 1, 1416458
5000, 2500, 2500, 1, 3491917
5000, 3000, 2000, 1, 4370750
8000, 4000, 4000, 1, 4595125
8000, 2000, 6000, 1, 2594916
10000, 4000, 6000, 1, 4532542
10000, 5000, 5000, 1, 6151000
650, 325, 325, 1, 18750
650, 350, 300, 1, 19750
650, 300, 350, 1, 17167
1000, 500, 500, 1, 28084
1000, 700, 300, 1, 1061167
2500, 1250, 1250, 1, 1985875
2500, 1000, 1500, 1, 1418625
5000, 2500, 2500, 1, 3537542
5000, 3000, 2000, 1, 4747375
8000, 4000, 4000, 1, 4774917
8000, 2000, 6000, 1, 2888084
10000, 4000, 6000, 1, 4810708
10000, 5000, 5000, 1, 6626334
650, 325, 325, 1, 18417
650, 350, 300, 1, 19875
650, 300, 350, 1, 17250
1000, 500, 500, 1, 28125
1000, 700, 300, 1, 953833
2500, 1250, 1250, 1, 2086500
2500, 1000, 1500, 1, 1609917
5000, 2500, 2500, 1, 3676417
5000, 3000, 2000, 1, 4488791
8000, 4000, 4000, 1, 4530541
8000, 2000, 6000, 1, 2604791
10000, 4000, 6000, 1, 4570875
10000, 5000, 5000, 1, 6165500
650, 325, 325, 1, 18625
650, 350, 300, 1, 19750
650, 300, 350, 1, 17041
1000, 500, 500, 1, 28000
1000, 700, 300, 1, 953208
2500, 1250, 1250, 1, 1962000
2500, 1000, 1500, 1, 1424041
5000, 2500, 2500, 1, 3539625
5000, 3000, 2000, 1, 4381875
8000, 4000, 4000, 1, 4525750
8000, 2000, 6000, 1, 2603000
10000, 4000, 6000, 1, 4523458
10000, 5000, 5000, 1, 6167084
650, 325, 325, 1, 18542
650, 350, 300, 1, 20042
650, 300, 350, 1, 17042
1000, 500, 500, 1, 42000
1000, 700, 300, 1, 970333
2500, 1250, 1250, 1, 1973709
2500, 1000, 1500, 1, 1419834
5000, 2500, 2500, 1, 3503917
5000, 3000, 2000, 1, 4384792
8000, 4000, 4000, 1, 4538125
8000, 2000, 6000, 1, 2604875
10000, 4000, 6000, 1, 4529750
10000, 5000, 5000, 1, 6214542
650, 325, 325, 1, 18458
650, 350, 300, 1, 19750
650, 300, 350, 1, 17042
1000, 500, 500, 1, 28000
1000, 700, 300, 1, 956292
2500, 1250, 1250, 1, 1968250
2500, 1000, 1500, 1, 1428333
5000, 2500, 2500, 1, 3521667
5000, 3000, 2000, 1, 4389875
8000, 4000, 4000, 1, 4528666
8000, 2000, 6000, 1, 2610458
10000, 4000, 6000, 1, 4536084
10000, 5000, 5000, 1, 6191083
650, 325, 325, 1, 18417
650, 350, 300, 1, 19834
650, 300, 350, 1, 17291
1000, 500, 500, 1, 28166
1000, 700, 300, 1, 959375
2500, 1250, 1250, 1, 2004833
2500, 1000, 1500, 1, 1421959
5000, 2500, 2500, 1, 3510125
5000, 3000, 2000, 1, 4394208
8000, 4000, 4000, 1, 4534709
8000, 2000, 6000, 1, 2627416
10000, 4000, 6000, 1, 4533291
10000, 5000, 5000, 1, 6222166
650, 325, 325, 1, 18375
650, 350, 300, 1, 19875
650, 300, 350, 1, 17208
1000, 500, 500, 1, 28000
1000, 700, 300, 1, 957750
2500, 1250, 1250, 1, 1977959
2500, 1000, 1500, 1, 1429375
5000, 2500, 2500, 1, 3551000
5000, 3000, 2000, 1, 4413291
8000, 4000, 4000, 1, 4541833
8000, 2000, 6000, 1, 2618666
10000, 4000, 6000, 1, 4550875
10000, 5000, 5000, 1, 6188667
650, 325, 325, 1, 18416
650, 350, 300, 1, 19792
650, 300, 350, 1, 17042
1000, 500, 500, 1, 28166
1000, 700, 300, 1, 959083
2500, 1250, 1250, 1, 1972958
2500, 1000, 1500, 1, 1424417
5000, 2500, 2500, 1, 3515542
5000, 3000, 2000, 1, 4407667
8000, 4000, 4000, 1, 4585834
8000, 2000, 6000, 1, 2621667
10000, 4000, 6000, 1, 4548959
10000, 5000, 5000, 1, 6207292
650, 325, 325, 1, 18458
650, 350, 300, 1, 19833
650, 300, 350, 1, 17750
1000, 500, 500, 1, 28125
1000, 700, 300, 1, 959625
2500, 1250, 1250, 1, 1971792
2500, 1000, 1500, 1, 1447333
5000, 2500, 2500, 1, 3536125
5000, 3000, 2000, 1, 4425625
8000, 4000, 4000, 1, 4543833
8000, 2000, 6000, 1, 2617750
10000, 4000, 6000, 1, 4544041
10000, 5000, 5000, 1, 6209000
650, 325, 325, 1, 18417
650, 350, 300, 1, 20542
650, 300, 350, 1, 17042
1000, 500, 500, 1, 28083
1000, 700, 300, 1, 960459
2500, 1250, 1250, 1, 1976417
2500, 1000, 1500, 1, 1426792
5000, 2500, 2500, 1, 3526792
5000, 3000, 2000, 1, 4477042
8000, 4000, 4000, 1, 4550833
8000, 2000, 6000, 1, 2617708
10000, 4000, 6000, 1, 4547542
10000, 5000, 5000, 1, 6207000
650, 325, 325, 1, 19125
650, 350, 300, 1, 19875
650, 300, 350, 1, 17042
1000, 500, 500, 1, 28000
1000, 700, 300, 1, 958667
2500, 1250, 1250, 1, 1975250
2500, 1000, 1500, 1, 1429375
5000, 2500, 2500, 1, 3524417
5000, 3000, 2000, 1, 4424041
8000, 4000, 4000, 1, 4556000
8000, 2000, 6000, 1, 2619834
10000, 4000, 6000, 1, 4556000
10000, 5000, 5000, 1, 6210292
650, 325, 325, 1, 18416
650, 350, 300, 1, 19875
650, 300, 350, 1, 17000
1000, 500, 500, 1, 28125
1000, 700, 300, 1, 959458
2500, 1250, 1250, 1, 1978416
2500, 1000, 1500, 1, 1429166
5000, 2500, 2500, 1, 3527541
5000, 3000, 2000, 1, 4429625
8000, 4000, 4000, 1, 4561834
8000, 2000, 6000, 1, 2645250
10000, 4000, 6000, 1, 4557333
10000, 5000, 5000, 1, 6226625
650, 325, 325, 1, 18667
650, 350, 300, 1, 20000
650, 300, 350, 1, 17083
1000, 500, 500, 1, 28083
1000, 700, 300, 1, 959958
2500, 1250, 1250, 1, 1978750
2500, 1000, 1500, 1, 1433084
5000, 2500, 2500, 1, 3533750
5000, 3000, 2000, 1, 4424291
8000, 4000, 4000, 1, 4563333
8000, 2000, 6000, 1, 2621333
10000, 4000, 6000, 1, 4561542
10000, 5000, 5000, 1, 6257709
650, 325, 325, 1, 18458
650, 350, 300, 1, 19833
650, 300, 350, 1, 17125
1000, 500, 500, 1, 28000
1000, 700, 300, 1, 961042
2500, 1250, 1250, 1, 1980541
2500, 1000, 1500, 1, 1458625
5000, 2500, 2500, 1, 3533000
5000, 3000, 2000, 1, 4421916
8000, 4000, 4000, 1, 4569041
8000, 2000, 6000, 1, 2626375
10000, 4000, 6000, 1, 4565125
10000, 5000, 5000, 1, 6227209
650, 325, 325, 1, 18417
650, 350, 300, 1, 19792
650, 300, 350, 1, 17041
1000, 500, 500, 1, 28083
1000, 700, 300, 1, 964667
2500, 1250, 1250, 1, 1983208
2500, 1000, 1500, 1, 1430000
5000, 2500, 2500, 1, 3545708
5000, 3000, 2000, 1, 4438875
8000, 4000, 4000, 1, 4603875
8000, 2000, 6000, 1, 2629833
10000, 4000, 6000, 1, 4630000
10000, 5000, 5000, 1, 6304542
650, 325, 325, 1, 18541
650, 350, 300, 1, 19833
650, 300, 350, 1, 17125
1000, 500, 500, 1, 27916
1000, 700, 300, 1, 965209
2500, 1250, 1250, 1, 1986208
2500, 1000, 1500, 1, 1433917
5000, 2500, 2500, 1, 3559958
5000, 3000, 2000, 1, 4431958
8000, 4000, 4000, 1, 4570916
8000, 2000, 6000, 1, 2629125
10000, 4000, 6000, 1, 4569833
10000, 5000, 5000, 1, 6237334
650, 325, 325, 1, 18458
650, 350, 300, 1, 19833
650, 300, 350, 1, 17125
1000, 500, 500, 1, 28000
1000, 700, 300, 1, 966375
2500, 1250, 1250, 1, 1984958
2500, 1000, 1500, 1, 1437250
5000, 2500, 2500, 1, 3541833
5000, 3000, 2000, 1, 4433708
8000, 4000, 4000, 1, 4579959
8000, 2000, 6000, 1, 2634083
10000, 4000, 6000, 1, 4576208
10000, 5000, 5000, 1, 6241125
650, 325, 325, 1, 18458
650, 350, 300, 1, 19791
650, 300, 350, 1, 17208
1000, 500, 500, 1, 28125
1000, 700, 300, 1, 965541
2500, 1250, 1250, 1, 1988333
2500, 1000, 1500, 1, 1438958
5000, 2500, 2500, 1, 3662125
5000, 3000, 2000, 1, 4603583
8000, 4000, 4000, 1, 4736375
8000, 2000, 6000, 1, 2736916
10000, 4000, 6000, 1, 4748125
10000, 5000, 5000, 1, 6461333
650, 325, 325, 1, 22292
650, 350, 300, 1, 20042
650, 300, 350, 1, 17250
1000, 500, 500, 1, 29083
1000, 700, 300, 1, 994667
2500, 1250, 1250, 1, 2032584
2500, 1000, 1500, 1, 1468250
5000, 2500, 2500, 1, 3643292
5000, 3000, 2000, 1, 4583750
8000, 4000, 4000, 1, 4733792
8000, 2000, 6000, 1, 2881542
10000, 4000, 6000, 1, 5190416
10000, 5000, 5000, 1, 7058167
650, 325, 325, 1, 19125
650, 350, 300, 1, 20916
650, 300, 350, 1, 17625
1000, 500, 500, 1, 28792
1000, 700, 300, 1, 1000209
2500, 1250, 1250, 1, 2020333
2500, 1000, 1500, 1, 1443750
5000, 2500, 2500, 1, 3575125
5000, 3000, 2000, 1, 4468958
8000, 4000, 4000, 1, 4591875
8000, 2000, 6000, 1, 2655333
10000, 4000, 6000, 1, 4600208
10000, 5000, 5000, 1, 6275000
650, 325, 325, 1, 18584
650, 350, 300, 1, 19833
650, 300, 350, 1, 17000
1000, 500, 500, 1, 28875
1000, 700, 300, 1, 972542
2500, 1250, 1250, 1, 1991625
2500, 1000, 1500, 1, 1443584
5000, 2500, 2500, 1, 3554209
5000, 3000, 2000, 1, 4454500
8000, 4000, 4000, 1, 4626583
8000, 2000, 6000, 1, 2639375
10000, 4000, 6000, 1, 4590542
10000, 5000, 5000, 1, 6262458
650, 325, 325, 1, 19292
650, 350, 300, 1, 19833
650, 300, 350, 1, 16959
1000, 500, 500, 1, 28125
1000, 700, 300, 1, 975584
2500, 1250, 1250, 1, 2005083
2500, 1000, 1500, 1, 1466167
5000, 2500, 2500, 1, 3612834
5000, 3000, 2000, 1, 4453709
8000, 4000, 4000, 1, 4626958
8000, 2000, 6000, 1, 2642375
10000, 4000, 6000, 1, 4611042
10000, 5000, 5000, 1, 6284916
650, 325, 325, 1, 18500
650, 350, 300, 1, 19833
650, 300, 350, 1, 17000
1000, 500, 500, 1, 28125
1000, 700, 300, 1, 991458
2500, 1250, 1250, 1, 1999125
2500, 1000, 1500, 1, 1439667
5000, 2500, 2500, 1, 3564084
5000, 3000, 2000, 1, 4457667
8000, 4000, 4000, 1, 4623959
8000, 2000, 6000, 1, 2646583
10000, 4000, 6000, 1, 4599458
10000, 5000, 5000, 1, 6272625
650, 325, 325, 1, 18459
650, 350, 300, 1, 19792
650, 300, 350, 1, 17000
1000, 500, 500, 1, 28084
1000, 700, 300, 1, 971458
2500, 1250, 1250, 1, 1997541
2500, 1000, 1500, 1, 1444958
5000, 2500, 2500, 1, 3560417
5000, 3000, 2000, 1, 4459333
8000, 4000, 4000, 1, 4606459
8000, 2000, 6000, 1, 2654958
10000, 4000, 6000, 1, 4602916
10000, 5000, 5000, 1, 6274125
650, 325, 325, 1, 18500
650, 350, 300, 1, 19750
650, 300, 350, 1, 17166
1000, 500, 500, 1, 28042
1000, 700, 300, 1, 971833
2500, 1250, 1250, 1, 2000458
2500, 1000, 1500, 1, 1444333
5000, 2500, 2500, 1, 3566209
5000, 3000, 2000, 1, 4468167
8000, 4000, 4000, 1, 4625584
8000, 2000, 6000, 1, 2653834
10000, 4000, 6000, 1, 4607042
10000, 5000, 5000, 1, 6283416
650, 325, 325, 1, 18959
650, 350, 300, 1, 19917
650, 300, 350, 1, 17042
1000, 500, 500, 1, 28208
1000, 700, 300, 1, 973167
2500, 1250, 1250, 1, 2000292
2500, 1000, 1500, 1, 1450291
5000, 2500, 2500, 1, 3568875
5000, 3000, 2000, 1, 4472417
8000, 4000, 4000, 1, 4613959
8000, 2000, 6000, 1, 2662125
10000, 4000, 6000, 1, 4610417
10000, 5000, 5000, 1, 6286208
650, 325, 325, 1, 18583
650, 350, 300, 1, 19958
650, 300, 350, 1, 17209
1000, 500, 500, 1, 27958
1000, 700, 300, 1, 973958
2500, 1250, 1250, 1, 2006125
2500, 1000, 1500, 1, 1446959
5000, 2500, 2500, 1, 3574209
5000, 3000, 2000, 1, 4474708
8000, 4000, 4000, 1, 4613000
8000, 2000, 6000, 1, 2651666
10000, 4000, 6000, 1, 4626917
10000, 5000, 5000, 1, 6300916
650, 325, 325, 1, 18709
650, 350, 300, 1, 19792
650, 300, 350, 1, 17000
1000, 500, 500, 1, 28041
1000, 700, 300, 1, 977958
2500, 1250, 1250, 1, 2008625
2500, 1000, 1500, 1, 1448417
5000, 2500, 2500, 1, 3571375
5000, 3000, 2000, 1, 4476958
8000, 4000, 4000, 1, 4613875
8000, 2000, 6000, 1, 2671125
10000, 4000, 6000, 1, 4615084
10000, 5000, 5000, 1, 6296083
650, 325, 325, 1, 18375
650, 350, 300, 1, 19750
650, 300, 350, 1, 17125
1000, 500, 500, 1, 28084
1000, 700, 300, 1, 976875
2500, 1250, 1250, 1, 2004875
2500, 1000, 1500, 1, 1449541
5000, 2500, 2500, 1, 3582209
5000, 3000, 2000, 1, 4480750
8000, 4000, 4000, 1, 4623500
8000, 2000, 6000, 1, 2699875
10000, 4000, 6000, 1, 4618584
10000, 5000, 5000, 1, 6310000
650, 325, 325, 1, 18375
650, 350, 300, 1, 19958
650, 300, 350, 1, 17125
1000, 500, 500, 1, 28042
1000, 700, 300, 1, 973708
2500, 1250, 1250, 1, 2006834
2500, 1000, 1500, 1, 1451000
5000, 2500, 2500, 1, 3611416
5000, 3000, 2000, 1, 4481875
8000, 4000, 4000, 1, 4638209
8000, 2000, 6000, 1, 2661209
10000, 4000, 6000, 1, 4625666
10000, 5000, 5000, 1, 6325334
650, 325, 325, 1, 18583
650, 350, 300, 1, 19834
650, 300, 350, 1, 17041
1000, 500, 500, 1, 28125
1000, 700, 300, 1, 978084
2500, 1250, 1250, 1, 2012292
2500, 1000, 1500, 1, 1455458
5000, 2500, 2500, 1, 3581208
5000, 3000, 2000, 1, 4605250
8000, 4000, 4000, 1, 4630916
8000, 2000, 6000, 1, 2681291
10000, 4000, 6000, 1, 4661083
10000, 5000, 5000, 1, 6333375
650, 325, 325, 1, 18625
650, 350, 300, 1, 19792
650, 300, 350, 1, 17583
1000, 500, 500, 1, 28042
1000, 700, 300, 1, 975292
2500, 1250, 1250, 1, 2013583
2500, 1000, 1500, 1, 1456000
5000, 2500, 2500, 1, 3591209
5000, 3000, 2000, 1, 4489000
8000, 4000, 4000, 1, 4649625
8000, 2000, 6000, 1, 2663083
10000, 4000, 6000, 1, 4629958
10000, 5000, 5000, 1, 6321542
650, 325, 325, 1, 18500
650, 350, 300, 1, 19834
650, 300, 350, 1, 17125
1000, 500, 500, 1, 28000
1000, 700, 300, 1, 976208
2500, 1250, 1250, 1, 2045833
2500, 1000, 1500, 1, 1457000
5000, 2500, 2500, 1, 3592417
5000, 3000, 2000, 1, 4495334
8000, 4000, 4000, 1, 4634959
8000, 2000, 6000, 1, 2708541
10000, 4000, 6000, 1, 4642375
10000, 5000, 5000, 1, 6320750
650, 325, 325, 1, 18667
650, 350, 300, 1, 19750
650, 300, 350, 1, 17416
1000, 500, 500, 1, 27916
1000, 700, 300, 1, 980417
2500, 1250, 1250, 1, 2025375
2500, 1000, 1500, 1, 1455833
5000, 2500, 2500, 1, 3591583
5000, 3000, 2000, 1, 4501959
8000, 4000, 4000, 1, 4648209
8000, 2000, 6000, 1, 2673042
10000, 4000, 6000, 1, 4641666
10000, 5000, 5000, 1, 6361833
650, 325, 325, 1, 18459
650, 350, 300, 1, 19917
650, 300, 350, 1, 17625
1000, 500, 500, 1, 27959
1000, 700, 300, 1, 980500
2500, 1250, 1250, 1, 2015250
2500, 1000, 1500, 1, 1482709
5000, 2500, 2500, 1, 3596000
5000, 3000, 2000, 1, 4507166
8000, 4000, 4000, 1, 4652417
8000, 2000, 6000, 1, 2670292
10000, 4000, 6000, 1, 4644917
10000, 5000, 5000, 1, 6331625
650, 325, 325, 1, 18500
650, 350, 300, 1, 19667
650, 300, 350, 1, 16958
1000, 500, 500, 1, 28042
1000, 700, 300, 1, 981792
2500, 1250, 1250, 1, 2019167
2500, 1000, 1500, 1, 1455083
5000, 2500, 2500, 1, 3598667
5000, 3000, 2000, 1, 4513292
8000, 4000, 4000, 1, 4645292
8000, 2000, 6000, 1, 2671791
10000, 4000, 6000, 1, 4686125
10000, 5000, 5000, 1, 6338292
650, 325, 325, 1, 18500
650, 350, 300, 1, 19958
650, 300, 350, 1, 17083
1000, 500, 500, 1, 27958
1000, 700, 300, 1, 982000
2500, 1250, 1250, 1, 2019333
2500, 1000, 1500, 1, 1458916
5000, 2500, 2500, 1, 3623333
5000, 3000, 2000, 1, 4512291
8000, 4000, 4000, 1, 4649875
8000, 2000, 6000, 1, 2686667
10000, 4000, 6000, 1, 4676417
10000, 5000, 5000, 1, 6366625
650, 325, 325, 1, 19791
650, 350, 300, 1, 20958
650, 300, 350, 1, 17250
1000, 500, 500, 1, 28333
1000, 700, 300, 1, 988166
2500, 1250, 1250, 1, 2031417
2500, 1000, 1500, 1, 1457542
5000, 2500, 2500, 1, 3613750
5000, 3000, 2000, 1, 4554667
8000, 4000, 4000, 1, 4663042
8000, 2000, 6000, 1, 2680833
10000, 4000, 6000, 1, 4666958
10000, 5000, 5000, 1, 6353917
650, 325, 325, 1, 18459
650, 350, 300, 1, 19833
650, 300, 350, 1, 17166
1000, 500, 500, 1, 28000
1000, 700, 300, 1, 990167
2500, 1250, 1250, 1, 2024209
2500, 1000, 1500, 1, 1464084
5000, 2500, 2500, 1, 3611917
5000, 3000, 2000, 1, 4530416
8000, 4000, 4000, 1, 4676542
8000, 2000, 6000, 1, 2687583
10000, 4000, 6000, 1, 4690083
10000, 5000, 5000, 1, 6362416
650, 325, 325, 1, 18458
650, 350, 300, 1, 19875
650, 300, 350, 1, 17083
1000, 500, 500, 1, 28000
1000, 700, 300, 1, 982083
2500, 1250, 1250, 1, 2029000
2500, 1000, 1500, 1, 1465542
5000, 2500, 2500, 1, 3646958
5000, 3000, 2000, 1, 4528666
8000, 4000, 4000, 1, 4669542
8000, 2000, 6000, 1, 2683083
10000, 4000, 6000, 1, 4675417
10000, 5000, 5000, 1, 6369750
650, 325, 325, 1, 18458
650, 350, 300, 1, 19791
650, 300, 350, 1, 17042
1000, 500, 500, 1, 27959
1000, 700, 300, 1, 987792
2500, 1250, 1250, 1, 2027667
2500, 1000, 1500, 1, 1466125
5000, 2500, 2500, 1, 3619000
5000, 3000, 2000, 1, 4526917
8000, 4000, 4000, 1, 4671250
8000, 2000, 6000, 1, 2718583
10000, 4000, 6000, 1, 4713000
10000, 5000, 5000, 1, 6415959
650, 325, 325, 1, 18583
650, 350, 300, 1, 19875
650, 300, 350, 1, 16958
1000, 500, 500, 1, 28125
1000, 700, 300, 1, 985875
2500, 1250, 1250, 1, 2027625
2500, 1000, 1500, 1, 1464833
5000, 2500, 2500, 1, 3622834
5000, 3000, 2000, 1, 4529875
8000, 4000, 4000, 1, 4677375
8000, 2000, 6000, 1, 2687458
10000, 4000, 6000, 1, 4670542
10000, 5000, 5000, 1, 6368041
650, 325, 325, 1, 18541
650, 350, 300, 1, 19834
650, 300, 350, 1, 17042
1000, 500, 500, 1, 28042
1000, 700, 300, 1, 987167
2500, 1250, 1250, 1, 2028708
2500, 1000, 1500, 1, 1470167
5000, 2500, 2500, 1, 3618542
5000, 3000, 2000, 1, 4538042
8000, 4000, 4000, 1, 4683292
8000, 2000, 6000, 1, 2715167
10000, 4000, 6000, 1, 4688292
10000, 5000, 5000, 1, 6374750
650, 325, 325, 1, 18542
650, 350, 300, 1, 20750
650, 300, 350, 1, 17042
1000, 500, 500, 1, 28042
1000, 700, 300, 1, 984792
2500, 1250, 1250, 1, 2033333
2500, 1000, 1500, 1, 1467583
5000, 2500, 2500, 1, 3622292
5000, 3000, 2000, 1, 4537500
8000, 4000, 4000, 1, 4685750
8000, 2000, 6000, 1, 2711333
10000, 4000, 6000, 1, 4680333
10000, 5000, 5000, 1, 6414458
650, 325, 325, 1, 18500
650, 350, 300, 1, 19875
650, 300, 350, 1, 17083
1000, 500, 500, 1, 28042
1000, 700, 300, 1, 992833
2500, 1250, 1250, 1, 2039125
2500, 1000, 1500, 1, 1472042
5000, 2500, 2500, 1, 3628458
5000, 3000, 2000, 1, 4559834
8000, 4000, 4000, 1, 4686083
8000, 2000, 6000, 1, 2699167
10000, 4000, 6000, 1, 4684333
10000, 5000, 5000, 1, 6391583
650, 325, 325, 1, 19916
650, 350, 300, 1, 19875
650, 300, 350, 1, 17084
1000, 500, 500, 1, 28000
1000, 700, 300, 1, 986625
2500, 1250, 1250, 1, 2040292
2500, 1000, 1500, 1, 1472209
5000, 2500, 2500, 1, 3632500
5000, 3000, 2000, 1, 4551250
8000, 4000, 4000, 1, 4696959
8000, 2000, 6000, 1, 2698625
10000, 4000, 6000, 1, 4693875
10000, 5000, 5000, 1, 6398791
650, 325, 325, 1, 18417
650, 350, 300, 1, 19791
650, 300, 350, 1, 17084
1000, 500, 500, 1, 28084
1000, 700, 300, 1, 996292
2500, 1250, 1250, 1, 2040834
2500, 1000, 1500, 1, 1473917
5000, 2500, 2500, 1, 3665209
5000, 3000, 2000, 1, 4552834
8000, 4000, 4000, 1, 4690291
8000, 2000, 6000, 1, 2710333
10000, 4000, 6000, 1, 4689833
10000, 5000, 5000, 1, 6407500
650, 325, 325, 1, 18458
650, 350, 300, 1, 19875
650, 300, 350, 1, 17208
1000, 500, 500, 1, 28042
1000, 700, 300, 1, 991000
2500, 1250, 1250, 1, 2075416
2500, 1000, 1500, 1, 1476958
5000, 2500, 2500, 1, 3636750
5000, 3000, 2000, 1, 4556750
8000, 4000, 4000, 1, 4688750
8000, 2000, 6000, 1, 2697917
10000, 4000, 6000, 1, 4697667
10000, 5000, 5000, 1, 6402791
650, 325, 325, 1, 18667
650, 350, 300, 1, 19833
650, 300, 350, 1, 17083
1000, 500, 500, 1, 28125
1000, 700, 300, 1, 995500
2500, 1250, 1250, 1, 2038958
2500, 1000, 1500, 1, 1472833
5000, 2500, 2500, 1, 3636708
5000, 3000, 2000, 1, 4560750
8000, 4000, 4000, 1, 4709667
8000, 2000, 6000, 1, 2714375
10000, 4000, 6000, 1, 4729750
10000, 5000, 5000, 1, 6410916
650, 325, 325, 1, 18500
650, 350, 300, 1, 19791
650, 300, 350, 1, 17209
1000, 500, 500, 1, 27875
1000, 700, 300, 1, 989708
2500, 1250, 1250, 1, 2040291
2500, 1000, 1500, 1, 1471917
5000, 2500, 2500, 1, 3646208
5000, 3000, 2000, 1, 4558750
8000, 4000, 4000, 1, 4703208
8000, 2000, 6000, 1, 2702167
10000, 4000, 6000, 1, 4716333
10000, 5000, 5000, 1, 6415917
650, 325, 325, 1, 18625
650, 350, 300, 1, 19875
650, 300, 350, 1, 17041
1000, 500, 500, 1, 28000
1000, 700, 300, 1, 993917
2500, 1250, 1250, 1, 2042125
2500, 1000, 1500, 1, 1481208
5000, 2500, 2500, 1, 3651750
5000, 3000, 2000, 1, 4584791
8000, 4000, 4000, 1, 4719958
8000, 2000, 6000, 1, 2755833
10000, 4000, 6000, 1, 4700375
10000, 5000, 5000, 1, 6414208
650, 325, 325, 1, 18458
650, 350, 300, 1, 19792
650, 300, 350, 1, 17042
1000, 500, 500, 1, 28042
1000, 700, 300, 1, 994916
2500, 1250, 1250, 1, 2046292
2500, 1000, 1500, 1, 1473834
5000, 2500, 2500, 1, 3652042
5000, 3000, 2000, 1, 4566583
8000, 4000, 4000, 1, 4707000
8000, 2000, 6000, 1, 2709417
10000, 4000, 6000, 1, 4711958
10000, 5000, 5000, 1, 6423792
650, 325, 325, 1, 18458
650, 350, 300, 1, 19750
650, 300, 350, 1, 17583
1000, 500, 500, 1, 28084
1000, 700, 300, 1, 991916
2500, 1250, 1250, 1, 2057583
2500, 1000, 1500, 1, 1497875
5000, 2500, 2500, 1, 3651000
5000, 3000, 2000, 1, 4607917
8000, 4000, 4000, 1, 4710833
8000, 2000, 6000, 1, 2748708
10000, 4000, 6000, 1, 4710834
10000, 5000, 5000, 1, 6524625
650, 325, 325, 1, 18458
650, 350, 300, 1, 19959
650, 300, 350, 1, 17042
1000, 500, 500, 1, 28166
1000, 700, 300, 1, 995833
2500, 1250, 1250, 1, 2046750
2500, 1000, 1500, 1, 1481500
5000, 2500, 2500, 1, 3656416
5000, 3000, 2000, 1, 4602750
8000, 4000, 4000, 1, 4738208
8000, 2000, 6000, 1, 2713750
10000, 4000, 6000, 1, 4714209
10000, 5000, 5000, 1, 6436166
650, 325, 325, 1, 18541
650, 350, 300, 1, 19750
650, 300, 350, 1, 17042
1000, 500, 500, 1, 28084
1000, 700, 300, 1, 993958
2500, 1250, 1250, 1, 2052167
2500, 1000, 1500, 1, 1480083
5000, 2500, 2500, 1, 3656917
5000, 3000, 2000, 1, 4586417
8000, 4000, 4000, 1, 4717625
8000, 2000, 6000, 1, 2766917
10000, 4000, 6000, 1, 4726667
10000, 5000, 5000, 1, 6432625
650, 325, 325, 1, 18625
650, 350, 300, 1, 19958
650, 300, 350, 1, 16959
1000, 500, 500, 1, 28875
1000, 700, 300, 1, 997833
2500, 1250, 1250, 1, 2051209
2500, 1000, 1500, 1, 1484458
5000, 2500, 2500, 1, 3657292
5000, 3000, 2000, 1, 4583458
8000, 4000, 4000, 1, 4721625
8000, 2000, 6000, 1, 2716833
10000, 4000, 6000, 1, 4721375
10000, 5000, 5000, 1, 6441209
650, 325, 325, 1, 18625
650, 350, 300, 1, 19791
650, 300, 350, 1, 17083
1000, 500, 500, 1, 28000
1000, 700, 300, 1, 998500
2500, 1250, 1250, 1, 2051500
2500, 1000, 1500, 1, 1483542
5000, 2500, 2500, 1, 3670416
5000, 3000, 2000, 1, 4595084
8000, 4000, 4000, 1, 4728958
8000, 2000, 6000, 1, 2756833
10000, 4000, 6000, 1, 4754208
10000, 5000, 5000, 1, 6455417
650, 325, 325, 1, 18416
650, 350, 300, 1, 19750
650, 300, 350, 1, 17083
1000, 500, 500, 1, 28125
1000, 700, 300, 1, 996125
2500, 1250, 1250, 1, 2055750
2500, 1000, 1500, 1, 1482084
5000, 2500, 2500, 1, 3667791
5000, 3000, 2000, 1, 4601458
8000, 4000, 4000, 1, 4730334
8000, 2000, 6000, 1, 2725958
10000, 4000, 6000, 1, 4747000
10000, 5000, 5000, 1, 6454292
650, 325, 325, 1, 18667
650, 350, 300, 1, 19916
650, 300, 350, 1, 17625
1000, 500, 500, 1, 29833
1000, 700, 300, 1, 997000
2500, 1250, 1250, 1, 2057250
2500, 1000, 1500, 1, 1485625
5000, 2500, 2500, 1, 3667375
5000, 3000, 2000, 1, 4591458
8000, 4000, 4000, 1, 4736625
8000, 2000, 6000, 1, 2721333
10000, 4000, 6000, 1, 4743541
10000, 5000, 5000, 1, 6579250
650, 325, 325, 1, 18333
650, 350, 300, 1, 19834
650, 300, 350, 1, 17041
1000, 500, 500, 1, 27958
1000, 700, 300, 1, 1000917
2500, 1250, 1250, 1, 2063833
2500, 1000, 1500, 1, 1488000
5000, 2500, 2500, 1, 3671625
5000, 3000, 2000, 1, 4594917
8000, 4000, 4000, 1, 4735083
8000, 2000, 6000, 1, 2729208
10000, 4000, 6000, 1, 4734083
10000, 5000, 5000, 1, 6523000
650, 325, 325, 1, 18500
650, 350, 300, 1, 19916
650, 300, 350, 1, 17167
1000, 500, 500, 1, 27959
1000, 700, 300, 1, 1000250
2500, 1250, 1250, 1, 2059417
2500, 1000, 1500, 1, 1487459
5000, 2500, 2500, 1, 3677459
5000, 3000, 2000, 1, 4599667
8000, 4000, 4000, 1, 4740667
8000, 2000, 6000, 1, 2807875
10000, 4000, 6000, 1, 4739375
10000, 5000, 5000, 1, 6478416
650, 325, 325, 1, 19208
650, 350, 300, 1, 19917
650, 300, 350, 1, 17083
1000, 500, 500, 1, 28084
1000, 700, 300, 1, 999167
2500, 1250, 1250, 1, 2065917
2500, 1000, 1500, 1, 1488333
5000, 2500, 2500, 1, 3675167
5000, 3000, 2000, 1, 4606334
8000, 4000, 4000, 1, 4746625
8000, 2000, 6000, 1, 2727833
10000, 4000, 6000, 1, 4750500
10000, 5000, 5000, 1, 6471458
650, 325, 325, 1, 18416
650, 350, 300, 1, 19958
650, 300, 350, 1, 17167
1000, 500, 500, 1, 28125
1000, 700, 300, 1, 1008333
2500, 1250, 1250, 1, 2066083
2500, 1000, 1500, 1, 1490167
5000, 2500, 2500, 1, 3678041
5000, 3000, 2000, 1, 4604291
8000, 4000, 4000, 1, 4756833
8000, 2000, 6000, 1, 2734291
10000, 4000, 6000, 1, 4748750
10000, 5000, 5000, 1, 6506500
650, 325, 325, 1, 19709
650, 350, 300, 1, 19833
650, 300, 350, 1, 17084
1000, 500, 500, 1, 28000
1000, 700, 300, 1, 1006250
2500, 1250, 1250, 1, 2067208
2500, 1000, 1500, 1, 1493250
5000, 2500, 2500, 1, 3683750
5000, 3000, 2000, 1, 4620583
8000, 4000, 4000, 1, 4755083
8000, 2000, 6000, 1, 2743834
10000, 4000, 6000, 1, 4753375
10000, 5000, 5000, 1, 6497458
650, 325, 325, 1, 18542
650, 350, 300, 1, 19750
650, 300, 350, 1, 17042
1000, 500, 500, 1, 28000
1000, 700, 300, 1, 1001500
2500, 1250, 1250, 1, 2068500
2500, 1000, 1500, 1, 1493708
5000, 2500, 2500, 1, 3710042
5000, 3000, 2000, 1, 4618375
8000, 4000, 4000, 1, 4758917
8000, 2000, 6000, 1, 2736334
10000, 4000, 6000, 1, 4752000
10000, 5000, 5000, 1, 6487125
650, 325, 325, 1, 18542
650, 350, 300, 1, 19750
650, 300, 350, 1, 17709
1000, 500, 500, 1, 28083
1000, 700, 300, 1, 1020333
2500, 1250, 1250, 1, 2067375
2500, 1000, 1500, 1, 1493875
5000, 2500, 2500, 1, 3686333
5000, 3000, 2000, 1, 4618791
8000, 4000, 4000, 1, 4758792
8000, 2000, 6000, 1, 2741334
10000, 4000, 6000, 1, 4758958
10000, 5000, 5000, 1, 6493541
650, 325, 325, 1, 18375
650, 350, 300, 1, 19792
650, 300, 350, 1, 17125
1000, 500, 500, 1, 28000
1000, 700, 300, 1, 1021958
2500, 1250, 1250, 1, 2070958
2500, 1000, 1500, 1, 1497042
5000, 2500, 2500, 1, 3712500
5000, 3000, 2000, 1, 4661958
8000, 4000, 4000, 1, 4776541
8000, 2000, 6000, 1, 2743833
10000, 4000, 6000, 1, 4787375
10000, 5000, 5000, 1, 6504833
650, 325, 325, 1, 18542
650, 350, 300, 1, 19875
650, 300, 350, 1, 17125
1000, 500, 500, 1, 28167
1000, 700, 300, 1, 1065916
2500, 1250, 1250, 1, 2092292
2500, 1000, 1500, 1, 1498750
5000, 2500, 2500, 1, 3704500
5000, 3000, 2000, 1, 4631833
8000, 4000, 4000, 1, 4832000
8000, 2000, 6000, 1, 2742250
10000, 4000, 6000, 1, 4773250
10000, 5000, 5000, 1, 6514333
650, 325, 325, 1, 18459
650, 350, 300, 1, 19791
650, 300, 350, 1, 17708
1000, 500, 500, 1, 29125
1000, 700, 300, 1, 1007625
2500, 1250, 1250, 1, 2071959
2500, 1000, 1500, 1, 1501834
5000, 2500, 2500, 1, 3693209
5000, 3000, 2000, 1, 4665167
8000, 4000, 4000, 1, 4773208
8000, 2000, 6000, 1, 2746375
10000, 4000, 6000, 1, 4779875
10000, 5000, 5000, 1, 6507833
650, 325, 325, 1, 18542
650, 350, 300, 1, 19917
650, 300, 350, 1, 17042
1000, 500, 500, 1, 28084
1000, 700, 300, 1, 1010333
2500, 1250, 1250, 1, 2083417
2500, 1000, 1500, 1, 1501792
5000, 2500, 2500, 1, 3713750
5000, 3000, 2000, 1, 4641083
8000, 4000, 4000, 1, 4774916
8000, 2000, 6000, 1, 2756583
10000, 4000, 6000, 1, 4771500
10000, 5000, 5000, 1, 6526709
650, 325, 325, 1, 18459
650, 350, 300, 1, 20500
650, 300, 350, 1, 17125
1000, 500, 500, 1, 27958
1000, 700, 300, 1, 1011542
2500, 1250, 1250, 1, 2075208
2500, 1000, 1500, 1, 1506667
5000, 2500, 2500, 1, 3704792
5000, 3000, 2000, 1, 4638750
8000, 4000, 4000, 1, 4812083
8000, 2000, 6000, 1, 2756541
10000, 4000, 6000, 1, 4789375
10000, 5000, 5000, 1, 6517959
650, 325, 325, 1, 18542
650, 350, 300, 1, 19917
650, 300, 350, 1, 17042
1000, 500, 500, 1, 28041
1000, 700, 300, 1, 1011708
2500, 1250, 1250, 1, 2077000
2500, 1000, 1500, 1, 1503083
5000, 2500, 2500, 1, 3704792
5000, 3000, 2000, 1, 4637750
8000, 4000, 4000, 1, 4781541
8000, 2000, 6000, 1, 2774875
10000, 4000, 6000, 1, 4781208
10000, 5000, 5000, 1, 6521917
650, 325, 325, 1, 18459
650, 350, 300, 1, 20041
650, 300, 350, 1, 17042
1000, 500, 500, 1, 28084
1000, 700, 300, 1, 1013750
2500, 1250, 1250, 1, 2078125
2500, 1000, 1500, 1, 1502250
5000, 2500, 2500, 1, 3726209
5000, 3000, 2000, 1, 4684875
8000, 4000, 4000, 1, 4788083
8000, 2000, 6000, 1, 2752209
10000, 4000, 6000, 1, 4800875
10000, 5000, 5000, 1, 6550625
650, 325, 325, 1, 18500
650, 350, 300, 1, 19875
650, 300, 350, 1, 17125
1000, 500, 500, 1, 28125
1000, 700, 300, 1, 1014500
2500, 1250, 1250, 1, 2081250
2500, 1000, 1500, 1, 1505541
5000, 2500, 2500, 1, 3713292
5000, 3000, 2000, 1, 4644917
8000, 4000, 4000, 1, 4789125
8000, 2000, 6000, 1, 2758875
10000, 4000, 6000, 1, 4789125
10000, 5000, 5000, 1, 6546834
650, 325, 325, 1, 18459
650, 350, 300, 1, 19959
650, 300, 350, 1, 17208
1000, 500, 500, 1, 28042
1000, 700, 300, 1, 1012750
2500, 1250, 1250, 1, 2081750
2500, 1000, 1500, 1, 1507791
5000, 2500, 2500, 1, 3710625
5000, 3000, 2000, 1, 4664500
8000, 4000, 4000, 1, 4797292
8000, 2000, 6000, 1, 2760209
10000, 4000, 6000, 1, 4795083
10000, 5000, 5000, 1, 6539208
650, 325, 325, 1, 18416
650, 350, 300, 1, 19833
650, 300, 350, 1, 17250
1000, 500, 500, 1, 27917
1000, 700, 300, 1, 1014708
2500, 1250, 1250, 1, 2083708
2500, 1000, 1500, 1, 1505166
5000, 2500, 2500, 1, 3716167
5000, 3000, 2000, 1, 4660333
8000, 4000, 4000, 1, 4826084
8000, 2000, 6000, 1, 2763167
10000, 4000, 6000, 1, 4800000
10000, 5000, 5000, 1, 6544917
650, 325, 325, 1, 18583
650, 350, 300, 1, 19792
650, 300, 350, 1, 17167
1000, 500, 500, 1, 28000
1000, 700, 300, 1, 1015916
2500, 1250, 1250, 1, 2085416
2500, 1000, 1500, 1, 1507167
5000, 2500, 2500, 1, 3755000
5000, 3000, 2000, 1, 4663167
8000, 4000, 4000, 1, 4800583
8000, 2000, 6000, 1, 2782292
10000, 4000, 6000, 1, 4806000
10000, 5000, 5000, 1, 6561833
650, 325, 325, 1, 19375
650, 350, 300, 1, 19959
650, 300, 350, 1, 17125
1000, 500, 500, 1, 27916
1000, 700, 300, 1, 1015333
2500, 1250, 1250, 1, 2090042
2500, 1000, 1500, 1, 1511083
5000, 2500, 2500, 1, 3729542
5000, 3000, 2000, 1, 4670125
8000, 4000, 4000, 1, 4853250
8000, 2000, 6000, 1, 2771042
10000, 4000, 6000, 1, 4806083
10000, 5000, 5000, 1, 6564625
650, 325, 325, 1, 18417
650, 350, 300, 1, 19833
650, 300, 350, 1, 17041
1000, 500, 500, 1, 27959
1000, 700, 300, 1, 1013000
2500, 1250, 1250, 1, 2093125
2500, 1000, 1500, 1, 1532959
5000, 2500, 2500, 1, 3731041
5000, 3000, 2000, 1, 4675834
8000, 4000, 4000, 1, 4812625
8000, 2000, 6000, 1, 2773083
10000, 4000, 6000, 1, 4810333
10000, 5000, 5000, 1, 6569000
650, 325, 325, 1, 18542
650, 350, 300, 1, 20417
650, 300, 350, 1, 17125
1000, 500, 500, 1, 27917
1000, 700, 300, 1, 1016750
2500, 1250, 1250, 1, 2092542
2500, 1000, 1500, 1, 1515875
5000, 2500, 2500, 1, 3744292
5000, 3000, 2000, 1, 4674750
8000, 4000, 4000, 1, 4821208
8000, 2000, 6000, 1, 2773084
10000, 4000, 6000, 1, 4821625
10000, 5000, 5000, 1, 6568958
650, 325, 325, 1, 18500
650, 350, 300, 1, 19875
650, 300, 350, 1, 17500
1000, 500, 500, 1, 28042
1000, 700, 300, 1, 1017125
2500, 1250, 1250, 1, 2121583
2500, 1000, 1500, 1, 1513916
5000, 2500, 2500, 1, 3736000
5000, 3000, 2000, 1, 4683667
8000, 4000, 4000, 1, 4819917
8000, 2000, 6000, 1, 2771875
10000, 4000, 6000, 1, 4828166
10000, 5000, 5000, 1, 6577958
650, 325, 325, 1, 18459
650, 350, 300, 1, 19833
650, 300, 350, 1, 17125
1000, 500, 500, 1, 29750
1000, 700, 300, 1, 1018125
2500, 1250, 1250, 1, 2096625
2500, 1000, 1500, 1, 1515292
5000, 2500, 2500, 1, 3739916
5000, 3000, 2000, 1, 4678833
8000, 4000, 4000, 1, 4831542
8000, 2000, 6000, 1, 2787875
10000, 4000, 6000, 1, 4826375
10000, 5000, 5000, 1, 6582250
650, 325, 325, 1, 19000
650, 350, 300, 1, 19792
650, 300, 350, 1, 17083
1000, 500, 500, 1, 28916
1000, 700, 300, 1, 1018958
2500, 1250, 1250, 1, 2098292
2500, 1000, 1500, 1, 1519417
5000, 2500, 2500, 1, 3786625
5000, 3000, 2000, 1, 4685459
8000, 4000, 4000, 1, 4848042
8000, 2000, 6000, 1, 2785250
10000, 4000, 6000, 1, 4837875
10000, 5000, 5000, 1, 6590750
650, 325, 325, 1, 18375
650, 350, 300, 1, 19792
650, 300, 350, 1, 17042
1000, 500, 500, 1, 30125
1000, 700, 300, 1, 1019500
2500, 1250, 1250, 1, 2099458
2500, 1000, 1500, 1, 1522041
5000, 2500, 2500, 1, 3755584
5000, 3000, 2000, 1, 4686500
8000, 4000, 4000, 1, 4836041
8000, 2000, 6000, 1, 2783875
10000, 4000, 6000, 1, 4833750
10000, 5000, 5000, 1, 6592125
650, 325, 325, 1, 18625
650, 350, 300, 1, 20000
650, 300, 350, 1, 17083
1000, 500, 500, 1, 29875
1000, 700, 300, 1, 1022166
2500, 1250, 1250, 1, 2101041
2500, 1000, 1500, 1, 1518792
5000, 2500, 2500, 1, 3750458
5000, 3000, 2000, 1, 4696208
8000, 4000, 4000, 1, 4837000
8000, 2000, 6000, 1, 2815416
10000, 4000, 6000, 1, 4859833
10000, 5000, 5000, 1, 6603333
650, 325, 325, 1, 18417
650, 350, 300, 1, 19792
650, 300, 350, 1, 17625
1000, 500, 500, 1, 28125
1000, 700, 300, 1, 1018500
2500, 1250, 1250, 1, 2103209
2500, 1000, 1500, 1, 1525333
5000, 2500, 2500, 1, 3756459
5000, 3000, 2000, 1, 4696917
8000, 4000, 4000, 1, 4841000
8000, 2000, 6000, 1, 2783042
10000, 4000, 6000, 1, 4842125
10000, 5000, 5000, 1, 6638584
650, 325, 325, 1, 18500
650, 350, 300, 1, 27291
650, 300, 350, 1, 17125
1000, 500, 500, 1, 27916
1000, 700, 300, 1, 1029333
2500, 1250, 1250, 1, 2108833
2500, 1000, 1500, 1, 1521375
5000, 2500, 2500, 1, 3753833
5000, 3000, 2000, 1, 4705750
8000, 4000, 4000, 1, 4872667
8000, 2000, 6000, 1, 2789583
10000, 4000, 6000, 1, 4841042
10000, 5000, 5000, 1, 6611167
650, 325, 325, 1, 19042
650, 350, 300, 1, 19917
650, 300, 350, 1, 17083
1000, 500, 500, 1, 28042
1000, 700, 300, 1, 1020583
2500, 1250, 1250, 1, 2108833
2500, 1000, 1500, 1, 1522500
5000, 2500, 2500, 1, 3761708
5000, 3000, 2000, 1, 4706667
8000, 4000, 4000, 1, 4845708
8000, 2000, 6000, 1, 2794334
10000, 4000, 6000, 1, 4903292
10000, 5000, 5000, 1, 6643583
650, 325, 325, 1, 18541
650, 350, 300, 1, 19792
650, 300, 350, 1, 17083
1000, 500, 500, 1, 28000
1000, 700, 300, 1, 1021916
2500, 1250, 1250, 1, 2115833
2500, 1000, 1500, 1, 1520667
5000, 2500, 2500, 1, 3759208
5000, 3000, 2000, 1, 4728708
8000, 4000, 4000, 1, 4868292
8000, 2000, 6000, 1, 2803334
10000, 4000, 6000, 1, 4845125
10000, 5000, 5000, 1, 6614959
650, 325, 325, 1, 18459
650, 350, 300, 1, 19875
650, 300, 350, 1, 17208
1000, 500, 500, 1, 28042
1000, 700, 300, 1, 1021834
2500, 1250, 1250, 1, 2110083
2500, 1000, 1500, 1, 1519791
5000, 2500, 2500, 1, 3761417
5000, 3000, 2000, 1, 4707667
8000, 4000, 4000, 1, 4849250
8000, 2000, 6000, 1, 2797000
10000, 4000, 6000, 1, 4864750
10000, 5000, 5000, 1, 6615250
650, 325, 325, 1, 18375
650, 350, 300, 1, 19833
650, 300, 350, 1, 17166
1000, 500, 500, 1, 28083
1000, 700, 300, 1, 1022500
2500, 1250, 1250, 1, 2114167
2500, 1000, 1500, 1, 1520875
5000, 2500, 2500, 1, 3760542
5000, 3000, 2000, 1, 4714083
8000, 4000, 4000, 1, 4852209
8000, 2000, 6000, 1, 2808708
10000, 4000, 6000, 1, 4850041
10000, 5000, 5000, 1, 6647917
650, 325, 325, 1, 18292
650, 350, 300, 1, 19916
650, 300, 350, 1, 17000
1000, 500, 500, 1, 28000
1000, 700, 300, 1, 1026166
2500, 1250, 1250, 1, 2110583
2500, 1000, 1500, 1, 1549541
5000, 2500, 2500, 1, 3762750
5000, 3000, 2000, 1, 4711959
8000, 4000, 4000, 1, 4859750
8000, 2000, 6000, 1, 2794125
10000, 4000, 6000, 1, 4876208
10000, 5000, 5000, 1, 6623417
650, 325, 325, 1, 18416
650, 350, 300, 1, 19791
650, 300, 350, 1, 17084
1000, 500, 500, 1, 27958
1000, 700, 300, 1, 1028875
2500, 1250, 1250, 1, 2111708
2500, 1000, 1500, 1, 1526209
5000, 2500, 2500, 1, 3766167
5000, 3000, 2000, 1, 4719708
8000, 4000, 4000, 1, 4858958
8000, 2000, 6000, 1, 2799875
10000, 4000, 6000, 1, 4859375
10000, 5000, 5000, 1, 6659541
650, 325, 325, 1, 18625
650, 350, 300, 1, 19750
650, 300, 350, 1, 17125
1000, 500, 500, 1, 28083
1000, 700, 300, 1, 1027834
2500, 1250, 1250, 1, 2114125
2500, 1000, 1500, 1, 1527416
5000, 2500, 2500, 1, 3774875
5000, 3000, 2000, 1, 4721875
8000, 4000, 4000, 1, 4864208
8000, 2000, 6000, 1, 2800166
10000, 4000, 6000, 1, 4866334
10000, 5000, 5000, 1, 6663000
650, 325, 325, 1, 19125
650, 350, 300, 1, 20041
650, 300, 350, 1, 17083
1000, 500, 500, 1, 28125
1000, 700, 300, 1, 1031834
2500, 1250, 1250, 1, 2117084
2500, 1000, 1500, 1, 1531542
5000, 2500, 2500, 1, 3775375
5000, 3000, 2000, 1, 4725583
8000, 4000, 4000, 1, 4875833
8000, 2000, 6000, 1, 2800416
10000, 4000, 6000, 1, 4868125
10000, 5000, 5000, 1, 6653083
650, 325, 325, 1, 18458
650, 350, 300, 1, 19917
650, 300, 350, 1, 17125
1000, 500, 500, 1, 28125
1000, 700, 300, 1, 1028291
2500, 1250, 1250, 1, 2117208
2500, 1000, 1500, 1, 1532792
5000, 2500, 2500, 1, 3775583
5000, 3000, 2000, 1, 4729042
8000, 4000, 4000, 1, 4913458
8000, 2000, 6000, 1, 2804708
10000, 4000, 6000, 1, 4876000
10000, 5000, 5000, 1, 6643125
650, 325, 325, 1, 18417
650, 350, 300, 1, 19791
650, 300, 350, 1, 17541
1000, 500, 500, 1, 27916
1000, 700, 300, 1, 1029791
2500, 1250, 1250, 1, 2118583
2500, 1000, 1500, 1, 1533958
5000, 2500, 2500, 1, 3779000
5000, 3000, 2000, 1, 4750833
8000, 4000, 4000, 1, 4885834
8000, 2000, 6000, 1, 2814458
10000, 4000, 6000, 1, 4871375
10000, 5000, 5000, 1, 6654666
650, 325, 325, 1, 18458
650, 350, 300, 1, 19833
650, 300, 350, 1, 17084
1000, 500, 500, 1, 28042
1000, 700, 300, 1, 1028333
2500, 1250, 1250, 1, 2144667
2500, 1000, 1500, 1, 1542334
5000, 2500, 2500, 1, 3789291
5000, 3000, 2000, 1, 4764250
8000, 4000, 4000, 1, 4876417
8000, 2000, 6000, 1, 2824958
10000, 4000, 6000, 1, 4880042
10000, 5000, 5000, 1, 6687709
650, 325, 325, 1, 18375
650, 350, 300, 1, 19833
650, 300, 350, 1, 17125
1000, 500, 500, 1, 27917
1000, 700, 300, 1, 1042667
2500, 1250, 1250, 1, 2127041
2500, 1000, 1500, 1, 1533125
5000, 2500, 2500, 1, 3787500
5000, 3000, 2000, 1, 4746833
8000, 4000, 4000, 1, 4888166
8000, 2000, 6000, 1, 2818375
10000, 4000, 6000, 1, 4888834
10000, 5000, 5000, 1, 6683291
650, 325, 325, 1, 18542
650, 350, 300, 1, 19958
650, 300, 350, 1, 17125
1000, 500, 500, 1, 28042
1000, 700, 300, 1, 1035416
2500, 1250, 1250, 1, 2130083
2500, 1000, 1500, 1, 1537000
5000, 2500, 2500, 1, 3791625
5000, 3000, 2000, 1, 4793375
8000, 4000, 4000, 1, 4892708
8000, 2000, 6000, 1, 2829875
10000, 4000, 6000, 1, 4893000
10000, 5000, 5000, 1, 6673833
650, 325, 325, 1, 18458
650, 350, 300, 1, 19833
650, 300, 350, 1, 17125
1000, 500, 500, 1, 27959
1000, 700, 300, 1, 1050625
2500, 1250, 1250, 1, 2128375
2500, 1000, 1500, 1, 1538375
5000, 2500, 2500, 1, 3795542
5000, 3000, 2000, 1, 4757916
8000, 4000, 4000, 1, 4905375
8000, 2000, 6000, 1, 2821250
10000, 4000, 6000, 1, 4899084
10000, 5000, 5000, 1, 6679542
650, 325, 325, 1, 18417
650, 350, 300, 1, 19709
650, 300, 350, 1, 18208
1000, 500, 500, 1, 27958
1000, 700, 300, 1, 1031292
2500, 1250, 1250, 1, 2132208
2500, 1000, 1500, 1, 1541958
5000, 2500, 2500, 1, 3801541
5000, 3000, 2000, 1, 4758791
8000, 4000, 4000, 1, 4896833
8000, 2000, 6000, 1, 2822958
10000, 4000, 6000, 1, 4899708
10000, 5000, 5000, 1, 6687125
650, 325, 325, 1, 18334
650, 350, 300, 1, 19791
650, 300, 350, 1, 17000
1000, 500, 500, 1, 27958
1000, 700, 300, 1, 1031916
2500, 1250, 1250, 1, 2139750
2500, 1000, 1500, 1, 1537834
5000, 2500, 2500, 1, 3802916
5000, 3000, 2000, 1, 4766375
8000, 4000, 4000, 1, 4911375
8000, 2000, 6000, 1, 2825500
10000, 4000, 6000, 1, 4911583
10000, 5000, 5000, 1, 6765625
650, 325, 325, 1, 19208
650, 350, 300, 1, 19833
650, 300, 350, 1, 17042
1000, 500, 500, 1, 28042
1000, 700, 300, 1, 1043500
2500, 1250, 1250, 1, 2137709
2500, 1000, 1500, 1, 1541250
5000, 2500, 2500, 1, 3929292
5000, 3000, 2000, 1, 4842875
8000, 4000, 4000, 1, 4911125
8000, 2000, 6000, 1, 2819125
10000, 4000, 6000, 1, 4904625
10000, 5000, 5000, 1, 6704375
650, 325, 325, 1, 18500
650, 350, 300, 1, 19958
650, 300, 350, 1, 17125
1000, 500, 500, 1, 28875
1000, 700, 300, 1, 1033917
2500, 1250, 1250, 1, 2133917
2500, 1000, 1500, 1, 1544667
5000, 2500, 2500, 1, 3802125
5000, 3000, 2000, 1, 4816875
8000, 4000, 4000, 1, 4909833
8000, 2000, 6000, 1, 2824542
10000, 4000, 6000, 1, 4908833
10000, 5000, 5000, 1, 6701834
650, 325, 325, 1, 18500
650, 350, 300, 1, 19750
650, 300, 350, 1, 17041
1000, 500, 500, 1, 28042
1000, 700, 300, 1, 1041000
2500, 1250, 1250, 1, 2154625
2500, 1000, 1500, 1, 1538708
5000, 2500, 2500, 1, 3807500
5000, 3000, 2000, 1, 4767875
8000, 4000, 4000, 1, 4908834
8000, 2000, 6000, 1, 2829875
10000, 4000, 6000, 1, 4907625
10000, 5000, 5000, 1, 6703083
650, 325, 325, 1, 18625
650, 350, 300, 1, 20125
650, 300, 350, 1, 17209
1000, 500, 500, 1, 28042
1000, 700, 300, 1, 1038625
2500, 1250, 1250, 1, 2161500
2500, 1000, 1500, 1, 1545125
5000, 2500, 2500, 1, 3816375
5000, 3000, 2000, 1, 4774458
8000, 4000, 4000, 1, 4923000
8000, 2000, 6000, 1, 2827834
10000, 4000, 6000, 1, 5022542
10000, 5000, 5000, 1, 6908833
650, 325, 325, 1, 18542
650, 350, 300, 1, 19709
650, 300, 350, 1, 17041
1000, 500, 500, 1, 28125
1000, 700, 300, 1, 1039125
2500, 1250, 1250, 1, 2136791
2500, 1000, 1500, 1, 1618167
5000, 2500, 2500, 1, 3843667
5000, 3000, 2000, 1, 4785708
8000, 4000, 4000, 1, 4928500
8000, 2000, 6000, 1, 2835291
10000, 4000, 6000, 1, 4918125
10000, 5000, 5000, 1, 6807292
650, 325, 325, 1, 19208
650, 350, 300, 1, 20333
650, 300, 350, 1, 17542
1000, 500, 500, 1, 28917
1000, 700, 300, 1, 1073125
2500, 1250, 1250, 1, 2208083
2500, 1000, 1500, 1, 1565208
5000, 2500, 2500, 1, 3822083
5000, 3000, 2000, 1, 4807375
8000, 4000, 4000, 1, 4996958
8000, 2000, 6000, 1, 2837375
10000, 4000, 6000, 1, 4975334
10000, 5000, 5000, 1, 6732625
650, 325, 325, 1, 18625
650, 350, 300, 1, 19750
650, 300, 350, 1, 17167
1000, 500, 500, 1, 28083
1000, 700, 300, 1, 1043625
2500, 1250, 1250, 1, 2180833
2500, 1000, 1500, 1, 1562709
5000, 2500, 2500, 1, 3839792
5000, 3000, 2000, 1, 4793917
8000, 4000, 4000, 1, 4933458
8000, 2000, 6000, 1, 2838417
10000, 4000, 6000, 1, 4963666
10000, 5000, 5000, 1, 6731792
650, 325, 325, 1, 19583
650, 350, 300, 1, 19833
650, 300, 350, 1, 17083
1000, 500, 500, 1, 27958
1000, 700, 300, 1, 1041708
2500, 1250, 1250, 1, 2144708
2500, 1000, 1500, 1, 1550833
5000, 2500, 2500, 1, 3825041
5000, 3000, 2000, 1, 4794042
8000, 4000, 4000, 1, 4938375
8000, 2000, 6000, 1, 2847458
10000, 4000, 6000, 1, 4959209
10000, 5000, 5000, 1, 6736208
650, 325, 325, 1, 18458
650, 350, 300, 1, 19875
650, 300, 350, 1, 17000
1000, 500, 500, 1, 27959
1000, 700, 300, 1, 1048333
2500, 1250, 1250, 1, 2146209
2500, 1000, 1500, 1, 1564709
5000, 2500, 2500, 1, 3837459
5000, 3000, 2000, 1, 4793791
8000, 4000, 4000, 1, 4937500
8000, 2000, 6000, 1, 2839583
10000, 4000, 6000, 1, 4947542
10000, 5000, 5000, 1, 6779417
650, 325, 325, 1, 19625
650, 350, 300, 1, 20417
650, 300, 350, 1, 17667
1000, 500, 500, 1, 28875
1000, 700, 300, 1, 1079791
2500, 1250, 1250, 1, 2202208
2500, 1000, 1500, 1, 1552333
5000, 2500, 2500, 1, 3844958
5000, 3000, 2000, 1, 4812916
8000, 4000, 4000, 1, 4949666
8000, 2000, 6000, 1, 2850209
10000, 4000, 6000, 1, 4935917
10000, 5000, 5000, 1, 6760458
650, 325, 325, 1, 18625
650, 350, 300, 1, 20291
650, 300, 350, 1, 17083
1000, 500, 500, 1, 28000
1000, 700, 300, 1, 1040792
2500, 1250, 1250, 1, 2153875
2500, 1000, 1500, 1, 1551834
5000, 2500, 2500, 1, 3832916
5000, 3000, 2000, 1, 4918417
8000, 4000, 4000, 1, 4950167
8000, 2000, 6000, 1, 2843958
10000, 4000, 6000, 1, 4948583
10000, 5000, 5000, 1, 6743208
650, 325, 325, 1, 18500
650, 350, 300, 1, 19917
650, 300, 350, 1, 17083
1000, 500, 500, 1, 27958
1000, 700, 300, 1, 1048834
2500, 1250, 1250, 1, 2151416
2500, 1000, 1500, 1, 1554584
5000, 2500, 2500, 1, 3858459
5000, 3000, 2000, 1, 4835125
8000, 4000, 4000, 1, 4967417
8000, 2000, 6000, 1, 2962500
10000, 4000, 6000, 1, 4975834
10000, 5000, 5000, 1, 6772791
650, 325, 325, 1, 18500
650, 350, 300, 1, 19833
650, 300, 350, 1, 17208
1000, 500, 500, 1, 28083
1000, 700, 300, 1, 1042500
2500, 1250, 1250, 1, 2179041
2500, 1000, 1500, 1, 1550833
5000, 2500, 2500, 1, 3923709
5000, 3000, 2000, 1, 4842500
8000, 4000, 4000, 1, 4945667
8000, 2000, 6000, 1, 2865500
10000, 4000, 6000, 1, 4949709
10000, 5000, 5000, 1, 6813333
650, 325, 325, 1, 18541
650, 350, 300, 1, 19792
650, 300, 350, 1, 17000
1000, 500, 500, 1, 28000
1000, 700, 300, 1, 1046417
2500, 1250, 1250, 1, 2165959
2500, 1000, 1500, 1, 1602083
5000, 2500, 2500, 1, 3840541
5000, 3000, 2000, 1, 4861458
8000, 4000, 4000, 1, 4997541
8000, 2000, 6000, 1, 2898834
10000, 4000, 6000, 1, 4983750
10000, 5000, 5000, 1, 6808167
650, 325, 325, 1, 18417
650, 350, 300, 1, 19875
650, 300, 350, 1, 17084
1000, 500, 500, 1, 28000
1000, 700, 300, 1, 1046583
2500, 1250, 1250, 1, 2163666
2500, 1000, 1500, 1, 1558416
5000, 2500, 2500, 1, 3865166
5000, 3000, 2000, 1, 4859583
8000, 4000, 4000, 1, 4994000
8000, 2000, 6000, 1, 2864917
10000, 4000, 6000, 1, 4966541
10000, 5000, 5000, 1, 6823834
650, 325, 325, 1, 18708
650, 350, 300, 1, 19875
650, 300, 350, 1, 17042
1000, 500, 500, 1, 28125
1000, 700, 300, 1, 1061250
2500, 1250, 1250, 1, 2173958
2500, 1000, 1500, 1, 1557291
5000, 2500, 2500, 1, 3863084
5000, 3000, 2000, 1, 4872417
8000, 4000, 4000, 1, 5009125
8000, 2000, 6000, 1, 2858459
10000, 4000, 6000, 1, 5013292
10000, 5000, 5000, 1, 6783292
650, 325, 325, 1, 18458
650, 350, 300, 1, 19875
650, 300, 350, 1, 32834
1000, 500, 500, 1, 27959
1000, 700, 300, 1, 1064625
2500, 1250, 1250, 1, 2156667
2500, 1000, 1500, 1, 1558291
5000, 2500, 2500, 1, 3901750
5000, 3000, 2000, 1, 4833208
8000, 4000, 4000, 1, 5037500
8000, 2000, 6000, 1, 2866667
10000, 4000, 6000, 1, 5010167
10000, 5000, 5000, 1, 6807792
650, 325, 325, 1, 18500
650, 350, 300, 1, 19750
650, 300, 350, 1, 17208
1000, 500, 500, 1, 28209
1000, 700, 300, 1, 1050917
2500, 1250, 1250, 1, 2158709
2500, 1000, 1500, 1, 1558083
5000, 2500, 2500, 1, 3906042
5000, 3000, 2000, 1, 4835459
8000, 4000, 4000, 1, 5007417
8000, 2000, 6000, 1, 2871458
10000, 4000, 6000, 1, 5007833
10000, 5000, 5000, 1, 6815292
650, 325, 325, 1, 18542
650, 350, 300, 1, 20042
650, 300, 350, 1, 17083
1000, 500, 500, 1, 27958
1000, 700, 300, 1, 1067834
2500, 1250, 1250, 1, 2193708
2500, 1000, 1500, 1, 1560541
5000, 2500, 2500, 1, 3898709
5000, 3000, 2000, 1, 4838666
8000, 4000, 4000, 1, 5014209
8000, 2000, 6000, 1, 2882792
10000, 4000, 6000, 1, 4999042
10000, 5000, 5000, 1, 6910625
650, 325, 325, 1, 18375
650, 350, 300, 1, 19791
650, 300, 350, 1, 17042
1000, 500, 500, 1, 28000
1000, 700, 300, 1, 1055042
2500, 1250, 1250, 1, 2171750
2500, 1000, 1500, 1, 1612334
5000, 2500, 2500, 1, 3857458
5000, 3000, 2000, 1, 4884875
8000, 4000, 4000, 1, 4993084
8000, 2000, 6000, 1, 2900417
10000, 4000, 6000, 1, 4981167
10000, 5000, 5000, 1, 6809791
650, 325, 325, 1, 18917
650, 350, 300, 1, 19875
650, 300, 350, 1, 17166
1000, 500, 500, 1, 28125
1000, 700, 300, 1, 1048916
2500, 1250, 1250, 1, 2210125
2500, 1000, 1500, 1, 1566625
5000, 2500, 2500, 1, 3875125
5000, 3000, 2000, 1, 4881167
8000, 4000, 4000, 1, 4990625
8000, 2000, 6000, 1, 2875125
10000, 4000, 6000, 1, 4980875
10000, 5000, 5000, 1, 6869625
650, 325, 325, 1, 18417
650, 350, 300, 1, 19917
650, 300, 350, 1, 17042
1000, 500, 500, 1, 28083
1000, 700, 300, 1, 1052875
2500, 1250, 1250, 1, 2260583
2500, 1000, 1500, 1, 1566083
5000, 2500, 2500, 1, 3874250
5000, 3000, 2000, 1, 4871667
8000, 4000, 4000, 1, 5034541
8000, 2000, 6000, 1, 2872541
10000, 4000, 6000, 1, 5029292
10000, 5000, 5000, 1, 6809166
650, 325, 325, 1, 18459
650, 350, 300, 1, 19875
650, 300, 350, 1, 17125
1000, 500, 500, 1, 27958
1000, 700, 300, 1, 1112084
2500, 1250, 1250, 1, 2170125
2500, 1000, 1500, 1, 1567792
5000, 2500, 2500, 1, 3907250
5000, 3000, 2000, 1, 4859708
8000, 4000, 4000, 1, 5035000
8000, 2000, 6000, 1, 2883833
10000, 4000, 6000, 1, 5047584
10000, 5000, 5000, 1, 6905167
650, 325, 325, 1, 18500
650, 350, 300, 1, 19958
650, 300, 350, 1, 17292
1000, 500, 500, 1, 28000
1000, 700, 300, 1, 1053917
2500, 1250, 1250, 1, 2173792
2500, 1000, 1500, 1, 1579083
5000, 2500, 2500, 1, 3933292
5000, 3000, 2000, 1, 4899417
8000, 4000, 4000, 1, 5010125
8000, 2000, 6000, 1, 2884791
10000, 4000, 6000, 1, 5044417
10000, 5000, 5000, 1, 6859791
650, 325, 325, 1, 18458
650, 350, 300, 1, 20041
650, 300, 350, 1, 17042
1000, 500, 500, 1, 27875
1000, 700, 300, 1, 1074583
2500, 1250, 1250, 1, 2182875
2500, 1000, 1500, 1, 1572583
5000, 2500, 2500, 1, 3879208
5000, 3000, 2000, 1, 4873417
8000, 4000, 4000, 1, 5018959
8000, 2000, 6000, 1, 2880916
10000, 4000, 6000, 1, 5007875
10000, 5000, 5000, 1, 6862500
650, 325, 325, 1, 18500
650, 350, 300, 1, 19834
650, 300, 350, 1, 17125
1000, 500, 500, 1, 28083
1000, 700, 300, 1, 1085833
2500, 1250, 1250, 1, 2174542
2500, 1000, 1500, 1, 1620000
5000, 2500, 2500, 1, 3881750
5000, 3000, 2000, 1, 4902709
8000, 4000, 4000, 1, 5016667
8000, 2000, 6000, 1, 2929792
10000, 4000, 6000, 1, 5022292
10000, 5000, 5000, 1, 6891459
650, 325, 325, 1, 18500
650, 350, 300, 1, 19791
650, 300, 350, 1, 17291
1000, 500, 500, 1, 28042
1000, 700, 300, 1, 1055208
2500, 1250, 1250, 1, 2284500
2500, 1000, 1500, 1, 1593625
5000, 2500, 2500, 1, 3895958
5000, 3000, 2000, 1, 4911875
8000, 4000, 4000, 1, 5083375
8000, 2000, 6000, 1, 2904375
10000, 4000, 6000, 1, 5127250
10000, 5000, 5000, 1, 6905708
650, 325, 325, 1, 20458
650, 350, 300, 1, 20458
650, 300, 350, 1, 18208
1000, 500, 500, 1, 36833
1000, 700, 300, 1, 1113167
2500, 1250, 1250, 1, 2193167
2500, 1000, 1500, 1, 1578166
5000, 2500, 2500, 1, 3946250
5000, 3000, 2000, 1, 4893375
8000, 4000, 4000, 1, 5128208
8000, 2000, 6000, 1, 2886167
10000, 4000, 6000, 1, 5070833
10000, 5000, 5000, 1, 6922583
650, 325, 325, 1, 18417
650, 350, 300, 1, 20416
650, 300, 350, 1, 17084
1000, 500, 500, 1, 28000
1000, 700, 300, 1, 1055375
2500, 1250, 1250, 1, 2187083
2500, 1000, 1500, 1, 1587125
5000, 2500, 2500, 1, 3918125
5000, 3000, 2000, 1, 4909959
8000, 4000, 4000, 1, 5075416
8000, 2000, 6000, 1, 2905417
10000, 4000, 6000, 1, 5097958
10000, 5000, 5000, 1, 6936750
650, 325, 325, 1, 18500
650, 350, 300, 1, 19875
650, 300, 350, 1, 17084
1000, 500, 500, 1, 27959
1000, 700, 300, 1, 1065000
2500, 1250, 1250, 1, 2189375
2500, 1000, 1500, 1, 1681000
5000, 2500, 2500, 1, 3911959
5000, 3000, 2000, 1, 4903750
8000, 4000, 4000, 1, 5044292
8000, 2000, 6000, 1, 2954375
10000, 4000, 6000, 1, 5058791
10000, 5000, 5000, 1, 6942625
650, 325, 325, 1, 19875
650, 350, 300, 1, 19791
650, 300, 350, 1, 17083
1000, 500, 500, 1, 27959
1000, 700, 300, 1, 1080458
2500, 1250, 1250, 1, 2265917
2500, 1000, 1500, 1, 1592125
5000, 2500, 2500, 1, 3940166
5000, 3000, 2000, 1, 4948292
8000, 4000, 4000, 1, 5178166
8000, 2000, 6000, 1, 2896500
10000, 4000, 6000, 1, 5029959
10000, 5000, 5000, 1, 6936041
650, 325, 325, 1, 18459
650, 350, 300, 1, 20000
650, 300, 350, 1, 17125
1000, 500, 500, 1, 28083
1000, 700, 300, 1, 1078375
2500, 1250, 1250, 1, 2241917
2500, 1000, 1500, 1, 1592834
5000, 2500, 2500, 1, 3961708
5000, 3000, 2000, 1, 4938083
8000, 4000, 4000, 1, 5104833
8000, 2000, 6000, 1, 2908875
10000, 4000, 6000, 1, 5097625
10000, 5000, 5000, 1, 6945208
650, 325, 325, 1, 19709
650, 350, 300, 1, 20958
650, 300, 350, 1, 17000
1000, 500, 500, 1, 28000
1000, 700, 300, 1, 1076791
2500, 1250, 1250, 1, 2191833
2500, 1000, 1500, 1, 1590208
5000, 2500, 2500, 1, 3935500
5000, 3000, 2000, 1, 4901958
8000, 4000, 4000, 1, 5121625
8000, 2000, 6000, 1, 2904834
10000, 4000, 6000, 1, 5123917
10000, 5000, 5000, 1, 7061250
650, 325, 325, 1, 18625
650, 350, 300, 1, 19958
650, 300, 350, 1, 17042
1000, 500, 500, 1, 28084
1000, 700, 300, 1, 1064500
2500, 1250, 1250, 1, 2199417
2500, 1000, 1500, 1, 1580792
5000, 2500, 2500, 1, 3957542
5000, 3000, 2000, 1, 5082667
8000, 4000, 4000, 1, 5039667
8000, 2000, 6000, 1, 2895083
10000, 4000, 6000, 1, 5082416
10000, 5000, 5000, 1, 6922584
650, 325, 325, 1, 18458
650, 350, 300, 1, 20042
650, 300, 350, 1, 17167
1000, 500, 500, 1, 28416
1000, 700, 300, 1, 1070917
2500, 1250, 1250, 1, 2194333
2500, 1000, 1500, 1, 1600584
5000, 2500, 2500, 1, 3903750
5000, 3000, 2000, 1, 5005125
8000, 4000, 4000, 1, 5054333
8000, 2000, 6000, 1, 2946542
10000, 4000, 6000, 1, 5041542
10000, 5000, 5000, 1, 6915625
650, 325, 325, 1, 18583
650, 350, 300, 1, 20459
650, 300, 350, 1, 17042
1000, 500, 500, 1, 28041
1000, 700, 300, 1, 1063708
2500, 1250, 1250, 1, 2194500
2500, 1000, 1500, 1, 1586000
5000, 2500, 2500, 1, 3925750
5000, 3000, 2000, 1, 4899042
8000, 4000, 4000, 1, 5038833
8000, 2000, 6000, 1, 2903500
10000, 4000, 6000, 1, 5077875
10000, 5000, 5000, 1, 6898916
650, 325, 325, 1, 18458
650, 350, 300, 1, 19833
650, 300, 350, 1, 17250
1000, 500, 500, 1, 27917
1000, 700, 300, 1, 1065291
2500, 1250, 1250, 1, 2193833
2500, 1000, 1500, 1, 1587292
5000, 2500, 2500, 1, 3911916
5000, 3000, 2000, 1, 4900167
8000, 4000, 4000, 1, 5062708
8000, 2000, 6000, 1, 2905333
10000, 4000, 6000, 1, 5041375
10000, 5000, 5000, 1, 6884875
650, 325, 325, 1, 18375
650, 350, 300, 1, 19792
650, 300, 350, 1, 17166
1000, 500, 500, 1, 27958
1000, 700, 300, 1, 1071250
2500, 1250, 1250, 1, 2198416
2500, 1000, 1500, 1, 1586084
5000, 2500, 2500, 1, 3916792
5000, 3000, 2000, 1, 4915916
8000, 4000, 4000, 1, 5045958
8000, 2000, 6000, 1, 2946959
10000, 4000, 6000, 1, 5042583
10000, 5000, 5000, 1, 6900667
650, 325, 325, 1, 18541
650, 350, 300, 1, 19834
650, 300, 350, 1, 17083
1000, 500, 500, 1, 28083
1000, 700, 300, 1, 1068583
2500, 1250, 1250, 1, 2219000
2500, 1000, 1500, 1, 1597792
5000, 2500, 2500, 1, 3925041
5000, 3000, 2000, 1, 4903708
8000, 4000, 4000, 1, 5071042
8000, 2000, 6000, 1, 2907917
10000, 4000, 6000, 1, 5047625
10000, 5000, 5000, 1, 6917541
650, 325, 325, 1, 18459
650, 350, 300, 1, 19875
650, 300, 350, 1, 17167
1000, 500, 500, 1, 28042
1000, 700, 300, 1, 1065250
2500, 1250, 1250, 1, 2197875
2500, 1000, 1500, 1, 1586208
5000, 2500, 2500, 1, 3923542
5000, 3000, 2000, 1, 4907333
8000, 4000, 4000, 1, 5074000
8000, 2000, 6000, 1, 2906250
10000, 4000, 6000, 1, 5086500
10000, 5000, 5000, 1, 6891917
650, 325, 325, 1, 19042
650, 350, 300, 1, 19792
650, 300, 350, 1, 17167
1000, 500, 500, 1, 27959
1000, 700, 300, 1, 1066542
2500, 1250, 1250, 1, 2199791
2500, 1000, 1500, 1, 1637750
5000, 2500, 2500, 1, 4015625
5000, 3000, 2000, 1, 4948416
8000, 4000, 4000, 1, 5056708
8000, 2000, 6000, 1, 2906875
10000, 4000, 6000, 1, 5053958
10000, 5000, 5000, 1, 6895334
650, 325, 325, 1, 18584
650, 350, 300, 1, 19833
650, 300, 350, 1, 17083
1000, 500, 500, 1, 29041
1000, 700, 300, 1, 1065959
2500, 1250, 1250, 1, 2201208
2500, 1000, 1500, 1, 1588666
5000, 2500, 2500, 1, 3921625
5000, 3000, 2000, 1, 4934791
8000, 4000, 4000, 1, 5055167
8000, 2000, 6000, 1, 2918916
10000, 4000, 6000, 1, 5052041
10000, 5000, 5000, 1, 6925458
650, 325, 325, 1, 18542
650, 350, 300, 1, 19875
650, 300, 350, 1, 17125
1000, 500, 500, 1, 28000
1000, 700, 300, 1, 1072542
2500, 1250, 1250, 1, 2203333
2500, 1000, 1500, 1, 1589667
5000, 2500, 2500, 1, 3928959
5000, 3000, 2000, 1, 4927500
8000, 4000, 4000, 1, 5059292
8000, 2000, 6000, 1, 2914709
10000, 4000, 6000, 1, 5058667
10000, 5000, 5000, 1, 6912833
650, 325, 325, 1, 18334
650, 350, 300, 1, 19750
650, 300, 350, 1, 17083
1000, 500, 500, 1, 27959
1000, 700, 300, 1, 1074584
2500, 1250, 1250, 1, 2202042
2500, 1000, 1500, 1, 1600500
5000, 2500, 2500, 1, 3965167
5000, 3000, 2000, 1, 4920333
8000, 4000, 4000, 1, 5060250
8000, 2000, 6000, 1, 2918042
10000, 4000, 6000, 1, 5060750
10000, 5000, 5000, 1, 6915375
650, 325, 325, 1, 18500
650, 350, 300, 1, 19708
650, 300, 350, 1, 17125
1000, 500, 500, 1, 28083
1000, 700, 300, 1, 1068417
2500, 1250, 1250, 1, 2205333
2500, 1000, 1500, 1, 1603000
5000, 2500, 2500, 1, 3929917
5000, 3000, 2000, 1, 4937417
8000, 4000, 4000, 1, 5063750
8000, 2000, 6000, 1, 2918750
10000, 4000, 6000, 1, 5068541
10000, 5000, 5000, 1, 6947125
650, 325, 325, 1, 19209
650, 350, 300, 1, 19833
650, 300, 350, 1, 17125
1000, 500, 500, 1, 28125
1000, 700, 300, 1, 1086875
2500, 1250, 1250, 1, 2206958
2500, 1000, 1500, 1, 1594334
5000, 2500, 2500, 1, 3938875
5000, 3000, 2000, 1, 4942959
8000, 4000, 4000, 1, 5070875
8000, 2000, 6000, 1, 2920167
10000, 4000, 6000, 1, 5073083
10000, 5000, 5000, 1, 6930792
650, 325, 325, 1, 18625
650, 350, 300, 1, 20000
650, 300, 350, 1, 17084
1000, 500, 500, 1, 28917
1000, 700, 300, 1, 1073000
2500, 1250, 1250, 1, 2210875
2500, 1000, 1500, 1, 1593917
5000, 2500, 2500, 1, 3934250
5000, 3000, 2000, 1, 4941959
8000, 4000, 4000, 1, 5071542
8000, 2000, 6000, 1, 2924417
10000, 4000, 6000, 1, 5071083
10000, 5000, 5000, 1, 6927709
650, 325, 325, 1, 18584
650, 350, 300, 1, 19916
650, 300, 350, 1, 17292
1000, 500, 500, 1, 28083
1000, 700, 300, 1, 1073084
2500, 1250, 1250, 1, 2208875
2500, 1000, 1500, 1, 1600083
5000, 2500, 2500, 1, 3937292
5000, 3000, 2000, 1, 4935375
8000, 4000, 4000, 1, 5077583
8000, 2000, 6000, 1, 2925292
10000, 4000, 6000, 1, 5088333
10000, 5000, 5000, 1, 6929209
650, 325, 325, 1, 18458
650, 350, 300, 1, 19750
650, 300, 350, 1, 17167
1000, 500, 500, 1, 28084
1000, 700, 300, 1, 1077792
2500, 1250, 1250, 1, 2211292
2500, 1000, 1500, 1, 1596250
5000, 2500, 2500, 1, 3941583
5000, 3000, 2000, 1, 4939208
8000, 4000, 4000, 1, 5083584
8000, 2000, 6000, 1, 2931292
10000, 4000, 6000, 1, 5096000
10000, 5000, 5000, 1, 6937834
650, 325, 325, 1, 18417
650, 350, 300, 1, 20083
650, 300, 350, 1, 17166
1000, 500, 500, 1, 27916
1000, 700, 300, 1, 1075292
2500, 1250, 1250, 1, 2212292
2500, 1000, 1500, 1, 1600500
5000, 2500, 2500, 1, 3949125
5000, 3000, 2000, 1, 4941000
8000, 4000, 4000, 1, 5088625
8000, 2000, 6000, 1, 2942375
10000, 4000, 6000, 1, 5079625
10000, 5000, 5000, 1, 6942750
650, 325, 325, 1, 18458
650, 350, 300, 1, 19708
650, 300, 350, 1, 17125
1000, 500, 500, 1, 28041
1000, 700, 300, 1, 1075625
2500, 1250, 1250, 1, 2217000
2500, 1000, 1500, 1, 1608250
5000, 2500, 2500, 1, 3958916
5000, 3000, 2000, 1, 4980583
8000, 4000, 4000, 1, 5094167
8000, 2000, 6000, 1, 2968250
10000, 4000, 6000, 1, 5095666
10000, 5000, 5000, 1, 6964250
650, 325, 325, 1, 19083
650, 350, 300, 1, 20458
650, 300, 350, 1, 17583
1000, 500, 500, 1, 28917
1000, 700, 300, 1, 1109875
2500, 1250, 1250, 1, 2243000
2500, 1000, 1500, 1, 1600458
5000, 2500, 2500, 1, 3957084
5000, 3000, 2000, 1, 4948375
8000, 4000, 4000, 1, 5099000
8000, 2000, 6000, 1, 2934333
10000, 4000, 6000, 1, 5118334
10000, 5000, 5000, 1, 7001542
650, 325, 325, 1, 18334
650, 350, 300, 1, 19792
650, 300, 350, 1, 17083
1000, 500, 500, 1, 28084
1000, 700, 300, 1, 1074792
2500, 1250, 1250, 1, 2240083
2500, 1000, 1500, 1, 1599583
5000, 2500, 2500, 1, 3957625
5000, 3000, 2000, 1, 4979166
8000, 4000, 4000, 1, 5103292
8000, 2000, 6000, 1, 2941084
10000, 4000, 6000, 1, 5111625
10000, 5000, 5000, 1, 6964292
650, 325, 325, 1, 18417
650, 350, 300, 1, 19792
650, 300, 350, 1, 17041
1000, 500, 500, 1, 28000
1000, 700, 300, 1, 1075416
2500, 1250, 1250, 1, 2226541
2500, 1000, 1500, 1, 1599792
5000, 2500, 2500, 1, 3973208
5000, 3000, 2000, 1, 4981292
8000, 4000, 4000, 1, 5128541
8000, 2000, 6000, 1, 2937708
10000, 4000, 6000, 1, 5103333
10000, 5000, 5000, 1, 6955959
650, 325, 325, 1, 19000
650, 350, 300, 1, 19875
650, 300, 350, 1, 17084
1000, 500, 500, 1, 27917
1000, 700, 300, 1, 1076125
2500, 1250, 1250, 1, 2223292
2500, 1000, 1500, 1, 1604583
5000, 2500, 2500, 1, 3979000
5000, 3000, 2000, 1, 4961250
8000, 4000, 4000, 1, 5101542
8000, 2000, 6000, 1, 2941500
10000, 4000, 6000, 1, 5110125
10000, 5000, 5000, 1, 6967666
650, 325, 325, 1, 18584
650, 350, 300, 1, 20375
650, 300, 350, 1, 17042
1000, 500, 500, 1, 28000
1000, 700, 300, 1, 1079917
2500, 1250, 1250, 1, 2222125
2500, 1000, 1500, 1, 1606417
5000, 2500, 2500, 1, 3964000
5000, 3000, 2000, 1, 4963750
8000, 4000, 4000, 1, 5107250
8000, 2000, 6000, 1, 2946458
10000, 4000, 6000, 1, 5116667
10000, 5000, 5000, 1, 6982583
650, 325, 325, 1, 18458
650, 350, 300, 1, 19875
650, 300, 350, 1, 17625
1000, 500, 500, 1, 28042
1000, 700, 300, 1, 1083167
2500, 1250, 1250, 1, 2224834
2500, 1000, 1500, 1, 1606042
5000, 2500, 2500, 1, 3965667
5000, 3000, 2000, 1, 4997167
8000, 4000, 4000, 1, 5114125
8000, 2000, 6000, 1, 2941084
10000, 4000, 6000, 1, 5130208
10000, 5000, 5000, 1, 6975458
650, 325, 325, 1, 18500
650, 350, 300, 1, 20000
650, 300, 350, 1, 17042
1000, 500, 500, 1, 29000
1000, 700, 300, 1, 1078708
2500, 1250, 1250, 1, 2236125
2500, 1000, 1500, 1, 1610125
5000, 2500, 2500, 1, 3966708
5000, 3000, 2000, 1, 4970542
8000, 4000, 4000, 1, 5108958
8000, 2000, 6000, 1, 2948458
10000, 4000, 6000, 1, 5115917
10000, 5000, 5000, 1, 7018334
650, 325, 325, 1, 18458
650, 350, 300, 1, 19959
650, 300, 350, 1, 17583
1000, 500, 500, 1, 28000
1000, 700, 300, 1, 1079208
2500, 1250, 1250, 1, 2227209
2500, 1000, 1500, 1, 1612125
5000, 2500, 2500, 1, 3971667
5000, 3000, 2000, 1, 4972667
8000, 4000, 4000, 1, 5118250
8000, 2000, 6000, 1, 2947834
10000, 4000, 6000, 1, 5119792
10000, 5000, 5000, 1, 6981875
650, 325, 325, 1, 18458
650, 350, 300, 1, 19916
650, 300, 350, 1, 17708
1000, 500, 500, 1, 27958
1000, 700, 300, 1, 1084792
2500, 1250, 1250, 1, 2228416
2500, 1000, 1500, 1, 1610458
5000, 2500, 2500, 1, 3980750
5000, 3000, 2000, 1, 5006500
8000, 4000, 4000, 1, 5125208
8000, 2000, 6000, 1, 2949834
10000, 4000, 6000, 1, 5170542
10000, 5000, 5000, 1, 6999042
650, 325, 325, 1, 18542
650, 350, 300, 1, 19917
650, 300, 350, 1, 18458
1000, 500, 500, 1, 27917
1000, 700, 300, 1, 1081083
2500, 1250, 1250, 1, 2235584
2500, 1000, 1500, 1, 1616083
5000, 2500, 2500, 1, 3985333
5000, 3000, 2000, 1, 4987709
8000, 4000, 4000, 1, 5133541
8000, 2000, 6000, 1, 2955000
10000, 4000, 6000, 1, 5132959
10000, 5000, 5000, 1, 7003000
650, 325, 325, 1, 18541
650, 350, 300, 1, 19750
650, 300, 350, 1, 17750
1000, 500, 500, 1, 28042
1000, 700, 300, 1, 1081917
2500, 1250, 1250, 1, 2238083
2500, 1000, 1500, 1, 1617333
5000, 2500, 2500, 1, 3984375
5000, 3000, 2000, 1, 5009000
8000, 4000, 4000, 1, 5138167
8000, 2000, 6000, 1, 2992667
10000, 4000, 6000, 1, 5143917
10000, 5000, 5000, 1, 7000625
650, 325, 325, 1, 18375
650, 350, 300, 1, 20042
650, 300, 350, 1, 17083
1000, 500, 500, 1, 28041
1000, 700, 300, 1, 1085667
2500, 1250, 1250, 1, 2236583
2500, 1000, 1500, 1, 1615416
5000, 2500, 2500, 1, 4010167
5000, 3000, 2000, 1, 5006167
8000, 4000, 4000, 1, 5153625
8000, 2000, 6000, 1, 2954500
10000, 4000, 6000, 1, 5134208
10000, 5000, 5000, 1, 7002792
650, 325, 325, 1, 19084
650, 350, 300, 1, 19959
650, 300, 350, 1, 17291
1000, 500, 500, 1, 28250
1000, 700, 300, 1, 1089041
2500, 1250, 1250, 1, 2241083
2500, 1000, 1500, 1, 1612375
5000, 2500, 2500, 1, 3988375
5000, 3000, 2000, 1, 4998458
8000, 4000, 4000, 1, 5137542
8000, 2000, 6000, 1, 2961625
10000, 4000, 6000, 1, 5135459
10000, 5000, 5000, 1, 7017042
650, 325, 325, 1, 18417
650, 350, 300, 1, 19875
650, 300, 350, 1, 17041
1000, 500, 500, 1, 28000
1000, 700, 300, 1, 1084334
2500, 1250, 1250, 1, 2239083
2500, 1000, 1500, 1, 1613083
5000, 2500, 2500, 1, 3996125
5000, 3000, 2000, 1, 4996958
8000, 4000, 4000, 1, 5145875
8000, 2000, 6000, 1, 2959834
10000, 4000, 6000, 1, 5144000
10000, 5000, 5000, 1, 7018917
650, 325, 325, 1, 18500
650, 350, 300, 1, 19917
650, 300, 350, 1, 17125
1000, 500, 500, 1, 28042
1000, 700, 300, 1, 1091167
2500, 1250, 1250, 1, 2241542
2500, 1000, 1500, 1, 1634792
5000, 2500, 2500, 1, 4037458
5000, 3000, 2000, 1, 5002417
8000, 4000, 4000, 1, 5146208
8000, 2000, 6000, 1, 2961416
10000, 4000, 6000, 1, 5175750
10000, 5000, 5000, 1, 7068458
650, 325, 325, 1, 21583
650, 350, 300, 1, 19958
650, 300, 350, 1, 17167
1000, 500, 500, 1, 27917
1000, 700, 300, 1, 1085875
2500, 1250, 1250, 1, 2243625
2500, 1000, 1500, 1, 1620666
5000, 2500, 2500, 1, 4009292
5000, 3000, 2000, 1, 5018833
8000, 4000, 4000, 1, 5156916
8000, 2000, 6000, 1, 2966375
10000, 4000, 6000, 1, 5149208
10000, 5000, 5000, 1, 7040833
650, 325, 325, 1, 18416
650, 350, 300, 1, 19708
650, 300, 350, 1, 17042
1000, 500, 500, 1, 28042
1000, 700, 300, 1, 1130792
2500, 1250, 1250, 1, 2245042
2500, 1000, 1500, 1, 1622042
5000, 2500, 2500, 1, 4003250
5000, 3000, 2000, 1, 5024750
8000, 4000, 4000, 1, 5151708
8000, 2000, 6000, 1, 2972042
10000, 4000, 6000, 1, 5147250
10000, 5000, 5000, 1, 7049291
650, 325, 325, 1, 18459
650, 350, 300, 1, 19750
650, 300, 350, 1, 17209
1000, 500, 500, 1, 28250
1000, 700, 300, 1, 1090084
2500, 1250, 1250, 1, 2268959
2500, 1000, 1500, 1, 1624000
5000, 2500, 2500, 1, 3999542
5000, 3000, 2000, 1, 5011625
8000, 4000, 4000, 1, 5158000
8000, 2000, 6000, 1, 2972750
10000, 4000, 6000, 1, 5153958
10000, 5000, 5000, 1, 7051083
650, 325, 325, 1, 18458
650, 350, 300, 1, 20000
650, 300, 350, 1, 17250
1000, 500, 500, 1, 28166
1000, 700, 300, 1, 1096917
2500, 1250, 1250, 1, 2248583
2500, 1000, 1500, 1, 1621208
5000, 2500, 2500, 1, 4006375
5000, 3000, 2000, 1, 5014666
8000, 4000, 4000, 1, 5156291
8000, 2000, 6000, 1, 2972791
10000, 4000, 6000, 1, 5160667
10000, 5000, 5000, 1, 7082042
650, 325, 325, 1, 18625
650, 350, 300, 1, 20042
650, 300, 350, 1, 17167
1000, 500, 500, 1, 28250
1000, 700, 300, 1, 1092083
2500, 1250, 1250, 1, 2249042
2500, 1000, 1500, 1, 1623708
5000, 2500, 2500, 1, 4007417
5000, 3000, 2000, 1, 5022333
8000, 4000, 4000, 1, 5159708
8000, 2000, 6000, 1, 2980125
10000, 4000, 6000, 1, 5235458
10000, 5000, 5000, 1, 7286750
650, 325, 325, 1, 19833
650, 350, 300, 1, 20458
650, 300, 350, 1, 17708
1000, 500, 500, 1, 28958
1000, 700, 300, 1, 1132125
2500, 1250, 1250, 1, 2326792
2500, 1000, 1500, 1, 1679708
5000, 2500, 2500, 1, 4162333
5000, 3000, 2000, 1, 5166667
8000, 4000, 4000, 1, 5269167
8000, 2000, 6000, 1, 3054500
10000, 4000, 6000, 1, 5300084
10000, 5000, 5000, 1, 7431792
650, 325, 325, 1, 22167
650, 350, 300, 1, 23166
650, 300, 350, 1, 18250
1000, 500, 500, 1, 33666
1000, 700, 300, 1, 1282334
2500, 1250, 1250, 1, 2427834
2500, 1000, 1500, 1, 1811667
5000, 2500, 2500, 1, 4578500
5000, 3000, 2000, 1, 5327042
8000, 4000, 4000, 1, 5197625
8000, 2000, 6000, 1, 3008750
10000, 4000, 6000, 1, 5185791
10000, 5000, 5000, 1, 7087209
650, 325, 325, 1, 18417
650, 350, 300, 1, 19792
650, 300, 350, 1, 17167
1000, 500, 500, 1, 28000
1000, 700, 300, 1, 1108042
2500, 1250, 1250, 1, 2266500
2500, 1000, 1500, 1, 1628834
5000, 2500, 2500, 1, 4023375
5000, 3000, 2000, 1, 5046292
8000, 4000, 4000, 1, 5193833
8000, 2000, 6000, 1, 2986666
10000, 4000, 6000, 1, 5180375
10000, 5000, 5000, 1, 7110250
650, 325, 325, 1, 18417
650, 350, 300, 1, 19875
650, 300, 350, 1, 17667
1000, 500, 500, 1, 27917
1000, 700, 300, 1, 1092166
2500, 1250, 1250, 1, 2254166
2500, 1000, 1500, 1, 1630875
5000, 2500, 2500, 1, 4022583
5000, 3000, 2000, 1, 5035125
8000, 4000, 4000, 1, 5194750
8000, 2000, 6000, 1, 2980417
10000, 4000, 6000, 1, 5178125
10000, 5000, 5000, 1, 7067625
650, 325, 325, 1, 18500
650, 350, 300, 1, 19916
650, 300, 350, 1, 16958
1000, 500, 500, 1, 28084
1000, 700, 300, 1, 1095708
2500, 1250, 1250, 1, 2258833
2500, 1000, 1500, 1, 1625792
5000, 2500, 2500, 1, 4024083
5000, 3000, 2000, 1, 5037375
8000, 4000, 4000, 1, 5183833
8000, 2000, 6000, 1, 2982917
10000, 4000, 6000, 1, 5179750
10000, 5000, 5000, 1, 7078541
650, 325, 325, 1, 18458
650, 350, 300, 1, 19792
650, 300, 350, 1, 17042
1000, 500, 500, 1, 27875
1000, 700, 300, 1, 1134208
2500, 1250, 1250, 1, 2258458
2500, 1000, 1500, 1, 1629958
5000, 2500, 2500, 1, 4022250
5000, 3000, 2000, 1, 5041833
8000, 4000, 4000, 1, 5183125
8000, 2000, 6000, 1, 2990208
10000, 4000, 6000, 1, 5200708
10000, 5000, 5000, 1, 7081291
650, 325, 325, 1, 18417
650, 350, 300, 1, 19791
650, 300, 350, 1, 17167
1000, 500, 500, 1, 28000
1000, 700, 300, 1, 1098750
2500, 1250, 1250, 1, 2261500
2500, 1000, 1500, 1, 1631625
5000, 2500, 2500, 1, 4030250
5000, 3000, 2000, 1, 5044875
8000, 4000, 4000, 1, 5187417
8000, 2000, 6000, 1, 2992625
10000, 4000, 6000, 1, 5212916
10000, 5000, 5000, 1, 7121709
650, 325, 325, 1, 18666
650, 350, 300, 1, 19958
650, 300, 350, 1, 17041
1000, 500, 500, 1, 27958
1000, 700, 300, 1, 1098833
2500, 1250, 1250, 1, 2264792
2500, 1000, 1500, 1, 1633667
5000, 2500, 2500, 1, 4029333
5000, 3000, 2000, 1, 5051084
8000, 4000, 4000, 1, 5216125
8000, 2000, 6000, 1, 2990500
10000, 4000, 6000, 1, 5205333
10000, 5000, 5000, 1, 7087208
650, 325, 325, 1, 19167
650, 350, 300, 1, 21042
650, 300, 350, 1, 17000
1000, 500, 500, 1, 28000
1000, 700, 300, 1, 1100292
2500, 1250, 1250, 1, 2263417
2500, 1000, 1500, 1, 1630583
5000, 2500, 2500, 1, 4034250
5000, 3000, 2000, 1, 5052375
8000, 4000, 4000, 1, 5220916
8000, 2000, 6000, 1, 3043125
10000, 4000, 6000, 1, 5202334
10000, 5000, 5000, 1, 7123500
650, 325, 325, 1, 18583
650, 350, 300, 1, 19833
650, 300, 350, 1, 17125
1000, 500, 500, 1, 28125
1000, 700, 300, 1, 1125833
2500, 1250, 1250, 1, 2270625
2500, 1000, 1500, 1, 1637292
5000, 2500, 2500, 1, 4043000
5000, 3000, 2000, 1, 5071958
8000, 4000, 4000, 1, 5209250
8000, 2000, 6000, 1, 3002500
10000, 4000, 6000, 1, 5304958
10000, 5000, 5000, 1, 7200000
650, 325, 325, 1, 18500
650, 350, 300, 1, 19834
650, 300, 350, 1, 17167
1000, 500, 500, 1, 28125
1000, 700, 300, 1, 1100750
2500, 1250, 1250, 1, 2283041
2500, 1000, 1500, 1, 1642208
5000, 2500, 2500, 1, 4055459
5000, 3000, 2000, 1, 5066292
8000, 4000, 4000, 1, 5239167
8000, 2000, 6000, 1, 2995834
10000, 4000, 6000, 1, 5207333
10000, 5000, 5000, 1, 7116542
650, 325, 325, 1, 18541
650, 350, 300, 1, 19833
650, 300, 350, 1, 17083
1000, 500, 500, 1, 28042
1000, 700, 300, 1, 1101334
2500, 1250, 1250, 1, 2267541
2500, 1000, 1500, 1, 1634750
5000, 2500, 2500, 1, 4043666
5000, 3000, 2000, 1, 5076500
8000, 4000, 4000, 1, 5208500
8000, 2000, 6000, 1, 3000375
10000, 4000, 6000, 1, 5212416
10000, 5000, 5000, 1, 7123083
650, 325, 325, 1, 18458
650, 350, 300, 1, 20000
650, 300, 350, 1, 17250
1000, 500, 500, 1, 27917
1000, 700, 300, 1, 1105375
2500, 1250, 1250, 1, 2274417
2500, 1000, 1500, 1, 1638541
5000, 2500, 2500, 1, 4043875
5000, 3000, 2000, 1, 5067875
8000, 4000, 4000, 1, 5210083
8000, 2000, 6000, 1, 3007167
10000, 4000, 6000, 1, 5245250
10000, 5000, 5000, 1, 7120583
650, 325, 325, 1, 18542
650, 350, 300, 1, 19792
650, 300, 350, 1, 17167
1000, 500, 500, 1, 28125
1000, 700, 300, 1, 1103291
2500, 1250, 1250, 1, 2270750
2500, 1000, 1500, 1, 1640500
5000, 2500, 2500, 1, 4050833
5000, 3000, 2000, 1, 5083292
8000, 4000, 4000, 1, 5225416
8000, 2000, 6000, 1, 3004500
10000, 4000, 6000, 1, 5217333
10000, 5000, 5000, 1, 7141833
650, 325, 325, 1, 21458
650, 350, 300, 1, 19875
650, 300, 350, 1, 17125
1000, 500, 500, 1, 28042
1000, 700, 300, 1, 1133625
2500, 1250, 1250, 1, 2278250
2500, 1000, 1500, 1, 1638208
5000, 2500, 2500, 1, 4071292
5000, 3000, 2000, 1, 5073250
8000, 4000, 4000, 1, 5219292
8000, 2000, 6000, 1, 3004584
10000, 4000, 6000, 1, 5217666
10000, 5000, 5000, 1, 7124084
650, 325, 325, 1, 18458
650, 350, 300, 1, 19792
650, 300, 350, 1, 17000
1000, 500, 500, 1, 27958
1000, 700, 300, 1, 1116333
2500, 1250, 1250, 1, 2283208
2500, 1000, 1500, 1, 1642875
5000, 2500, 2500, 1, 4057917
5000, 3000, 2000, 1, 5079750
8000, 4000, 4000, 1, 5220125
8000, 2000, 6000, 1, 3013792
10000, 4000, 6000, 1, 5220417
10000, 5000, 5000, 1, 7158791
650, 325, 325, 1, 18542
650, 350, 300, 1, 19917
650, 300, 350, 1, 17208
1000, 500, 500, 1, 28083
1000, 700, 300, 1, 1103083
2500, 1250, 1250, 1, 2275709
2500, 1000, 1500, 1, 1642959
5000, 2500, 2500, 1, 4063708
5000, 3000, 2000, 1, 5080916
8000, 4000, 4000, 1, 5227125
8000, 2000, 6000, 1, 3009084
10000, 4000, 6000, 1, 5225458
10000, 5000, 5000, 1, 7152209
650, 325, 325, 1, 18667
650, 350, 300, 1, 19875
650, 300, 350, 1, 17125
1000, 500, 500, 1, 28000
1000, 700, 300, 1, 1106292
2500, 1250, 1250, 1, 2288375
2500, 1000, 1500, 1, 1645750
5000, 2500, 2500, 1, 4066292
5000, 3000, 2000, 1, 5089041
8000, 4000, 4000, 1, 5235834
8000, 2000, 6000, 1, 3060084
10000, 4000, 6000, 1, 5229500
10000, 5000, 5000, 1, 7150208
650, 325, 325, 1, 18416
650, 350, 300, 1, 19875
650, 300, 350, 1, 17125
1000, 500, 500, 1, 28167
1000, 700, 300, 1, 1110041
2500, 1250, 1250, 1, 2282167
2500, 1000, 1500, 1, 1651042
5000, 2500, 2500, 1, 4069292
5000, 3000, 2000, 1, 5104166
8000, 4000, 4000, 1, 5236334
8000, 2000, 6000, 1, 3021708
10000, 4000, 6000, 1, 5238583
10000, 5000, 5000, 1, 7150125
650, 325, 325, 1, 18500
650, 350, 300, 1, 20000
650, 300, 350, 1, 17333
1000, 500, 500, 1, 28000
1000, 700, 300, 1, 1107917
2500, 1250, 1250, 1, 2316458
2500, 1000, 1500, 1, 1651000
5000, 2500, 2500, 1, 4066167
5000, 3000, 2000, 1, 5100375
8000, 4000, 4000, 1, 5276666
8000, 2000, 6000, 1, 3019625
10000, 4000, 6000, 1, 5257750
10000, 5000, 5000, 1, 7150333
650, 325, 325, 1, 18458
650, 350, 300, 1, 19834
650, 300, 350, 1, 17125
1000, 500, 500, 1, 28084
1000, 700, 300, 1, 1110375
2500, 1250, 1250, 1, 2285542
2500, 1000, 1500, 1, 1648208
5000, 2500, 2500, 1, 4067375
5000, 3000, 2000, 1, 5099917
8000, 4000, 4000, 1, 5237208
8000, 2000, 6000, 1, 3023750
10000, 4000, 6000, 1, 5239333
10000, 5000, 5000, 1, 7153583
650, 325, 325, 1, 18500
650, 350, 300, 1, 19875
650, 300, 350, 1, 17083
1000, 500, 500, 1, 27916
1000, 700, 300, 1, 1109334
2500, 1250, 1250, 1, 2284333
2500, 1000, 1500, 1, 1653250
5000, 2500, 2500, 1, 4087375
5000, 3000, 2000, 1, 5099792
8000, 4000, 4000, 1, 5244250
8000, 2000, 6000, 1, 3020167
10000, 4000, 6000, 1, 5246375
10000, 5000, 5000, 1, 7164791
650, 325, 325, 1, 18459
650, 350, 300, 1, 19875
650, 300, 350, 1, 17041
1000, 500, 500, 1, 27917
1000, 700, 300, 1, 1110250
2500, 1250, 1250, 1, 2288209
2500, 1000, 1500, 1, 1650667
5000, 2500, 2500, 1, 4075708
5000, 3000, 2000, 1, 5103458
8000, 4000, 4000, 1, 5289709
8000, 2000, 6000, 1, 3053917
10000, 4000, 6000, 1, 5248750
10000, 5000, 5000, 1, 7199125
650, 325, 325, 1, 18709
650, 350, 300, 1, 19750
650, 300, 350, 1, 17084
1000, 500, 500, 1, 28042
1000, 700, 300, 1, 1114292
2500, 1250, 1250, 1, 2308042
2500, 1000, 1500, 1, 1654250
5000, 2500, 2500, 1, 4081375
5000, 3000, 2000, 1, 5120625
8000, 4000, 4000, 1, 5257583
8000, 2000, 6000, 1, 3026750
10000, 4000, 6000, 1, 5258250
10000, 5000, 5000, 1, 7183333
650, 325, 325, 1, 18458
650, 350, 300, 1, 19917
650, 300, 350, 1, 17125
1000, 500, 500, 1, 28000
1000, 700, 300, 1, 1108834
2500, 1250, 1250, 1, 2296750
2500, 1000, 1500, 1, 1653041
5000, 2500, 2500, 1, 4085250
5000, 3000, 2000, 1, 5112875
8000, 4000, 4000, 1, 5279250
8000, 2000, 6000, 1, 3034875
10000, 4000, 6000, 1, 5308667
10000, 5000, 5000, 1, 7177041
650, 325, 325, 1, 18458
650, 350, 300, 1, 19834
650, 300, 350, 1, 17125
1000, 500, 500, 1, 28042
1000, 700, 300, 1, 1112500
2500, 1250, 1250, 1, 2290541
2500, 1000, 1500, 1, 1653750
5000, 2500, 2500, 1, 4087458
5000, 3000, 2000, 1, 5133125
8000, 4000, 4000, 1, 5262667
8000, 2000, 6000, 1, 3034000
10000, 4000, 6000, 1, 5264875
10000, 5000, 5000, 1, 7201042
650, 325, 325, 1, 18541
650, 350, 300, 1, 19750
650, 300, 350, 1, 16958
1000, 500, 500, 1, 28000
1000, 700, 300, 1, 1110792
2500, 1250, 1250, 1, 2300166
2500, 1000, 1500, 1, 1658833
5000, 2500, 2500, 1, 4092875
5000, 3000, 2000, 1, 5124958
8000, 4000, 4000, 1, 5276333
8000, 2000, 6000, 1, 3042125
10000, 4000, 6000, 1, 5267292
10000, 5000, 5000, 1, 7199125
650, 325, 325, 1, 18459
650, 350, 300, 1, 19792
650, 300, 350, 1, 17042
1000, 500, 500, 1, 28084
1000, 700, 300, 1, 1116792
2500, 1250, 1250, 1, 2296375
2500, 1000, 1500, 1, 1667542
5000, 2500, 2500, 1, 4097292
5000, 3000, 2000, 1, 5134792
8000, 4000, 4000, 1, 5273542
8000, 2000, 6000, 1, 3037667
10000, 4000, 6000, 1, 5275875
10000, 5000, 5000, 1, 7201958
650, 325, 325, 1, 18583
650, 350, 300, 1, 26750
650, 300, 350, 1, 17000
1000, 500, 500, 1, 28167
1000, 700, 300, 1, 1114291
2500, 1250, 1250, 1, 2303709
2500, 1000, 1500, 1, 1655834
5000, 2500, 2500, 1, 4115917
5000, 3000, 2000, 1, 5125333
8000, 4000, 4000, 1, 5385125
8000, 2000, 6000, 1, 3037875
10000, 4000, 6000, 1, 5269375
10000, 5000, 5000, 1, 7199916
650, 325, 325, 1, 18333
650, 350, 300, 1, 19750
650, 300, 350, 1, 17083
1000, 500, 500, 1, 28000
1000, 700, 300, 1, 1118541
2500, 1250, 1250, 1, 2297916
2500, 1000, 1500, 1, 1661417
5000, 2500, 2500, 1, 4098791
5000, 3000, 2000, 1, 5135709
8000, 4000, 4000, 1, 5275833
8000, 2000, 6000, 1, 3037583
10000, 4000, 6000, 1, 5274917
10000, 5000, 5000, 1, 7206750
650, 325, 325, 1, 18458
650, 350, 300, 1, 19792
650, 300, 350, 1, 17209
1000, 500, 500, 1, 28041
1000, 700, 300, 1, 1132375
2500, 1250, 1250, 1, 2304708
2500, 1000, 1500, 1, 1663667
5000, 2500, 2500, 1, 4096583
5000, 3000, 2000, 1, 5147667
8000, 4000, 4000, 1, 5277208
8000, 2000, 6000, 1, 3043708
10000, 4000, 6000, 1, 5273375
10000, 5000, 5000, 1, 7210125
650, 325, 325, 1, 18458
650, 350, 300, 1, 19792
650, 300, 350, 1, 17125
1000, 500, 500, 1, 28167
1000, 700, 300, 1, 1117708
2500, 1250, 1250, 1, 2325708
2500, 1000, 1500, 1, 1666417
5000, 2500, 2500, 1, 4104958
5000, 3000, 2000, 1, 5151916
8000, 4000, 4000, 1, 5288000
8000, 2000, 6000, 1, 3050625
10000, 4000, 6000, 1, 5287375
10000, 5000, 5000, 1, 7227916
650, 325, 325, 1, 18542
650, 350, 300, 1, 19916
650, 300, 350, 1, 17125
1000, 500, 500, 1, 27875
1000, 700, 300, 1, 1120833
2500, 1250, 1250, 1, 2307875
2500, 1000, 1500, 1, 1669458
5000, 2500, 2500, 1, 4107500
5000, 3000, 2000, 1, 5146125
8000, 4000, 4000, 1, 5286375
8000, 2000, 6000, 1, 3051334
10000, 4000, 6000, 1, 5291291
10000, 5000, 5000, 1, 7226041
650, 325, 325, 1, 18417
650, 350, 300, 1, 19917
650, 300, 350, 1, 17083
1000, 500, 500, 1, 29750
1000, 700, 300, 1, 1119042
2500, 1250, 1250, 1, 2309667
2500, 1000, 1500, 1, 1666084
5000, 2500, 2500, 1, 4116792
5000, 3000, 2000, 1, 5151917
8000, 4000, 4000, 1, 5299167
8000, 2000, 6000, 1, 3051375
10000, 4000, 6000, 1, 5311833
10000, 5000, 5000, 1, 7241958
650, 325, 325, 1, 18709
650, 350, 300, 1, 19708
650, 300, 350, 1, 17000
1000, 500, 500, 1, 28042
1000, 700, 300, 1, 1123292
2500, 1250, 1250, 1, 2306958
2500, 1000, 1500, 1, 1666042
5000, 2500, 2500, 1, 4122042
5000, 3000, 2000, 1, 5150291
8000, 4000, 4000, 1, 5291042
8000, 2000, 6000, 1, 3051333
10000, 4000, 6000, 1, 5295000
10000, 5000, 5000, 1, 7225583
650, 325, 325, 1, 18458
650, 350, 300, 1, 20666
650, 300, 350, 1, 17042
1000, 500, 500, 1, 27958
1000, 700, 300, 1, 1120459
2500, 1250, 1250, 1, 2312625
2500, 1000, 1500, 1, 1662792
5000, 2500, 2500, 1, 4115291
5000, 3000, 2000, 1, 5156625
8000, 4000, 4000, 1, 5330958
8000, 2000, 6000, 1, 3065333
10000, 4000, 6000, 1, 5292375
10000, 5000, 5000, 1, 7255584
650, 325, 325, 1, 18334
650, 350, 300, 1, 19917
650, 300, 350, 1, 16917
1000, 500, 500, 1, 27791
1000, 700, 300, 1, 1123708
2500, 1250, 1250, 1, 2318875
2500, 1000, 1500, 1, 1672708
5000, 2500, 2500, 1, 4128334
5000, 3000, 2000, 1, 5190917
8000, 4000, 4000, 1, 5320333
8000, 2000, 6000, 1, 3052625
10000, 4000, 6000, 1, 5332041
10000, 5000, 5000, 1, 7244042
650, 325, 325, 1, 18417
650, 350, 300, 1, 19792
650, 300, 350, 1, 17125
1000, 500, 500, 1, 35000
1000, 700, 300, 1, 1131000
2500, 1250, 1250, 1, 2311584
2500, 1000, 1500, 1, 1668792
5000, 2500, 2500, 1, 4157000
5000, 3000, 2000, 1, 5178334
8000, 4000, 4000, 1, 5310209
8000, 2000, 6000, 1, 3066875
10000, 4000, 6000, 1, 5318584
10000, 5000, 5000, 1, 7269000
650, 325, 325, 1, 18417
650, 350, 300, 1, 19750
650, 300, 350, 1, 17625
1000, 500, 500, 1, 28000
1000, 700, 300, 1, 1120250
2500, 1250, 1250, 1, 2319708
2500, 1000, 1500, 1, 1673333
5000, 2500, 2500, 1, 4137750
5000, 3000, 2000, 1, 5164750
8000, 4000, 4000, 1, 5314166
8000, 2000, 6000, 1, 3056584
10000, 4000, 6000, 1, 5315500
10000, 5000, 5000, 1, 7260667
650, 325, 325, 1, 18375
650, 350, 300, 1, 19833
650, 300, 350, 1, 17250
1000, 500, 500, 1, 28042
1000, 700, 300, 1, 1123583
2500, 1250, 1250, 1, 2322417
2500, 1000, 1500, 1, 1675959
5000, 2500, 2500, 1, 4124500
5000, 3000, 2000, 1, 5202416
8000, 4000, 4000, 1, 5325666
8000, 2000, 6000, 1, 3065375
10000, 4000, 6000, 1, 5321375
10000, 5000, 5000, 1, 7254459
650, 325, 325, 1, 18417
650, 350, 300, 1, 19875
650, 300, 350, 1, 17208
1000, 500, 500, 1, 28167
1000, 700, 300, 1, 1124208
2500, 1250, 1250, 1, 2316750
2500, 1000, 1500, 1, 1672000
5000, 2500, 2500, 1, 4130209
5000, 3000, 2000, 1, 5168709
8000, 4000, 4000, 1, 5315375
8000, 2000, 6000, 1, 3066416
10000, 4000, 6000, 1, 5332292
10000, 5000, 5000, 1, 7263542
650, 325, 325, 1, 18500
650, 350, 300, 1, 19917
650, 300, 350, 1, 17250
1000, 500, 500, 1, 27958
1000, 700, 300, 1, 1123750
2500, 1250, 1250, 1, 2318625
2500, 1000, 1500, 1, 1672167
5000, 2500, 2500, 1, 4132708
5000, 3000, 2000, 1, 5187417
8000, 4000, 4000, 1, 5333250
8000, 2000, 6000, 1, 3066250
10000, 4000, 6000, 1, 5319083
10000, 5000, 5000, 1, 7261750
650, 325, 325, 1, 18666
650, 350, 300, 1, 19792
650, 300, 350, 1, 17042
1000, 500, 500, 1, 28125
1000, 700, 300, 1, 1130541
2500, 1250, 1250, 1, 2319458
2500, 1000, 1500, 1, 1674208
5000, 2500, 2500, 1, 4229042
5000, 3000, 2000, 1, 5188125
8000, 4000, 4000, 1, 5437083
8000, 2000, 6000, 1, 3078959
10000, 4000, 6000, 1, 5334583
10000, 5000, 5000, 1, 7286417
650, 325, 325, 1, 18542
650, 350, 300, 1, 19833
650, 300, 350, 1, 17250
1000, 500, 500, 1, 28041
1000, 700, 300, 1, 1128167
2500, 1250, 1250, 1, 2324500
2500, 1000, 1500, 1, 1675292
5000, 2500, 2500, 1, 4135417
5000, 3000, 2000, 1, 5193541
8000, 4000, 4000, 1, 5336667
8000, 2000, 6000, 1, 3074708
10000, 4000, 6000, 1, 5330709
10000, 5000, 5000, 1, 7288667
650, 325, 325, 1, 18375
650, 350, 300, 1, 19875
650, 300, 350, 1, 17584
1000, 500, 500, 1, 28041
1000, 700, 300, 1, 1125000
2500, 1250, 1250, 1, 2326334
2500, 1000, 1500, 1, 1679459
5000, 2500, 2500, 1, 4143792
5000, 3000, 2000, 1, 5203125
8000, 4000, 4000, 1, 5332250
8000, 2000, 6000, 1, 3072542
10000, 4000, 6000, 1, 5330958
10000, 5000, 5000, 1, 7277625
650, 325, 325, 1, 18500
650, 350, 300, 1, 19667
650, 300, 350, 1, 17000
1000, 500, 500, 1, 28292
1000, 700, 300, 1, 1125667
2500, 1250, 1250, 1, 2355416
2500, 1000, 1500, 1, 1680791
5000, 2500, 2500, 1, 4140833
5000, 3000, 2000, 1, 5194667
8000, 4000, 4000, 1, 5334833
8000, 2000, 6000, 1, 3074333
10000, 4000, 6000, 1, 5331583
10000, 5000, 5000, 1, 7298000
650, 325, 325, 1, 18416
650, 350, 300, 1, 19750
650, 300, 350, 1, 17000
1000, 500, 500, 1, 28125
1000, 700, 300, 1, 1173583
2500, 1250, 1250, 1, 2328500
2500, 1000, 1500, 1, 1679208
5000, 2500, 2500, 1, 4149791
5000, 3000, 2000, 1, 5208875
8000, 4000, 4000, 1, 5338458
8000, 2000, 6000, 1, 3073958
10000, 4000, 6000, 1, 5340500
10000, 5000, 5000, 1, 7290375
650, 325, 325, 1, 18666
650, 350, 300, 1, 20000
650, 300, 350, 1, 17042
1000, 500, 500, 1, 27958
1000, 700, 300, 1, 1143125
2500, 1250, 1250, 1, 2329375
2500, 1000, 1500, 1, 1679791
5000, 2500, 2500, 1, 4158917
5000, 3000, 2000, 1, 5199541
8000, 4000, 4000, 1, 5340541
8000, 2000, 6000, 1, 3079292
10000, 4000, 6000, 1, 5355667
10000, 5000, 5000, 1, 7320875
650, 325, 325, 1, 19333
650, 350, 300, 1, 19792
650, 300, 350, 1, 17083
1000, 500, 500, 1, 28084
1000, 700, 300, 1, 1131000
2500, 1250, 1250, 1, 2337083
2500, 1000, 1500, 1, 1678750
5000, 2500, 2500, 1, 4162125
5000, 3000, 2000, 1, 5202667
8000, 4000, 4000, 1, 5365625
8000, 2000, 6000, 1, 3087042
10000, 4000, 6000, 1, 5348958
10000, 5000, 5000, 1, 7309083
650, 325, 325, 1, 18458
650, 350, 300, 1, 19792
650, 300, 350, 1, 17042
1000, 500, 500, 1, 27875
1000, 700, 300, 1, 1135166
2500, 1250, 1250, 1, 2333959
2500, 1000, 1500, 1, 1686500
5000, 2500, 2500, 1, 4160917
5000, 3000, 2000, 1, 5217416
8000, 4000, 4000, 1, 5369542
8000, 2000, 6000, 1, 3086291
10000, 4000, 6000, 1, 5351667
10000, 5000, 5000, 1, 7372750
650, 325, 325, 1, 18458
650, 350, 300, 1, 19709
650, 300, 350, 1, 17125
1000, 500, 500, 1, 28083
1000, 700, 300, 1, 1138833
2500, 1250, 1250, 1, 2335792
2500, 1000, 1500, 1, 1690042
5000, 2500, 2500, 1, 4156167
5000, 3000, 2000, 1, 5227291
8000, 4000, 4000, 1, 5353084
8000, 2000, 6000, 1, 3083583
10000, 4000, 6000, 1, 5375208
10000, 5000, 5000, 1, 7318125
650, 325, 325, 1, 18417
650, 350, 300, 1, 19917
650, 300, 350, 1, 17166
1000, 500, 500, 1, 28083
1000, 700, 300, 1, 1133583
2500, 1250, 1250, 1, 2336000
2500, 1000, 1500, 1, 1686042
5000, 2500, 2500, 1, 4168458
5000, 3000, 2000, 1, 5225333
8000, 4000, 4000, 1, 5353500
8000, 2000, 6000, 1, 3091541
10000, 4000, 6000, 1, 5369500
10000, 5000, 5000, 1, 7317666
650, 325, 325, 1, 18458
650, 350, 300, 1, 19875
650, 300, 350, 1, 17083
1000, 500, 500, 1, 28125
1000, 700, 300, 1, 1131708
2500, 1250, 1250, 1, 2336584
2500, 1000, 1500, 1, 1687084
5000, 2500, 2500, 1, 4162166
5000, 3000, 2000, 1, 5214166
8000, 4000, 4000, 1, 5367417
8000, 2000, 6000, 1, 3089916
10000, 4000, 6000, 1, 5359750
10000, 5000, 5000, 1, 7322958
650, 325, 325, 1, 18458
650, 350, 300, 1, 20417
650, 300, 350, 1, 17084
1000, 500, 500, 1, 28084
1000, 700, 300, 1, 1132250
2500, 1250, 1250, 1, 2338666
2500, 1000, 1500, 1, 1684667
5000, 2500, 2500, 1, 4173792
5000, 3000, 2000, 1, 5215417
8000, 4000, 4000, 1, 5366667
8000, 2000, 6000, 1, 3123667
10000, 4000, 6000, 1, 5368291
10000, 5000, 5000, 1, 7324000
650, 325, 325, 1, 18334
650, 350, 300, 1, 19833
650, 300, 350, 1, 17125
1000, 500, 500, 1, 28125
1000, 700, 300, 1, 1134292
2500, 1250, 1250, 1, 2341708
2500, 1000, 1500, 1, 1698792
5000, 2500, 2500, 1, 4167709
5000, 3000, 2000, 1, 5227542
8000, 4000, 4000, 1, 5366791
8000, 2000, 6000, 1, 3092250
10000, 4000, 6000, 1, 5403500
10000, 5000, 5000, 1, 7357333
650, 325, 325, 1, 18542
650, 350, 300, 1, 19750
650, 300, 350, 1, 17083
1000, 500, 500, 1, 28042
1000, 700, 300, 1, 1141583
2500, 1250, 1250, 1, 2343458
2500, 1000, 1500, 1, 1692042
5000, 2500, 2500, 1, 4179625
5000, 3000, 2000, 1, 5236125
8000, 4000, 4000, 1, 5383875
8000, 2000, 6000, 1, 3095791
10000, 4000, 6000, 1, 5378916
10000, 5000, 5000, 1, 7345666
650, 325, 325, 1, 18458
650, 350, 300, 1, 20042
650, 300, 350, 1, 17167
1000, 500, 500, 1, 28166
1000, 700, 300, 1, 1140250
2500, 1250, 1250, 1, 2344958
2500, 1000, 1500, 1, 1693625
5000, 2500, 2500, 1, 4181166
5000, 3000, 2000, 1, 5266417
8000, 4000, 4000, 1, 5387583
8000, 2000, 6000, 1, 3100667
10000, 4000, 6000, 1, 5382792
10000, 5000, 5000, 1, 7352459
650, 325, 325, 1, 18500
650, 350, 300, 1, 19833
650, 300, 350, 1, 17042
1000, 500, 500, 1, 28167
1000, 700, 300, 1, 1140833
2500, 1250, 1250, 1, 2348333
2500, 1000, 1500, 1, 1698542
5000, 2500, 2500, 1, 4181166
5000, 3000, 2000, 1, 5244792
8000, 4000, 4000, 1, 5390333
8000, 2000, 6000, 1, 3102208
10000, 4000, 6000, 1, 5384292
10000, 5000, 5000, 1, 7361041
650, 325, 325, 1, 18375
650, 350, 300, 1, 19792
650, 300, 350, 1, 17167
1000, 500, 500, 1, 28084
1000, 700, 300, 1, 1141750
2500, 1250, 1250, 1, 2362375
2500, 1000, 1500, 1, 1695917
5000, 2500, 2500, 1, 4223333
5000, 3000, 2000, 1, 5253083
8000, 4000, 4000, 1, 5387542
8000, 2000, 6000, 1, 3108375
10000, 4000, 6000, 1, 5391500
10000, 5000, 5000, 1, 7365000
650, 325, 325, 1, 18375
650, 350, 300, 1, 21000
650, 300, 350, 1, 17833
1000, 500, 500, 1, 27875
1000, 700, 300, 1, 1142083
2500, 1250, 1250, 1, 2350667
2500, 1000, 1500, 1, 1700917
5000, 2500, 2500, 1, 4190042
5000, 3000, 2000, 1, 5249542
8000, 4000, 4000, 1, 5388750
8000, 2000, 6000, 1, 3104917
10000, 4000, 6000, 1, 5395500
10000, 5000, 5000, 1, 7369667
650, 325, 325, 1, 18708
650, 350, 300, 1, 19958
650, 300, 350, 1, 16958
1000, 500, 500, 1, 28167
1000, 700, 300, 1, 1181458
2500, 1250, 1250, 1, 2351458
2500, 1000, 1500, 1, 1698208
5000, 2500, 2500, 1, 4190458
5000, 3000, 2000, 1, 5252791
8000, 4000, 4000, 1, 5391208
8000, 2000, 6000, 1, 3112125
10000, 4000, 6000, 1, 5397792
10000, 5000, 5000, 1, 7368959
650, 325, 325, 1, 18458
650, 350, 300, 1, 19833
650, 300, 350, 1, 16958
1000, 500, 500, 1, 28083
1000, 700, 300, 1, 1141208
2500, 1250, 1250, 1, 2353458
2500, 1000, 1500, 1, 1699625
5000, 2500, 2500, 1, 4193042
5000, 3000, 2000, 1, 5279625
8000, 4000, 4000, 1, 5393750
8000, 2000, 6000, 1, 3118208
10000, 4000, 6000, 1, 5459417
10000, 5000, 5000, 1, 7374750
650, 325, 325, 1, 18500
650, 350, 300, 1, 19708
650, 300, 350, 1, 17292
1000, 500, 500, 1, 28125
1000, 700, 300, 1, 1142250
2500, 1250, 1250, 1, 2355167
2500, 1000, 1500, 1, 1700708
5000, 2500, 2500, 1, 4195792
5000, 3000, 2000, 1, 5262250
8000, 4000, 4000, 1, 5398750
8000, 2000, 6000, 1, 3120584
10000, 4000, 6000, 1, 5402958
10000, 5000, 5000, 1, 7380875
650, 325, 325, 1, 18416
650, 350, 300, 1, 19792
650, 300, 350, 1, 17041
1000, 500, 500, 1, 27917
1000, 700, 300, 1, 1142959
2500, 1250, 1250, 1, 2372250
2500, 1000, 1500, 1, 1705834
5000, 2500, 2500, 1, 4251166
5000, 3000, 2000, 1, 5372041
8000, 4000, 4000, 1, 5467250
8000, 2000, 6000, 1, 3121042
10000, 4000, 6000, 1, 5452083
10000, 5000, 5000, 1, 7395125
650, 325, 325, 1, 18375
650, 350, 300, 1, 20084
650, 300, 350, 1, 17041
1000, 500, 500, 1, 28042
1000, 700, 300, 1, 1146167
2500, 1250, 1250, 1, 2358125
2500, 1000, 1500, 1, 1703500
5000, 2500, 2500, 1, 4207083
5000, 3000, 2000, 1, 5269042
8000, 4000, 4000, 1, 5408917
8000, 2000, 6000, 1, 3401375
10000, 4000, 6000, 1, 5501666
10000, 5000, 5000, 1, 7526459
650, 325, 325, 1, 18500
650, 350, 300, 1, 19959
650, 300, 350, 1, 17084
1000, 500, 500, 1, 27958
1000, 700, 300, 1, 1147542
2500, 1250, 1250, 1, 2364708
2500, 1000, 1500, 1, 1704375
5000, 2500, 2500, 1, 4211208
5000, 3000, 2000, 1, 5276167
8000, 4000, 4000, 1, 5421666
8000, 2000, 6000, 1, 3120708
10000, 4000, 6000, 1, 5417958
10000, 5000, 5000, 1, 7402750
650, 325, 325, 1, 18375
650, 350, 300, 1, 19709
650, 300, 350, 1, 17125
1000, 500, 500, 1, 28042
1000, 700, 300, 1, 1147709
2500, 1250, 1250, 1, 2361459
2500, 1000, 1500, 1, 1708166
5000, 2500, 2500, 1, 4211875
5000, 3000, 2000, 1, 5273458
8000, 4000, 4000, 1, 5422459
8000, 2000, 6000, 1, 3122792
10000, 4000, 6000, 1, 5430083
10000, 5000, 5000, 1, 7420667
650, 325, 325, 1, 18458
650, 350, 300, 1, 19833
650, 300, 350, 1, 17042
1000, 500, 500, 1, 28167
1000, 700, 300, 1, 1149042
2500, 1250, 1250, 1, 2363125
2500, 1000, 1500, 1, 1706750
5000, 2500, 2500, 1, 4215917
5000, 3000, 2000, 1, 5306250
8000, 4000, 4000, 1, 5421542
8000, 2000, 6000, 1, 3150750
10000, 4000, 6000, 1, 5421833
10000, 5000, 5000, 1, 7407042
650, 325, 325, 1, 18541
650, 350, 300, 1, 19834
650, 300, 350, 1, 17083
1000, 500, 500, 1, 28042
1000, 700, 300, 1, 1149500
2500, 1250, 1250, 1, 2365084
2500, 1000, 1500, 1, 1708333
5000, 2500, 2500, 1, 4216666
5000, 3000, 2000, 1, 5293333
8000, 4000, 4000, 1, 5427250
8000, 2000, 6000, 1, 3129875
10000, 4000, 6000, 1, 5462958
10000, 5000, 5000, 1, 7430125
650, 325, 325, 1, 18584
650, 350, 300, 1, 19833
650, 300, 350, 1, 17042
1000, 500, 500, 1, 28166
1000, 700, 300, 1, 1154250
2500, 1250, 1250, 1, 2366541
2500, 1000, 1500, 1, 1709042
5000, 2500, 2500, 1, 4247666
5000, 3000, 2000, 1, 5285208
8000, 4000, 4000, 1, 5445042
8000, 2000, 6000, 1, 3126625
10000, 4000, 6000, 1, 5454750
10000, 5000, 5000, 1, 7420542
650, 325, 325, 1, 18709
650, 350, 300, 1, 19917
650, 300, 350, 1, 17083
1000, 500, 500, 1, 28042
1000, 700, 300, 1, 1162916
2500, 1250, 1250, 1, 2369041
2500, 1000, 1500, 1, 1710084
5000, 2500, 2500, 1, 4254083
5000, 3000, 2000, 1, 5307750
8000, 4000, 4000, 1, 5436625
8000, 2000, 6000, 1, 3134125
10000, 4000, 6000, 1, 5439667
10000, 5000, 5000, 1, 7425000
650, 325, 325, 1, 18792
650, 350, 300, 1, 19958
650, 300, 350, 1, 17042
1000, 500, 500, 1, 27958
1000, 700, 300, 1, 1151000
2500, 1250, 1250, 1, 2370667
2500, 1000, 1500, 1, 1714042
5000, 2500, 2500, 1, 4229666
5000, 3000, 2000, 1, 5291583
8000, 4000, 4000, 1, 5437417
8000, 2000, 6000, 1, 3136583
10000, 4000, 6000, 1, 5448459
10000, 5000, 5000, 1, 7431041
650, 325, 325, 1, 18375
650, 350, 300, 1, 19792
650, 300, 350, 1, 17000
1000, 500, 500, 1, 29708
1000, 700, 300, 1, 1150542
2500, 1250, 1250, 1, 2374250
2500, 1000, 1500, 1, 1749625
5000, 2500, 2500, 1, 4231083
5000, 3000, 2000, 1, 5294917
8000, 4000, 4000, 1, 5457709
8000, 2000, 6000, 1, 3138833
10000, 4000, 6000, 1, 5440625
10000, 5000, 5000, 1, 7440541
650, 325, 325, 1, 18625
650, 350, 300, 1, 20042
650, 300, 350, 1, 17542
1000, 500, 500, 1, 28000
1000, 700, 300, 1, 1148084
2500, 1250, 1250, 1, 2394917
2500, 1000, 1500, 1, 1711917
5000, 2500, 2500, 1, 4233875
5000, 3000, 2000, 1, 5298250
8000, 4000, 4000, 1, 5446458
8000, 2000, 6000, 1, 3143917
10000, 4000, 6000, 1, 5449791
10000, 5000, 5000, 1, 7437459
650, 325, 325, 1, 18958
650, 350, 300, 1, 19834
650, 300, 350, 1, 17083
1000, 500, 500, 1, 27959
1000, 700, 300, 1, 1149375
2500, 1250, 1250, 1, 2380583
2500, 1000, 1500, 1, 1716292
5000, 2500, 2500, 1, 4232167
5000, 3000, 2000, 1, 5301167
8000, 4000, 4000, 1, 5458167
8000, 2000, 6000, 1, 3146292
10000, 4000, 6000, 1, 5452667
10000, 5000, 5000, 1, 7445917
650, 325, 325, 1, 18459
650, 350, 300, 1, 19875
650, 300, 350, 1, 17125
1000, 500, 500, 1, 28000
1000, 700, 300, 1, 1152708
2500, 1250, 1250, 1, 2382292
2500, 1000, 1500, 1, 1716625
5000, 2500, 2500, 1, 4236875
5000, 3000, 2000, 1, 5307500
8000, 4000, 4000, 1, 5470500
8000, 2000, 6000, 1, 3160666
10000, 4000, 6000, 1, 5454208
10000, 5000, 5000, 1, 7449416
650, 325, 325, 1, 18375
650, 350, 300, 1, 19833
650, 300, 350, 1, 17167
1000, 500, 500, 1, 28042
1000, 700, 300, 1, 1155458
2500, 1250, 1250, 1, 2381500
2500, 1000, 1500, 1, 1717167
5000, 2500, 2500, 1, 4239875
5000, 3000, 2000, 1, 5322958
8000, 4000, 4000, 1, 5479917
8000, 2000, 6000, 1, 3142875
10000, 4000, 6000, 1, 5477375
10000, 5000, 5000, 1, 7460833
650, 325, 325, 1, 18584
650, 350, 300, 1, 19833
650, 300, 350, 1, 17208
1000, 500, 500, 1, 28041
1000, 700, 300, 1, 1164250
2500, 1250, 1250, 1, 2385541
2500, 1000, 1500, 1, 1719041
5000, 2500, 2500, 1, 4282166
5000, 3000, 2000, 1, 5481375
8000, 4000, 4000, 1, 5510875
8000, 2000, 6000, 1, 3170667
10000, 4000, 6000, 1, 5526959
10000, 5000, 5000, 1, 7506875
650, 325, 325, 1, 18542
650, 350, 300, 1, 19958
650, 300, 350, 1, 17041
1000, 500, 500, 1, 28167
1000, 700, 300, 1, 1157667
2500, 1250, 1250, 1, 2389750
2500, 1000, 1500, 1, 1720417
5000, 2500, 2500, 1, 4251333
5000, 3000, 2000, 1, 5393750
8000, 4000, 4000, 1, 5469250
8000, 2000, 6000, 1, 3148083
10000, 4000, 6000, 1, 5455625
10000, 5000, 5000, 1, 7475958
650, 325, 325, 1, 18542
650, 350, 300, 1, 20500
650, 300, 350, 1, 17084
1000, 500, 500, 1, 28042
1000, 700, 300, 1, 1153125
2500, 1250, 1250, 1, 2384750
2500, 1000, 1500, 1, 1719042
5000, 2500, 2500, 1, 4242333
5000, 3000, 2000, 1, 5316458
8000, 4000, 4000, 1, 5459458
8000, 2000, 6000, 1, 3152375
10000, 4000, 6000, 1, 5458833
10000, 5000, 5000, 1, 7477583
650, 325, 325, 1, 18500
650, 350, 300, 1, 19792
650, 300, 350, 1, 17041
1000, 500, 500, 1, 28083
1000, 700, 300, 1, 1154291
2500, 1250, 1250, 1, 2388750
2500, 1000, 1500, 1, 1719792
5000, 2500, 2500, 1, 4244542
5000, 3000, 2000, 1, 5324167
8000, 4000, 4000, 1, 5460584
8000, 2000, 6000, 1, 3155334
10000, 4000, 6000, 1, 5498417
10000, 5000, 5000, 1, 7471291
650, 325, 325, 1, 18500
650, 350, 300, 1, 19875
650, 300, 350, 1, 17167
1000, 500, 500, 1, 28125
1000, 700, 300, 1, 1157167
2500, 1250, 1250, 1, 2416041
2500, 1000, 1500, 1, 1723208
5000, 2500, 2500, 1, 4270125
5000, 3000, 2000, 1, 5331833
8000, 4000, 4000, 1, 5474750
8000, 2000, 6000, 1, 3157083
10000, 4000, 6000, 1, 5474000
10000, 5000, 5000, 1, 7481084
650, 325, 325, 1, 18416
650, 350, 300, 1, 19833
650, 300, 350, 1, 17250
1000, 500, 500, 1, 27917
1000, 700, 300, 1, 1163334
2500, 1250, 1250, 1, 2398959
2500, 1000, 1500, 1, 1728041
5000, 2500, 2500, 1, 4257750
5000, 3000, 2000, 1, 5337500
8000, 4000, 4000, 1, 5478000
8000, 2000, 6000, 1, 3158083
10000, 4000, 6000, 1, 5477625
10000, 5000, 5000, 1, 7487042
650, 325, 325, 1, 18750
650, 350, 300, 1, 20041
650, 300, 350, 1, 17000
1000, 500, 500, 1, 28292
1000, 700, 300, 1, 1161459
2500, 1250, 1250, 1, 2389875
2500, 1000, 1500, 1, 1728458
5000, 2500, 2500, 1, 4261916
5000, 3000, 2000, 1, 5345709
8000, 4000, 4000, 1, 5484958
8000, 2000, 6000, 1, 3165250
10000, 4000, 6000, 1, 5496875
10000, 5000, 5000, 1, 7505167
650, 325, 325, 1, 18334
650, 350, 300, 1, 19875
650, 300, 350, 1, 17250
1000, 500, 500, 1, 28000
1000, 700, 300, 1, 1157083
2500, 1250, 1250, 1, 2398417
2500, 1000, 1500, 1, 1727167
5000, 2500, 2500, 1, 4279458
5000, 3000, 2000, 1, 5340459
8000, 4000, 4000, 1, 5488292
8000, 2000, 6000, 1, 3165833
10000, 4000, 6000, 1, 5484292
10000, 5000, 5000, 1, 7508583
650, 325, 325, 1, 18458
650, 350, 300, 1, 19792
650, 300, 350, 1, 17167
1000, 500, 500, 1, 28166
1000, 700, 300, 1, 1158542
2500, 1250, 1250, 1, 2393333
2500, 1000, 1500, 1, 1728542
5000, 2500, 2500, 1, 4277792
5000, 3000, 2000, 1, 5344416
8000, 4000, 4000, 1, 5489167
8000, 2000, 6000, 1, 3186041
10000, 4000, 6000, 1, 5504417
10000, 5000, 5000, 1, 7505459
650, 325, 325, 1, 18542
650, 350, 300, 1, 19667
650, 300, 350, 1, 17083
1000, 500, 500, 1, 28125
1000, 700, 300, 1, 1163875
2500, 1250, 1250, 1, 2397666
2500, 1000, 1500, 1, 1729875
5000, 2500, 2500, 1, 4271375
5000, 3000, 2000, 1, 5347708
8000, 4000, 4000, 1, 5527667
8000, 2000, 6000, 1, 3164041
10000, 4000, 6000, 1, 5490834
10000, 5000, 5000, 1, 7496250
650, 325, 325, 1, 18459
650, 350, 300, 1, 19792
650, 300, 350, 1, 17042
1000, 500, 500, 1, 28167
1000, 700, 300, 1, 1166917
2500, 1250, 1250, 1, 2394667
2500, 1000, 1500, 1, 1731542
5000, 2500, 2500, 1, 4264917
5000, 3000, 2000, 1, 5349125
8000, 4000, 4000, 1, 5495875
8000, 2000, 6000, 1, 3203625
10000, 4000, 6000, 1, 5494959
10000, 5000, 5000, 1, 7501750
650, 325, 325, 1, 18375
650, 350, 300, 1, 19959
650, 300, 350, 1, 17042
1000, 500, 500, 1, 27958
1000, 700, 300, 1, 1160375
2500, 1250, 1250, 1, 2410000
2500, 1000, 1500, 1, 1749166
5000, 2500, 2500, 1, 4287416
5000, 3000, 2000, 1, 5367042
8000, 4000, 4000, 1, 5491042
8000, 2000, 6000, 1, 3182084
10000, 4000, 6000, 1, 5493208
10000, 5000, 5000, 1, 7504833
650, 325, 325, 1, 18542
650, 350, 300, 1, 19708
650, 300, 350, 1, 17000
1000, 500, 500, 1, 28042
1000, 700, 300, 1, 1163750
2500, 1250, 1250, 1, 2399166
2500, 1000, 1500, 1, 1730292
5000, 2500, 2500, 1, 4287958
5000, 3000, 2000, 1, 5367458
8000, 4000, 4000, 1, 5518000
8000, 2000, 6000, 1, 3170000
10000, 4000, 6000, 1, 5536333
10000, 5000, 5000, 1, 7517375
650, 325, 325, 1, 18417
650, 350, 300, 1, 19791
650, 300, 350, 1, 17084
1000, 500, 500, 1, 28125
1000, 700, 300, 1, 1166875
2500, 1250, 1250, 1, 2399041
2500, 1000, 1500, 1, 1740625
5000, 2500, 2500, 1, 4276708
5000, 3000, 2000, 1, 5363917
8000, 4000, 4000, 1, 5502208
8000, 2000, 6000, 1, 3181625
10000, 4000, 6000, 1, 5500458
10000, 5000, 5000, 1, 7516000
650, 325, 325, 1, 18750
650, 350, 300, 1, 19834
650, 300, 350, 1, 17209
1000, 500, 500, 1, 28000
1000, 700, 300, 1, 1162583
2500, 1250, 1250, 1, 2404084
2500, 1000, 1500, 1, 1732916
5000, 2500, 2500, 1, 4297083
5000, 3000, 2000, 1, 5373208
8000, 4000, 4000, 1, 5537541
8000, 2000, 6000, 1, 3180292
10000, 4000, 6000, 1, 5512417
10000, 5000, 5000, 1, 7529833
650, 325, 325, 1, 18292
650, 350, 300, 1, 23167
650, 300, 350, 1, 17083
1000, 500, 500, 1, 27958
1000, 700, 300, 1, 1169042
2500, 1250, 1250, 1, 2404625
2500, 1000, 1500, 1, 1735875
5000, 2500, 2500, 1, 4286084
5000, 3000, 2000, 1, 5369666
8000, 4000, 4000, 1, 5516167
8000, 2000, 6000, 1, 3176625
10000, 4000, 6000, 1, 5519833
10000, 5000, 5000, 1, 7533125
650, 325, 325, 1, 18458
650, 350, 300, 1, 19708
650, 300, 350, 1, 16917
1000, 500, 500, 1, 28125
1000, 700, 300, 1, 1170000
2500, 1250, 1250, 1, 2415250
2500, 1000, 1500, 1, 1743875
5000, 2500, 2500, 1, 4319709
5000, 3000, 2000, 1, 5383083
8000, 4000, 4000, 1, 5536292
8000, 2000, 6000, 1, 3188708
10000, 4000, 6000, 1, 5525375
10000, 5000, 5000, 1, 7537125
650, 325, 325, 1, 18417
650, 350, 300, 1, 19917
650, 300, 350, 1, 17083
1000, 500, 500, 1, 28042
1000, 700, 300, 1, 1165166
2500, 1250, 1250, 1, 2418125
2500, 1000, 1500, 1, 1755833
5000, 2500, 2500, 1, 4291583
5000, 3000, 2000, 1, 5401750
8000, 4000, 4000, 1, 5522625
8000, 2000, 6000, 1, 3182250
10000, 4000, 6000, 1, 5544916
10000, 5000, 5000, 1, 7548500
650, 325, 325, 1, 18375
650, 350, 300, 1, 19792
650, 300, 350, 1, 17125
1000, 500, 500, 1, 28000
1000, 700, 300, 1, 1174000
2500, 1250, 1250, 1, 2411208
2500, 1000, 1500, 1, 1740375
5000, 2500, 2500, 1, 4297500
5000, 3000, 2000, 1, 5455083
8000, 4000, 4000, 1, 5624583
8000, 2000, 6000, 1, 3188959
10000, 4000, 6000, 1, 5530291
10000, 5000, 5000, 1, 7544250
650, 325, 325, 1, 19791
650, 350, 300, 1, 19834
650, 300, 350, 1, 17083
1000, 500, 500, 1, 28083
1000, 700, 300, 1, 1183750
2500, 1250, 1250, 1, 2433125
2500, 1000, 1500, 1, 1741375
5000, 2500, 2500, 1, 4301875
5000, 3000, 2000, 1, 5389750
8000, 4000, 4000, 1, 5542417
8000, 2000, 6000, 1, 3189125
10000, 4000, 6000, 1, 5532375
10000, 5000, 5000, 1, 7558625
650, 325, 325, 1, 18500
650, 350, 300, 1, 19750
650, 300, 350, 1, 17250
1000, 500, 500, 1, 27958
1000, 700, 300, 1, 1172833
2500, 1250, 1250, 1, 2416417
2500, 1000, 1500, 1, 1742500
5000, 2500, 2500, 1, 4302333
5000, 3000, 2000, 1, 5391708
8000, 4000, 4000, 1, 5859167
8000, 2000, 6000, 1, 3184583
10000, 4000, 6000, 1, 5656333
10000, 5000, 5000, 1, 7665667
650, 325, 325, 1, 18417
650, 350, 300, 1, 19916
650, 300, 350, 1, 17042
1000, 500, 500, 1, 27958
1000, 700, 300, 1, 1168209
2500, 1250, 1250, 1, 2424375
2500, 1000, 1500, 1, 1743375
5000, 2500, 2500, 1, 4306083
5000, 3000, 2000, 1, 5399250
8000, 4000, 4000, 1, 5550583
8000, 2000, 6000, 1, 3192208
10000, 4000, 6000, 1, 5546666
10000, 5000, 5000, 1, 7566584
650, 325, 325, 1, 18459
650, 350, 300, 1, 19792
650, 300, 350, 1, 17084
1000, 500, 500, 1, 28208
1000, 700, 300, 1, 1174416
2500, 1250, 1250, 1, 2416833
2500, 1000, 1500, 1, 1747334
5000, 2500, 2500, 1, 4305417
5000, 3000, 2000, 1, 5413459
8000, 4000, 4000, 1, 5557084
8000, 2000, 6000, 1, 3196750
10000, 4000, 6000, 1, 5542917
10000, 5000, 5000, 1, 7563208
650, 325, 325, 1, 18500
650, 350, 300, 1, 20500
650, 300, 350, 1, 17084
1000, 500, 500, 1, 27958
1000, 700, 300, 1, 1169792
2500, 1250, 1250, 1, 2427917
2500, 1000, 1500, 1, 1746166
5000, 2500, 2500, 1, 4331834
5000, 3000, 2000, 1, 5401209
8000, 4000, 4000, 1, 5546666
8000, 2000, 6000, 1, 3198834
10000, 4000, 6000, 1, 5564500
10000, 5000, 5000, 1, 7583042
650, 325, 325, 1, 18458
650, 350, 300, 1, 19875
650, 300, 350, 1, 17084
1000, 500, 500, 1, 27958
1000, 700, 300, 1, 1176375
2500, 1250, 1250, 1, 2421250
2500, 1000, 1500, 1, 1753042
5000, 2500, 2500, 1, 4352875
5000, 3000, 2000, 1, 5424084
8000, 4000, 4000, 1, 5551125
8000, 2000, 6000, 1, 3207000
10000, 4000, 6000, 1, 5544959
10000, 5000, 5000, 1, 7577709
650, 325, 325, 1, 18500
650, 350, 300, 1, 19750
650, 300, 350, 1, 17167
1000, 500, 500, 1, 27958
1000, 700, 300, 1, 1171625
2500, 1250, 1250, 1, 2427416
2500, 1000, 1500, 1, 1750833
5000, 2500, 2500, 1, 4313750
5000, 3000, 2000, 1, 5410042
8000, 4000, 4000, 1, 5547875
8000, 2000, 6000, 1, 3214833
10000, 4000, 6000, 1, 5593167
10000, 5000, 5000, 1, 7858375
650, 325, 325, 1, 18416
650, 350, 300, 1, 19958
650, 300, 350, 1, 17125
1000, 500, 500, 1, 28084
1000, 700, 300, 1, 1177834
2500, 1250, 1250, 1, 2433125
2500, 1000, 1500, 1, 1772666
5000, 2500, 2500, 1, 4432375
5000, 3000, 2000, 1, 5426541
8000, 4000, 4000, 1, 5559541
8000, 2000, 6000, 1, 3210542
10000, 4000, 6000, 1, 5565083
10000, 5000, 5000, 1, 7598875
650, 325, 325, 1, 18458
650, 350, 300, 1, 19709
650, 300, 350, 1, 17083
1000, 500, 500, 1, 28125
1000, 700, 300, 1, 1178208
2500, 1250, 1250, 1, 2425042
2500, 1000, 1500, 1, 1751375
5000, 2500, 2500, 1, 4329333
5000, 3000, 2000, 1, 5419334
8000, 4000, 4000, 1, 5576417
8000, 2000, 6000, 1, 3206375
10000, 4000, 6000, 1, 5566666
10000, 5000, 5000, 1, 7600625
650, 325, 325, 1, 18542
650, 350, 300, 1, 19917
650, 300, 350, 1, 17208
1000, 500, 500, 1, 28209
1000, 700, 300, 1, 1179375
2500, 1250, 1250, 1, 2426375
2500, 1000, 1500, 1, 1754834
5000, 2500, 2500, 1, 4332500
5000, 3000, 2000, 1, 5415792
8000, 4000, 4000, 1, 5566250
8000, 2000, 6000, 1, 3241833
10000, 4000, 6000, 1, 5562500
10000, 5000, 5000, 1, 7614042
650, 325, 325, 1, 18375
650, 350, 300, 1, 20125
650, 300, 350, 1, 17292
1000, 500, 500, 1, 28125
1000, 700, 300, 1, 1179959
2500, 1250, 1250, 1, 2431000
2500, 1000, 1500, 1, 1755000
5000, 2500, 2500, 1, 4343584
5000, 3000, 2000, 1, 5424291
8000, 4000, 4000, 1, 5572375
8000, 2000, 6000, 1, 3209333
10000, 4000, 6000, 1, 5653250
10000, 5000, 5000, 1, 7816791
650, 325, 325, 1, 18416
650, 350, 300, 1, 19791
650, 300, 350, 1, 17125
1000, 500, 500, 1, 28000
1000, 700, 300, 1, 1177833
2500, 1250, 1250, 1, 2431333
2500, 1000, 1500, 1, 1749625
5000, 2500, 2500, 1, 4329334
5000, 3000, 2000, 1, 5420792
8000, 4000, 4000, 1, 5565458
8000, 2000, 6000, 1, 3209750
10000, 4000, 6000, 1, 5581833
10000, 5000, 5000, 1, 7617708
650, 325, 325, 1, 18417
650, 350, 300, 1, 20000
650, 300, 350, 1, 17125
1000, 500, 500, 1, 28250
1000, 700, 300, 1, 1181666
2500, 1250, 1250, 1, 2429542
2500, 1000, 1500, 1, 1755833
5000, 2500, 2500, 1, 4339459
5000, 3000, 2000, 1, 5457000
8000, 4000, 4000, 1, 5569125
8000, 2000, 6000, 1, 3225917
10000, 4000, 6000, 1, 5568459
10000, 5000, 5000, 1, 7609333
650, 325, 325, 1, 18542
650, 350, 300, 1, 19875
650, 300, 350, 1, 17083
1000, 500, 500, 1, 28000
1000, 700, 300, 1, 1179875
2500, 1250, 1250, 1, 2433959
2500, 1000, 1500, 1, 1755791
5000, 2500, 2500, 1, 4331250
5000, 3000, 2000, 1, 5427958
8000, 4000, 4000, 1, 5571166
8000, 2000, 6000, 1, 3250959
10000, 4000, 6000, 1, 5589041
10000, 5000, 5000, 1, 7616250
650, 325, 325, 1, 18417
650, 350, 300, 1, 19833
650, 300, 350, 1, 17083
1000, 500, 500, 1, 28042
1000, 700, 300, 1, 1181167
2500, 1250, 1250, 1, 2435167
2500, 1000, 1500, 1, 1756125
5000, 2500, 2500, 1, 4336250
5000, 3000, 2000, 1, 5434917
8000, 4000, 4000, 1, 5576166
8000, 2000, 6000, 1, 3216166
10000, 4000, 6000, 1, 5575125
10000, 5000, 5000, 1, 7617875
650, 325, 325, 1, 18375
650, 350, 300, 1, 19833
650, 300, 350, 1, 17250
1000, 500, 500, 1, 27917
1000, 700, 300, 1, 1178708
2500, 1250, 1250, 1, 2456083
2500, 1000, 1500, 1, 1758167
5000, 2500, 2500, 1, 4338500
5000, 3000, 2000, 1, 5434250
8000, 4000, 4000, 1, 5578167
8000, 2000, 6000, 1, 3219208
10000, 4000, 6000, 1, 5578416
10000, 5000, 5000, 1, 7640958
650, 325, 325, 1, 18666
650, 350, 300, 1, 19833
650, 300, 350, 1, 17333
1000, 500, 500, 1, 28083
1000, 700, 300, 1, 1184916
2500, 1250, 1250, 1, 2439459
2500, 1000, 1500, 1, 1760917
5000, 2500, 2500, 1, 4341542
5000, 3000, 2000, 1, 5438416
8000, 4000, 4000, 1, 5583000
8000, 2000, 6000, 1, 3222500
10000, 4000, 6000, 1, 5585959
10000, 5000, 5000, 1, 7665125
650, 325, 325, 1, 18625
650, 350, 300, 1, 20084
650, 300, 350, 1, 16959
1000, 500, 500, 1, 28250
1000, 700, 300, 1, 1189750
2500, 1250, 1250, 1, 2438416
2500, 1000, 1500, 1, 1759625
5000, 2500, 2500, 1, 4341417
5000, 3000, 2000, 1, 5445459
8000, 4000, 4000, 1, 5585333
8000, 2000, 6000, 1, 3221750
10000, 4000, 6000, 1, 5919792
10000, 5000, 5000, 1, 7666666
650, 325, 325, 1, 19292
650, 350, 300, 1, 19792
650, 300, 350, 1, 17125
1000, 500, 500, 1, 30708
1000, 700, 300, 1, 1186500
2500, 1250, 1250, 1, 2445208
2500, 1000, 1500, 1, 1760166
5000, 2500, 2500, 1, 4353084
5000, 3000, 2000, 1, 5452000
8000, 4000, 4000, 1, 5613708
8000, 2000, 6000, 1, 3249542
10000, 4000, 6000, 1, 5595125
10000, 5000, 5000, 1, 7652167
650, 325, 325, 1, 18416
650, 350, 300, 1, 20084
650, 300, 350, 1, 17041
1000, 500, 500, 1, 28000
1000, 700, 300, 1, 1184875
2500, 1250, 1250, 1, 2458250
2500, 1000, 1500, 1, 1771417
5000, 2500, 2500, 1, 4364958
5000, 3000, 2000, 1, 5450375
8000, 4000, 4000, 1, 5629875
8000, 2000, 6000, 1, 3242667
10000, 4000, 6000, 1, 5653500
10000, 5000, 5000, 1, 7657583
650, 325, 325, 1, 18333
650, 350, 300, 1, 19917
650, 300, 350, 1, 17167
1000, 500, 500, 1, 28042
1000, 700, 300, 1, 1185542
2500, 1250, 1250, 1, 2442542
2500, 1000, 1500, 1, 1781000
5000, 2500, 2500, 1, 4361167
5000, 3000, 2000, 1, 5476000
8000, 4000, 4000, 1, 5643709
8000, 2000, 6000, 1, 3229125
10000, 4000, 6000, 1, 5603625
10000, 5000, 5000, 1, 7668500
650, 325, 325, 1, 18333
650, 350, 300, 1, 19833
650, 300, 350, 1, 17125
1000, 500, 500, 1, 28166
1000, 700, 300, 1, 1186833
2500, 1250, 1250, 1, 2444000
2500, 1000, 1500, 1, 1775209
5000, 2500, 2500, 1, 4363083
5000, 3000, 2000, 1, 5456291
8000, 4000, 4000, 1, 5607875
8000, 2000, 6000, 1, 3231708
10000, 4000, 6000, 1, 5604959
10000, 5000, 5000, 1, 7691500
650, 325, 325, 1, 18458
650, 350, 300, 1, 19833
650, 300, 350, 1, 17000
1000, 500, 500, 1, 28041
1000, 700, 300, 1, 1196584
2500, 1250, 1250, 1, 2448916
2500, 1000, 1500, 1, 1765333
5000, 2500, 2500, 1, 4359500
5000, 3000, 2000, 1, 5466250
8000, 4000, 4000, 1, 5607250
8000, 2000, 6000, 1, 3231250
10000, 4000, 6000, 1, 5608667
10000, 5000, 5000, 1, 7676791
650, 325, 325, 1, 18500
650, 350, 300, 1, 19958
650, 300, 350, 1, 17000
1000, 500, 500, 1, 28167
1000, 700, 300, 1, 1202291
2500, 1250, 1250, 1, 2451167
2500, 1000, 1500, 1, 1769375
5000, 2500, 2500, 1, 4361875
5000, 3000, 2000, 1, 5470459
8000, 4000, 4000, 1, 5638208
8000, 2000, 6000, 1, 3238708
10000, 4000, 6000, 1, 5646792
10000, 5000, 5000, 1, 7668375
650, 325, 325, 1, 18375
650, 350, 300, 1, 19750
650, 300, 350, 1, 17167
1000, 500, 500, 1, 28250
1000, 700, 300, 1, 1189500
2500, 1250, 1250, 1, 2453750
2500, 1000, 1500, 1, 1769958
5000, 2500, 2500, 1, 4365084
5000, 3000, 2000, 1, 5468542
8000, 4000, 4000, 1, 5614125
8000, 2000, 6000, 1, 3237875
10000, 4000, 6000, 1, 5617208
10000, 5000, 5000, 1, 7665916
650, 325, 325, 1, 18541
650, 350, 300, 1, 19750
650, 300, 350, 1, 17084
1000, 500, 500, 1, 28167
1000, 700, 300, 1, 1186583
2500, 1250, 1250, 1, 2455417
2500, 1000, 1500, 1, 1769083
5000, 2500, 2500, 1, 4368833
5000, 3000, 2000, 1, 5508792
8000, 4000, 4000, 1, 5633166
8000, 2000, 6000, 1, 3259417
10000, 4000, 6000, 1, 5615584
10000, 5000, 5000, 1, 7677959
650, 325, 325, 1, 18458
650, 350, 300, 1, 20000
650, 300, 350, 1, 17167
1000, 500, 500, 1, 28042
1000, 700, 300, 1, 1190542
2500, 1250, 1250, 1, 2452500
2500, 1000, 1500, 1, 1775625
5000, 2500, 2500, 1, 4370541
5000, 3000, 2000, 1, 5481792
8000, 4000, 4000, 1, 5620000
8000, 2000, 6000, 1, 3258459
10000, 4000, 6000, 1, 5620875
10000, 5000, 5000, 1, 7683708
650, 325, 325, 1, 18417
650, 350, 300, 1, 19834
650, 300, 350, 1, 17125
1000, 500, 500, 1, 28042
1000, 700, 300, 1, 1191833
2500, 1250, 1250, 1, 2458000
2500, 1000, 1500, 1, 1775416
5000, 2500, 2500, 1, 4370875
5000, 3000, 2000, 1, 5487125
8000, 4000, 4000, 1, 5624125
8000, 2000, 6000, 1, 3244583
10000, 4000, 6000, 1, 5624708
10000, 5000, 5000, 1, 7686625
650, 325, 325, 1, 18375
650, 350, 300, 1, 19792
650, 300, 350, 1, 17041
1000, 500, 500, 1, 28083
1000, 700, 300, 1, 1189625
2500, 1250, 1250, 1, 2462416
2500, 1000, 1500, 1, 1777416
5000, 2500, 2500, 1, 4378083
5000, 3000, 2000, 1, 5535041
8000, 4000, 4000, 1, 5626542
8000, 2000, 6000, 1, 3253292
10000, 4000, 6000, 1, 5626959
10000, 5000, 5000, 1, 7697083
650, 325, 325, 1, 18375
650, 350, 300, 1, 20000
650, 300, 350, 1, 17000
1000, 500, 500, 1, 28292
1000, 700, 300, 1, 1192708
2500, 1250, 1250, 1, 2463875
2500, 1000, 1500, 1, 1773458
5000, 2500, 2500, 1, 4396333
5000, 3000, 2000, 1, 5487959
8000, 4000, 4000, 1, 5629834
8000, 2000, 6000, 1, 3253292
10000, 4000, 6000, 1, 5641583
10000, 5000, 5000, 1, 7707750
650, 325, 325, 1, 18417
650, 350, 300, 1, 19959
650, 300, 350, 1, 17041
1000, 500, 500, 1, 28000
1000, 700, 300, 1, 1196042
2500, 1250, 1250, 1, 2461917
2500, 1000, 1500, 1, 1779334
5000, 2500, 2500, 1, 4383833
5000, 3000, 2000, 1, 5509709
8000, 4000, 4000, 1, 5646958
8000, 2000, 6000, 1, 3252583
10000, 4000, 6000, 1, 5639791
10000, 5000, 5000, 1, 7721042
650, 325, 325, 1, 18583
650, 350, 300, 1, 19750
650, 300, 350, 1, 17125
1000, 500, 500, 1, 28125
1000, 700, 300, 1, 1194125
2500, 1250, 1250, 1, 2461666
2500, 1000, 1500, 1, 1776250
5000, 2500, 2500, 1, 4388792
5000, 3000, 2000, 1, 5493500
8000, 4000, 4000, 1, 5644916
8000, 2000, 6000, 1, 3253000
10000, 4000, 6000, 1, 5639583
10000, 5000, 5000, 1, 7709833
650, 325, 325, 1, 18500
650, 350, 300, 1, 19792
650, 300, 350, 1, 17125
1000, 500, 500, 1, 27917
1000, 700, 300, 1, 1208917
2500, 1250, 1250, 1, 2462875
2500, 1000, 1500, 1, 1776625
5000, 2500, 2500, 1, 4386875
5000, 3000, 2000, 1, 5515458
8000, 4000, 4000, 1, 5674500
8000, 2000, 6000, 1, 3259125
10000, 4000, 6000, 1, 5659000
10000, 5000, 5000, 1, 7720916
650, 325, 325, 1, 19000
650, 350, 300, 1, 20375
650, 300, 350, 1, 17042
1000, 500, 500, 1, 28000
1000, 700, 300, 1, 1193084
2500, 1250, 1250, 1, 2476792
2500, 1000, 1500, 1, 1778083
5000, 2500, 2500, 1, 4391792
5000, 3000, 2000, 1, 5501125
8000, 4000, 4000, 1, 5662250
8000, 2000, 6000, 1, 3255417
10000, 4000, 6000, 1, 5682000
10000, 5000, 5000, 1, 7714000
650, 325, 325, 1, 18416
650, 350, 300, 1, 19750
650, 300, 350, 1, 17000
1000, 500, 500, 1, 28458
1000, 700, 300, 1, 1195417
2500, 1250, 1250, 1, 2466541
2500, 1000, 1500, 1, 1779375
5000, 2500, 2500, 1, 4394625
5000, 3000, 2000, 1, 5506791
8000, 4000, 4000, 1, 5649083
8000, 2000, 6000, 1, 3259416
10000, 4000, 6000, 1, 5652834
10000, 5000, 5000, 1, 7718625
650, 325, 325, 1, 18667
650, 350, 300, 1, 19792
650, 300, 350, 1, 17000
1000, 500, 500, 1, 28042
1000, 700, 300, 1, 1200333
2500, 1250, 1250, 1, 2467792
2500, 1000, 1500, 1, 1780834
5000, 2500, 2500, 1, 4397458
5000, 3000, 2000, 1, 5511583
8000, 4000, 4000, 1, 5657292
8000, 2000, 6000, 1, 3264792
10000, 4000, 6000, 1, 5668958
10000, 5000, 5000, 1, 7765708
650, 325, 325, 1, 18416
650, 350, 300, 1, 19875
650, 300, 350, 1, 17042
1000, 500, 500, 1, 28083
1000, 700, 300, 1, 1201791
2500, 1250, 1250, 1, 2479958
2500, 1000, 1500, 1, 1781917
5000, 2500, 2500, 1, 4433834
5000, 3000, 2000, 1, 5514584
8000, 4000, 4000, 1, 5672834
8000, 2000, 6000, 1, 3264958
10000, 4000, 6000, 1, 5667209
10000, 5000, 5000, 1, 7734459
650, 325, 325, 1, 18417
650, 350, 300, 1, 19958
650, 300, 350, 1, 17042
1000, 500, 500, 1, 28208
1000, 700, 300, 1, 1207834
2500, 1250, 1250, 1, 2470708
2500, 1000, 1500, 1, 1786000
5000, 2500, 2500, 1, 4406083
5000, 3000, 2000, 1, 5516000
8000, 4000, 4000, 1, 5679125
8000, 2000, 6000, 1, 3268375
10000, 4000, 6000, 1, 5665083
10000, 5000, 5000, 1, 7752959
650, 325, 325, 1, 18458
650, 350, 300, 1, 19792
650, 300, 350, 1, 16958
1000, 500, 500, 1, 28166
1000, 700, 300, 1, 1204958
2500, 1250, 1250, 1, 2472625
2500, 1000, 1500, 1, 1787083
5000, 2500, 2500, 1, 4403709
5000, 3000, 2000, 1, 5564042
8000, 4000, 4000, 1, 5666750
8000, 2000, 6000, 1, 3275417
10000, 4000, 6000, 1, 5735917
10000, 5000, 5000, 1, 7740542
650, 325, 325, 1, 18458
650, 350, 300, 1, 19958
650, 300, 350, 1, 17041
1000, 500, 500, 1, 28083
1000, 700, 300, 1, 1199334
2500, 1250, 1250, 1, 2481000
2500, 1000, 1500, 1, 1785917
5000, 2500, 2500, 1, 4412084
5000, 3000, 2000, 1, 5525375
8000, 4000, 4000, 1, 5690167
8000, 2000, 6000, 1, 3270291
10000, 4000, 6000, 1, 5668708
10000, 5000, 5000, 1, 7744792
650, 325, 325, 1, 19125
650, 350, 300, 1, 19791
650, 300, 350, 1, 16958
1000, 500, 500, 1, 28041
1000, 700, 300, 1, 1202958
2500, 1250, 1250, 1, 2478833
2500, 1000, 1500, 1, 1790417
5000, 2500, 2500, 1, 4414375
5000, 3000, 2000, 1, 5565459
8000, 4000, 4000, 1, 5675833
8000, 2000, 6000, 1, 3272083
10000, 4000, 6000, 1, 5673542
10000, 5000, 5000, 1, 7748667
650, 325, 325, 1, 18417
650, 350, 300, 1, 19750
650, 300, 350, 1, 17042
1000, 500, 500, 1, 28041
1000, 700, 300, 1, 1201166
2500, 1250, 1250, 1, 2487666
2500, 1000, 1500, 1, 1788000
5000, 2500, 2500, 1, 4412667
5000, 3000, 2000, 1, 5558750
8000, 4000, 4000, 1, 5676416
8000, 2000, 6000, 1, 3271792
10000, 4000, 6000, 1, 5675375
10000, 5000, 5000, 1, 7803292
650, 325, 325, 1, 18709
650, 350, 300, 1, 19958
650, 300, 350, 1, 17166
1000, 500, 500, 1, 29000
1000, 700, 300, 1, 1200167
2500, 1250, 1250, 1, 2479625
2500, 1000, 1500, 1, 1786625
5000, 2500, 2500, 1, 4422542
5000, 3000, 2000, 1, 5534209
8000, 4000, 4000, 1, 5681166
8000, 2000, 6000, 1, 3274542
10000, 4000, 6000, 1, 5679542
10000, 5000, 5000, 1, 7773083
650, 325, 325, 1, 18500
650, 350, 300, 1, 19875
650, 300, 350, 1, 17125
1000, 500, 500, 1, 28083
1000, 700, 300, 1, 1206417
2500, 1250, 1250, 1, 2483917
2500, 1000, 1500, 1, 1790291
5000, 2500, 2500, 1, 4425417
5000, 3000, 2000, 1, 5534291
8000, 4000, 4000, 1, 5684958
8000, 2000, 6000, 1, 3308125
10000, 4000, 6000, 1, 5687166
10000, 5000, 5000, 1, 8125292
650, 325, 325, 1, 18500
650, 350, 300, 1, 19916
650, 300, 350, 1, 17000
1000, 500, 500, 1, 27917
1000, 700, 300, 1, 1203500
2500, 1250, 1250, 1, 2487292
2500, 1000, 1500, 1, 1924291
5000, 2500, 2500, 1, 4445458
5000, 3000, 2000, 1, 5576583
8000, 4000, 4000, 1, 5721333
8000, 2000, 6000, 1, 3283250
10000, 4000, 6000, 1, 5687791
10000, 5000, 5000, 1, 7782833
650, 325, 325, 1, 18542
650, 350, 300, 1, 20041
650, 300, 350, 1, 17083
1000, 500, 500, 1, 28125
1000, 700, 300, 1, 1208834
2500, 1250, 1250, 1, 2488042
2500, 1000, 1500, 1, 1802625
5000, 2500, 2500, 1, 4449334
5000, 3000, 2000, 1, 5622250
8000, 4000, 4000, 1, 5732125
8000, 2000, 6000, 1, 3398875
10000, 4000, 6000, 1, 5899542
10000, 5000, 5000, 1, 7975042
650, 325, 325, 1, 19083
650, 350, 300, 1, 20250
650, 300, 350, 1, 17708
1000, 500, 500, 1, 28959
1000, 700, 300, 1, 1240042
2500, 1250, 1250, 1, 2549625
2500, 1000, 1500, 1, 1854500
5000, 2500, 2500, 1, 4570000
5000, 3000, 2000, 1, 5821250
8000, 4000, 4000, 1, 6492917
8000, 2000, 6000, 1, 3730958
10000, 4000, 6000, 1, 6076750
10000, 5000, 5000, 1, 7816250
650, 325, 325, 1, 18500
650, 350, 300, 1, 20417
650, 300, 350, 1, 17625
1000, 500, 500, 1, 28041
1000, 700, 300, 1, 1207000
2500, 1250, 1250, 1, 2510625
2500, 1000, 1500, 1, 1802875
5000, 2500, 2500, 1, 4442500
5000, 3000, 2000, 1, 5579417
8000, 4000, 4000, 1, 5718709
8000, 2000, 6000, 1, 3291333
10000, 4000, 6000, 1, 5703000
10000, 5000, 5000, 1, 7786083
650, 325, 325, 1, 18500
650, 350, 300, 1, 19875
650, 300, 350, 1, 17083
1000, 500, 500, 1, 28041
1000, 700, 300, 1, 1207583
2500, 1250, 1250, 1, 2490542
2500, 1000, 1500, 1, 1796500
5000, 2500, 2500, 1, 4432709
5000, 3000, 2000, 1, 5557916
8000, 4000, 4000, 1, 5746750
8000, 2000, 6000, 1, 3290583
10000, 4000, 6000, 1, 5702292
10000, 5000, 5000, 1, 7834209
650, 325, 325, 1, 19750
650, 350, 300, 1, 19834
650, 300, 350, 1, 17125
1000, 500, 500, 1, 27958
1000, 700, 300, 1, 1209041
2500, 1250, 1250, 1, 2495000
2500, 1000, 1500, 1, 1797250
5000, 2500, 2500, 1, 4441834
5000, 3000, 2000, 1, 5560000
8000, 4000, 4000, 1, 5724292
8000, 2000, 6000, 1, 3297500
10000, 4000, 6000, 1, 5743708
10000, 5000, 5000, 1, 7797375
650, 325, 325, 1, 18417
650, 350, 300, 1, 19792
650, 300, 350, 1, 17084
1000, 500, 500, 1, 28125
1000, 700, 300, 1, 1210042
2500, 1250, 1250, 1, 2499042
2500, 1000, 1500, 1, 1798500
5000, 2500, 2500, 1, 4446625
5000, 3000, 2000, 1, 5563083
8000, 4000, 4000, 1, 5712791
8000, 2000, 6000, 1, 3295083
10000, 4000, 6000, 1, 5772875
10000, 5000, 5000, 1, 7801708
650, 325, 325, 1, 18417
650, 350, 300, 1, 19917
650, 300, 350, 1, 16958
1000, 500, 500, 1, 27958
1000, 700, 300, 1, 1211625
2500, 1250, 1250, 1, 2502791
2500, 1000, 1500, 1, 1799417
5000, 2500, 2500, 1, 4452542
5000, 3000, 2000, 1, 5624667
8000, 4000, 4000, 1, 5733542
8000, 2000, 6000, 1, 3300666
10000, 4000, 6000, 1, 5715583
10000, 5000, 5000, 1, 7838709
650, 325, 325, 1, 19166
650, 350, 300, 1, 19916
650, 300, 350, 1, 17000
1000, 500, 500, 1, 28084
1000, 700, 300, 1, 1208459
2500, 1250, 1250, 1, 2499459
2500, 1000, 1500, 1, 1798125
5000, 2500, 2500, 1, 4448875
5000, 3000, 2000, 1, 5570791
8000, 4000, 4000, 1, 5737958
8000, 2000, 6000, 1, 3296084
10000, 4000, 6000, 1, 5721750
10000, 5000, 5000, 1, 7830167
650, 325, 325, 1, 18542
650, 350, 300, 1, 19834
650, 300, 350, 1, 17542
1000, 500, 500, 1, 28000
1000, 700, 300, 1, 1208792
2500, 1250, 1250, 1, 2514125
2500, 1000, 1500, 1, 1801375
5000, 2500, 2500, 1, 4452583
5000, 3000, 2000, 1, 5587209
8000, 4000, 4000, 1, 5723292
8000, 2000, 6000, 1, 3297750
10000, 4000, 6000, 1, 5724834
10000, 5000, 5000, 1, 7974709
650, 325, 325, 1, 18791
650, 350, 300, 1, 19834
650, 300, 350, 1, 17000
1000, 500, 500, 1, 28125
1000, 700, 300, 1, 1234167
2500, 1250, 1250, 1, 2515208
2500, 1000, 1500, 1, 1800584
5000, 2500, 2500, 1, 4612333
5000, 3000, 2000, 1, 5606334
8000, 4000, 4000, 1, 5746167
8000, 2000, 6000, 1, 3314375
10000, 4000, 6000, 1, 5776959
10000, 5000, 5000, 1, 7834917
650, 325, 325, 1, 18500
650, 350, 300, 1, 19875
650, 300, 350, 1, 17125
1000, 500, 500, 1, 28125
1000, 700, 300, 1, 1213708
2500, 1250, 1250, 1, 2501083
2500, 1000, 1500, 1, 1804583
5000, 2500, 2500, 1, 4460416
5000, 3000, 2000, 1, 5597666
8000, 4000, 4000, 1, 5731000
8000, 2000, 6000, 1, 3315416
10000, 4000, 6000, 1, 5732458
10000, 5000, 5000, 1, 7839625
650, 325, 325, 1, 18500
650, 350, 300, 1, 19708
650, 300, 350, 1, 16958
1000, 500, 500, 1, 28000
1000, 700, 300, 1, 1215166
2500, 1250, 1250, 1, 2502625
2500, 1000, 1500, 1, 1805958
5000, 2500, 2500, 1, 4458250
5000, 3000, 2000, 1, 5623875
8000, 4000, 4000, 1, 5750084
8000, 2000, 6000, 1, 3310875
10000, 4000, 6000, 1, 5736292
10000, 5000, 5000, 1, 7850042
650, 325, 325, 1, 18500
650, 350, 300, 1, 19833
650, 300, 350, 1, 17167
1000, 500, 500, 1, 27958
1000, 700, 300, 1, 1229583
2500, 1250, 1250, 1, 2509416
2500, 1000, 1500, 1, 1810458
5000, 2500, 2500, 1, 4468417
5000, 3000, 2000, 1, 5605416
8000, 4000, 4000, 1, 5782625
8000, 2000, 6000, 1, 3318375
10000, 4000, 6000, 1, 5747458
10000, 5000, 5000, 1, 7863750
650, 325, 325, 1, 18500
650, 350, 300, 1, 19792
650, 300, 350, 1, 17125
1000, 500, 500, 1, 27958
1000, 700, 300, 1, 1218458
2500, 1250, 1250, 1, 2513875
2500, 1000, 1500, 1, 1814875
5000, 2500, 2500, 1, 4475500
5000, 3000, 2000, 1, 5600583
8000, 4000, 4000, 1, 5741083
8000, 2000, 6000, 1, 3315167
10000, 4000, 6000, 1, 5746625
10000, 5000, 5000, 1, 7864541
650, 325, 325, 1, 18583
650, 350, 300, 1, 19791
650, 300, 350, 1, 17125
1000, 500, 500, 1, 27958
1000, 700, 300, 1, 1218125
2500, 1250, 1250, 1, 2513000
2500, 1000, 1500, 1, 1814916
5000, 2500, 2500, 1, 4514417
5000, 3000, 2000, 1, 5605333
8000, 4000, 4000, 1, 5752584
8000, 2000, 6000, 1, 3349417
10000, 4000, 6000, 1, 5754375
10000, 5000, 5000, 1, 7861000
650, 325, 325, 1, 18542
650, 350, 300, 1, 20375
650, 300, 350, 1, 17083
1000, 500, 500, 1, 28041
1000, 700, 300, 1, 1214667
2500, 1250, 1250, 1, 2517125
2500, 1000, 1500, 1, 1812958
5000, 2500, 2500, 1, 4477334
5000, 3000, 2000, 1, 5607458
8000, 4000, 4000, 1, 5756625
8000, 2000, 6000, 1, 3320750
10000, 4000, 6000, 1, 5750375
10000, 5000, 5000, 1, 7863041
650, 325, 325, 1, 18500
650, 350, 300, 1, 19875
650, 300, 350, 1, 17083
1000, 500, 500, 1, 27958
1000, 700, 300, 1, 1215291
2500, 1250, 1250, 1, 2520958
2500, 1000, 1500, 1, 1814167
5000, 2500, 2500, 1, 4489833
5000, 3000, 2000, 1, 5616417
8000, 4000, 4000, 1, 5764625
8000, 2000, 6000, 1, 3323167
10000, 4000, 6000, 1, 5781167
10000, 5000, 5000, 1, 7870792
650, 325, 325, 1, 18625
650, 350, 300, 1, 19791
650, 300, 350, 1, 17000
1000, 500, 500, 1, 28000
1000, 700, 300, 1, 1221542
2500, 1250, 1250, 1, 2520792
2500, 1000, 1500, 1, 1818458
5000, 2500, 2500, 1, 4480542
5000, 3000, 2000, 1, 5616208
8000, 4000, 4000, 1, 5773750
8000, 2000, 6000, 1, 3325458
10000, 4000, 6000, 1, 5762583
10000, 5000, 5000, 1, 8023833
650, 325, 325, 1, 20709
650, 350, 300, 1, 20250
650, 300, 350, 1, 17042
1000, 500, 500, 1, 27958
1000, 700, 300, 1, 1222583
2500, 1250, 1250, 1, 2517208
2500, 1000, 1500, 1, 1816500
5000, 2500, 2500, 1, 4501833
5000, 3000, 2000, 1, 5619417
8000, 4000, 4000, 1, 5765125
8000, 2000, 6000, 1, 3322041
10000, 4000, 6000, 1, 5769041
10000, 5000, 5000, 1, 7881875
650, 325, 325, 1, 18375
650, 350, 300, 1, 20000
650, 300, 350, 1, 17000
1000, 500, 500, 1, 28042
1000, 700, 300, 1, 1220500
2500, 1250, 1250, 1, 2523833
2500, 1000, 1500, 1, 1815542
5000, 2500, 2500, 1, 4490042
5000, 3000, 2000, 1, 5663583
8000, 4000, 4000, 1, 5785292
8000, 2000, 6000, 1, 3334375
10000, 4000, 6000, 1, 5767708
10000, 5000, 5000, 1, 7887000
650, 325, 325, 1, 18542
650, 350, 300, 1, 19750
650, 300, 350, 1, 17125
1000, 500, 500, 1, 28000
1000, 700, 300, 1, 1220500
2500, 1250, 1250, 1, 2520333
2500, 1000, 1500, 1, 1825708
5000, 2500, 2500, 1, 4488833
5000, 3000, 2000, 1, 5632875
8000, 4000, 4000, 1, 5770959
8000, 2000, 6000, 1, 3335917
10000, 4000, 6000, 1, 5774750
10000, 5000, 5000, 1, 7890667
650, 325, 325, 1, 18500
650, 350, 300, 1, 19833
650, 300, 350, 1, 17125
1000, 500, 500, 1, 27917
1000, 700, 300, 1, 1225167
2500, 1250, 1250, 1, 2533250
2500, 1000, 1500, 1, 1822209
5000, 2500, 2500, 1, 4577000
5000, 3000, 2000, 1, 5647875
8000, 4000, 4000, 1, 5843375
8000, 2000, 6000, 1, 3335916
10000, 4000, 6000, 1, 5777667
10000, 5000, 5000, 1, 7899250
650, 325, 325, 1, 22583
650, 350, 300, 1, 19792
650, 300, 350, 1, 17084
1000, 500, 500, 1, 28000
1000, 700, 300, 1, 1228875
2500, 1250, 1250, 1, 2525959
2500, 1000, 1500, 1, 1827459
5000, 2500, 2500, 1, 4529625
5000, 3000, 2000, 1, 5633709
8000, 4000, 4000, 1, 5781542
8000, 2000, 6000, 1, 3331416
10000, 4000, 6000, 1, 5786208
10000, 5000, 5000, 1, 7900958
650, 325, 325, 1, 18541
650, 350, 300, 1, 21416
650, 300, 350, 1, 17125
1000, 500, 500, 1, 27958
1000, 700, 300, 1, 1221125
2500, 1250, 1250, 1, 2530667
2500, 1000, 1500, 1, 1822416
5000, 2500, 2500, 1, 4504250
5000, 3000, 2000, 1, 5655917
8000, 4000, 4000, 1, 5807125
8000, 2000, 6000, 1, 3341042
10000, 4000, 6000, 1, 5783417
10000, 5000, 5000, 1, 7904375
650, 325, 325, 1, 18417
650, 350, 300, 1, 19875
650, 300, 350, 1, 17125
1000, 500, 500, 1, 28000
1000, 700, 300, 1, 1226875
2500, 1250, 1250, 1, 2526542
2500, 1000, 1500, 1, 1833375
5000, 2500, 2500, 1, 4501375
5000, 3000, 2000, 1, 5656000
8000, 4000, 4000, 1, 5802292
8000, 2000, 6000, 1, 3465167
10000, 4000, 6000, 1, 5836792
10000, 5000, 5000, 1, 8041375
650, 325, 325, 1, 18542
650, 350, 300, 1, 19833
650, 300, 350, 1, 17209
1000, 500, 500, 1, 28166
1000, 700, 300, 1, 1230792
2500, 1250, 1250, 1, 2570292
2500, 1000, 1500, 1, 1831708
5000, 2500, 2500, 1, 4535792
5000, 3000, 2000, 1, 5664166
8000, 4000, 4000, 1, 5803666
8000, 2000, 6000, 1, 3343750
10000, 4000, 6000, 1, 5812084
10000, 5000, 5000, 1, 8037958
650, 325, 325, 1, 19209
650, 350, 300, 1, 19791
650, 300, 350, 1, 17000
1000, 500, 500, 1, 28083
1000, 700, 300, 1, 1249209
2500, 1250, 1250, 1, 2534750
2500, 1000, 1500, 1, 1828584
5000, 2500, 2500, 1, 4510125
5000, 3000, 2000, 1, 5650917
8000, 4000, 4000, 1, 5807166
8000, 2000, 6000, 1, 3350833
10000, 4000, 6000, 1, 5801584
10000, 5000, 5000, 1, 7947833
650, 325, 325, 1, 18500
650, 350, 300, 1, 19875
650, 300, 350, 1, 17000
1000, 500, 500, 1, 27958
1000, 700, 300, 1, 1229917
2500, 1250, 1250, 1, 2537750
2500, 1000, 1500, 1, 1830083
5000, 2500, 2500, 1, 4549459
5000, 3000, 2000, 1, 5664333
8000, 4000, 4000, 1, 5813583
8000, 2000, 6000, 1, 3389750
10000, 4000, 6000, 1, 5807250
10000, 5000, 5000, 1, 7936208
650, 325, 325, 1, 18542
650, 350, 300, 1, 19875
650, 300, 350, 1, 17041
1000, 500, 500, 1, 27917
1000, 700, 300, 1, 1229250
2500, 1250, 1250, 1, 2536875
2500, 1000, 1500, 1, 1826458
5000, 2500, 2500, 1, 4520250
5000, 3000, 2000, 1, 5656500
8000, 4000, 4000, 1, 5803041
8000, 2000, 6000, 1, 3344125
10000, 4000, 6000, 1, 5810166
10000, 5000, 5000, 1, 7946875
650, 325, 325, 1, 18584
650, 350, 300, 1, 19792
650, 300, 350, 1, 17083
1000, 500, 500, 1, 27833
1000, 700, 300, 1, 1230791
2500, 1250, 1250, 1, 2535958
2500, 1000, 1500, 1, 1829834
5000, 2500, 2500, 1, 4521292
5000, 3000, 2000, 1, 5663875
8000, 4000, 4000, 1, 5807834
8000, 2000, 6000, 1, 3351875
10000, 4000, 6000, 1, 5832500
10000, 5000, 5000, 1, 7988667
650, 325, 325, 1, 19250
650, 350, 300, 1, 20291
650, 300, 350, 1, 18583
1000, 500, 500, 1, 28833
1000, 700, 300, 1, 1262417
2500, 1250, 1250, 1, 2642250
2500, 1000, 1500, 1, 1892959
5000, 2500, 2500, 1, 4760208
5000, 3000, 2000, 1, 5897709
8000, 4000, 4000, 1, 6026458
8000, 2000, 6000, 1, 3468667
10000, 4000, 6000, 1, 6143791
10000, 5000, 5000, 1, 7987834
650, 325, 325, 1, 19584
650, 350, 300, 1, 20500
650, 300, 350, 1, 17500
1000, 500, 500, 1, 29000
1000, 700, 300, 1, 1275416
2500, 1250, 1250, 1, 2627375
2500, 1000, 1500, 1, 1886792
5000, 2500, 2500, 1, 4742750
5000, 3000, 2000, 1, 5755417
8000, 4000, 4000, 1, 5835792
8000, 2000, 6000, 1, 3363041
10000, 4000, 6000, 1, 5824000
10000, 5000, 5000, 1, 7950250
650, 325, 325, 1, 18459
650, 350, 300, 1, 19750
650, 300, 350, 1, 17042
1000, 500, 500, 1, 28125
1000, 700, 300, 1, 1236250
2500, 1250, 1250, 1, 2538291
2500, 1000, 1500, 1, 1832792
5000, 2500, 2500, 1, 4696583
5000, 3000, 2000, 1, 5953042
8000, 4000, 4000, 1, 5949250
8000, 2000, 6000, 1, 3354375
10000, 4000, 6000, 1, 5884334
10000, 5000, 5000, 1, 8142625
650, 325, 325, 1, 18542
650, 350, 300, 1, 19833
650, 300, 350, 1, 17042
1000, 500, 500, 1, 28083
1000, 700, 300, 1, 1232791
2500, 1250, 1250, 1, 2542125
2500, 1000, 1500, 1, 1837209
5000, 2500, 2500, 1, 4593292
5000, 3000, 2000, 1, 5898959
8000, 4000, 4000, 1, 6106542
8000, 2000, 6000, 1, 3495166
10000, 4000, 6000, 1, 6119958
10000, 5000, 5000, 1, 8435084
650, 325, 325, 1, 19584
650, 350, 300, 1, 21125
650, 300, 350, 1, 18167
1000, 500, 500, 1, 29792
1000, 700, 300, 1, 1311833
2500, 1250, 1250, 1, 2710500
2500, 1000, 1500, 1, 1934958
5000, 2500, 2500, 1, 4704417
5000, 3000, 2000, 1, 5869666
8000, 4000, 4000, 1, 5905167
8000, 2000, 6000, 1, 3540791
10000, 4000, 6000, 1, 5825417
10000, 5000, 5000, 1, 8410166
650, 325, 325, 1, 19166
650, 350, 300, 1, 20375
650, 300, 350, 1, 17625
1000, 500, 500, 1, 29292
1000, 700, 300, 1, 1319667
2500, 1250, 1250, 1, 2646959
2500, 1000, 1500, 1, 1852917
5000, 2500, 2500, 1, 4664916
5000, 3000, 2000, 1, 6010458
8000, 4000, 4000, 1, 5939541
8000, 2000, 6000, 1, 3399375
10000, 4000, 6000, 1, 6038250
10000, 5000, 5000, 1, 8389125
650, 325, 325, 1, 19125
650, 350, 300, 1, 20375
650, 300, 350, 1, 17500
1000, 500, 500, 1, 29875
1000, 700, 300, 1, 1273625
2500, 1250, 1250, 1, 2609042
2500, 1000, 1500, 1, 1839250
5000, 2500, 2500, 1, 4706625
5000, 3000, 2000, 1, 5799125
8000, 4000, 4000, 1, 6016750
8000, 2000, 6000, 1, 3378000
10000, 4000, 6000, 1, 6075958
10000, 5000, 5000, 1, 8196917
650, 325, 325, 1, 19208
650, 350, 300, 1, 20583
650, 300, 350, 1, 17625
1000, 500, 500, 1, 28875
1000, 700, 300, 1, 1301875
2500, 1250, 1250, 1, 2654083
2500, 1000, 1500, 1, 1917791
5000, 2500, 2500, 1, 4590708
5000, 3000, 2000, 1, 5857916
8000, 4000, 4000, 1, 6116083
8000, 2000, 6000, 1, 3492708
10000, 4000, 6000, 1, 6043792
10000, 5000, 5000, 1, 8085500
650, 325, 325, 1, 18583
650, 350, 300, 1, 19792
650, 300, 350, 1, 17208
1000, 500, 500, 1, 28000
1000, 700, 300, 1, 1242959
2500, 1250, 1250, 1, 2554875
2500, 1000, 1500, 1, 1840250
5000, 2500, 2500, 1, 4561125
5000, 3000, 2000, 1, 5845708
8000, 4000, 4000, 1, 6023666
8000, 2000, 6000, 1, 3400583
10000, 4000, 6000, 1, 5864916
10000, 5000, 5000, 1, 8220875
650, 325, 325, 1, 20208
650, 350, 300, 1, 20417
650, 300, 350, 1, 17542
1000, 500, 500, 1, 29750
1000, 700, 300, 1, 1287875
2500, 1250, 1250, 1, 2609250
2500, 1000, 1500, 1, 1842791
5000, 2500, 2500, 1, 4571125
5000, 3000, 2000, 1, 5771000
8000, 4000, 4000, 1, 5906917
8000, 2000, 6000, 1, 3380042
10000, 4000, 6000, 1, 5865125
10000, 5000, 5000, 1, 8237375
650, 325, 325, 1, 19458
650, 350, 300, 1, 19917
650, 300, 350, 1, 17083
1000, 500, 500, 1, 28000
1000, 700, 300, 1, 1236792
2500, 1250, 1250, 1, 2561000
2500, 1000, 1500, 1, 1846334
5000, 2500, 2500, 1, 4559666
5000, 3000, 2000, 1, 5704833
8000, 4000, 4000, 1, 6025875
8000, 2000, 6000, 1, 3378917
10000, 4000, 6000, 1, 5896833
10000, 5000, 5000, 1, 8398500
650, 325, 325, 1, 20375
650, 350, 300, 1, 19791
650, 300, 350, 1, 17208
1000, 500, 500, 1, 30083
1000, 700, 300, 1, 1291833
2500, 1250, 1250, 1, 2654750
2500, 1000, 1500, 1, 1854250
5000, 2500, 2500, 1, 4560000
5000, 3000, 2000, 1, 5711792
8000, 4000, 4000, 1, 5966708
8000, 2000, 6000, 1, 3377917
10000, 4000, 6000, 1, 5868625
10000, 5000, 5000, 1, 8026208
650, 325, 325, 1, 18417
650, 350, 300, 1, 19875
650, 300, 350, 1, 17000
1000, 500, 500, 1, 27917
1000, 700, 300, 1, 1241542
2500, 1250, 1250, 1, 2559167
2500, 1000, 1500, 1, 1855958
5000, 2500, 2500, 1, 4569625
5000, 3000, 2000, 1, 5722000
8000, 4000, 4000, 1, 5854417
8000, 2000, 6000, 1, 3377250
10000, 4000, 6000, 1, 5878833
10000, 5000, 5000, 1, 8013250
650, 325, 325, 1, 18416
650, 350, 300, 1, 20583
650, 300, 350, 1, 17125
1000, 500, 500, 1, 28125
1000, 700, 300, 1, 1237167
2500, 1250, 1250, 1, 2564292
2500, 1000, 1500, 1, 1850042
5000, 2500, 2500, 1, 4560000
5000, 3000, 2000, 1, 5712500
8000, 4000, 4000, 1, 5859750
8000, 2000, 6000, 1, 3382459
10000, 4000, 6000, 1, 5859417
10000, 5000, 5000, 1, 8009125
650, 325, 325, 1, 18542
650, 350, 300, 1, 19875
650, 300, 350, 1, 17125
1000, 500, 500, 1, 27917
1000, 700, 300, 1, 1244541
2500, 1250, 1250, 1, 2603250
2500, 1000, 1500, 1, 1902875
5000, 2500, 2500, 1, 4701208
5000, 3000, 2000, 1, 5887917
8000, 4000, 4000, 1, 6128209
8000, 2000, 6000, 1, 3596375
10000, 4000, 6000, 1, 6058542
10000, 5000, 5000, 1, 8182708
650, 325, 325, 1, 19041
650, 350, 300, 1, 21209
650, 300, 350, 1, 18125
1000, 500, 500, 1, 29667
1000, 700, 300, 1, 1256375
2500, 1250, 1250, 1, 2646208
2500, 1000, 1500, 1, 1851500
5000, 2500, 2500, 1, 4653375
5000, 3000, 2000, 1, 5918166
8000, 4000, 4000, 1, 6035583
8000, 2000, 6000, 1, 3455250
10000, 4000, 6000, 1, 6068625
10000, 5000, 5000, 1, 8272542
650, 325, 325, 1, 18833
650, 350, 300, 1, 19959
650, 300, 350, 1, 17041
1000, 500, 500, 1, 28167
1000, 700, 300, 1, 1288292
2500, 1250, 1250, 1, 2656334
2500, 1000, 1500, 1, 1916417
5000, 2500, 2500, 1, 4701958
5000, 3000, 2000, 1, 5817667
8000, 4000, 4000, 1, 6074333
8000, 2000, 6000, 1, 3424459
10000, 4000, 6000, 1, 6009583
10000, 5000, 5000, 1, 8053709
650, 325, 325, 1, 18541
650, 350, 300, 1, 19875
650, 300, 350, 1, 17125
1000, 500, 500, 1, 30125
1000, 700, 300, 1, 1250208
2500, 1250, 1250, 1, 2607333
2500, 1000, 1500, 1, 1897458
5000, 2500, 2500, 1, 4596291
5000, 3000, 2000, 1, 5732833
8000, 4000, 4000, 1, 5880583
8000, 2000, 6000, 1, 3391083
10000, 4000, 6000, 1, 5869416
10000, 5000, 5000, 1, 8036250
650, 325, 325, 1, 18416
650, 350, 300, 1, 19833
650, 300, 350, 1, 17042
1000, 500, 500, 1, 28209
1000, 700, 300, 1, 1244166
2500, 1250, 1250, 1, 2568333
2500, 1000, 1500, 1, 1850375
5000, 2500, 2500, 1, 4574625
5000, 3000, 2000, 1, 5729791
8000, 4000, 4000, 1, 5888042
8000, 2000, 6000, 1, 3392541
10000, 4000, 6000, 1, 5897292
10000, 5000, 5000, 1, 8056000
650, 325, 325, 1, 18833
650, 350, 300, 1, 19834
650, 300, 350, 1, 17000
1000, 500, 500, 1, 27875
1000, 700, 300, 1, 1241917
2500, 1250, 1250, 1, 2577958
2500, 1000, 1500, 1, 1853625
5000, 2500, 2500, 1, 4573334
5000, 3000, 2000, 1, 5757875
8000, 4000, 4000, 1, 5925542
8000, 2000, 6000, 1, 3399500
10000, 4000, 6000, 1, 5941958
10000, 5000, 5000, 1, 8092958
650, 325, 325, 1, 18583
650, 350, 300, 1, 19792
650, 300, 350, 1, 16875
1000, 500, 500, 1, 28000
1000, 700, 300, 1, 1248917
2500, 1250, 1250, 1, 2570833
2500, 1000, 1500, 1, 1857625
5000, 2500, 2500, 1, 4608750
5000, 3000, 2000, 1, 5955500
8000, 4000, 4000, 1, 6063584
8000, 2000, 6000, 1, 3410917
10000, 4000, 6000, 1, 5998917
10000, 5000, 5000, 1, 8194500
650, 325, 325, 1, 19500
650, 350, 300, 1, 20583
650, 300, 350, 1, 17667
1000, 500, 500, 1, 29000
1000, 700, 300, 1, 1292458
2500, 1250, 1250, 1, 2678791
2500, 1000, 1500, 1, 1913583
5000, 2500, 2500, 1, 4718125
5000, 3000, 2000, 1, 5920291
8000, 4000, 4000, 1, 6279125
8000, 2000, 6000, 1, 3485708
10000, 4000, 6000, 1, 6119000
10000, 5000, 5000, 1, 8295833
650, 325, 325, 1, 19708
650, 350, 300, 1, 20375
650, 300, 350, 1, 17667
1000, 500, 500, 1, 29291
1000, 700, 300, 1, 1290084
2500, 1250, 1250, 1, 2636208
2500, 1000, 1500, 1, 1939167
5000, 2500, 2500, 1, 4793375
5000, 3000, 2000, 1, 5970708
8000, 4000, 4000, 1, 6139166
8000, 2000, 6000, 1, 3530250
10000, 4000, 6000, 1, 6118917
10000, 5000, 5000, 1, 8349708
650, 325, 325, 1, 18583
650, 350, 300, 1, 19792
650, 300, 350, 1, 17125
1000, 500, 500, 1, 27958
1000, 700, 300, 1, 1250791
2500, 1250, 1250, 1, 2597750
2500, 1000, 1500, 1, 1866167
5000, 2500, 2500, 1, 4635792
5000, 3000, 2000, 1, 5809500
8000, 4000, 4000, 1, 5910833
8000, 2000, 6000, 1, 3404000
10000, 4000, 6000, 1, 5979959
10000, 5000, 5000, 1, 8109916
650, 325, 325, 1, 22583
650, 350, 300, 1, 22291
650, 300, 350, 1, 20125
1000, 500, 500, 1, 30541
1000, 700, 300, 1, 1250084
2500, 1250, 1250, 1, 2589958
2500, 1000, 1500, 1, 1866125
5000, 2500, 2500, 1, 4595250
5000, 3000, 2000, 1, 5759709
8000, 4000, 4000, 1, 5945709
8000, 2000, 6000, 1, 3401750
10000, 4000, 6000, 1, 5933417
10000, 5000, 5000, 1, 8267083
650, 325, 325, 1, 19125
650, 350, 300, 1, 20583
650, 300, 350, 1, 17667
1000, 500, 500, 1, 28791
1000, 700, 300, 1, 1286208
2500, 1250, 1250, 1, 2662083
2500, 1000, 1500, 1, 1917833
5000, 2500, 2500, 1, 4858833
5000, 3000, 2000, 1, 6073541
8000, 4000, 4000, 1, 6025125
8000, 2000, 6000, 1, 3463542
10000, 4000, 6000, 1, 6115083
10000, 5000, 5000, 1, 8354750
650, 325, 325, 1, 19250
650, 350, 300, 1, 19875
650, 300, 350, 1, 17083
1000, 500, 500, 1, 28208
1000, 700, 300, 1, 1288417
2500, 1250, 1250, 1, 2644250
2500, 1000, 1500, 1, 1904250
5000, 2500, 2500, 1, 4695125
5000, 3000, 2000, 1, 5887833
8000, 4000, 4000, 1, 6097375
8000, 2000, 6000, 1, 3511125
10000, 4000, 6000, 1, 6194875
10000, 5000, 5000, 1, 8309000
650, 325, 325, 1, 19292
650, 350, 300, 1, 19917
650, 300, 350, 1, 17625
1000, 500, 500, 1, 28833
1000, 700, 300, 1, 1310250
2500, 1250, 1250, 1, 2651459
2500, 1000, 1500, 1, 1898500
5000, 2500, 2500, 1, 4754416
5000, 3000, 2000, 1, 5827709
8000, 4000, 4000, 1, 5998833
8000, 2000, 6000, 1, 3476625
10000, 4000, 6000, 1, 5927125
10000, 5000, 5000, 1, 8161959
650, 325, 325, 1, 18458
650, 350, 300, 1, 19875
650, 300, 350, 1, 17167
1000, 500, 500, 1, 27916
1000, 700, 300, 1, 1254209
2500, 1250, 1250, 1, 2586208
2500, 1000, 1500, 1, 1864792
5000, 2500, 2500, 1, 4613667
5000, 3000, 2000, 1, 5782541
8000, 4000, 4000, 1, 5916584
8000, 2000, 6000, 1, 3414250
10000, 4000, 6000, 1, 5915250
10000, 5000, 5000, 1, 8087333
650, 325, 325, 1, 18500
650, 350, 300, 1, 19875
650, 300, 350, 1, 17125
1000, 500, 500, 1, 28041
1000, 700, 300, 1, 1260375
2500, 1250, 1250, 1, 2585125
2500, 1000, 1500, 1, 1868583
5000, 2500, 2500, 1, 4606041
5000, 3000, 2000, 1, 5768542
8000, 4000, 4000, 1, 5921375
8000, 2000, 6000, 1, 3414459
10000, 4000, 6000, 1, 6128667
10000, 5000, 5000, 1, 8156250
650, 325, 325, 1, 18875
650, 350, 300, 1, 19875
650, 300, 350, 1, 17125
1000, 500, 500, 1, 28167
1000, 700, 300, 1, 1261333
2500, 1250, 1250, 1, 2588834
2500, 1000, 1500, 1, 1866542
5000, 2500, 2500, 1, 4625917
5000, 3000, 2000, 1, 5783167
8000, 4000, 4000, 1, 5932792
8000, 2000, 6000, 1, 3419584
10000, 4000, 6000, 1, 5988167
10000, 5000, 5000, 1, 8139125
650, 325, 325, 1, 19875
650, 350, 300, 1, 19917
650, 300, 350, 1, 17083
1000, 500, 500, 1, 28167
1000, 700, 300, 1, 1251834
2500, 1250, 1250, 1, 2602666
2500, 1000, 1500, 1, 1929417
5000, 2500, 2500, 1, 4623375
5000, 3000, 2000, 1, 5791375
8000, 4000, 4000, 1, 5970542
8000, 2000, 6000, 1, 3425958
10000, 4000, 6000, 1, 5933000
10000, 5000, 5000, 1, 8128666
650, 325, 325, 1, 18541
650, 350, 300, 1, 19750
650, 300, 350, 1, 17042
1000, 500, 500, 1, 28041
1000, 700, 300, 1, 1269500
2500, 1250, 1250, 1, 2596542
2500, 1000, 1500, 1, 1869750
5000, 2500, 2500, 1, 4618000
5000, 3000, 2000, 1, 5840250
8000, 4000, 4000, 1, 5935750
8000, 2000, 6000, 1, 3424000
10000, 4000, 6000, 1, 5933083
10000, 5000, 5000, 1, 8116917
650, 325, 325, 1, 18542
650, 350, 300, 1, 19750
650, 300, 350, 1, 17084
1000, 500, 500, 1, 32417
1000, 700, 300, 1, 1261000
2500, 1250, 1250, 1, 2592458
2500, 1000, 1500, 1, 1870667
5000, 2500, 2500, 1, 4641959
5000, 3000, 2000, 1, 5786042
8000, 4000, 4000, 1, 5935542
8000, 2000, 6000, 1, 3425208
10000, 4000, 6000, 1, 5935375
10000, 5000, 5000, 1, 8118917
650, 325, 325, 1, 18625
650, 350, 300, 1, 19750
650, 300, 350, 1, 17000
1000, 500, 500, 1, 27958
1000, 700, 300, 1, 1260292
2500, 1250, 1250, 1, 2593584
2500, 1000, 1500, 1, 1872250
5000, 2500, 2500, 1, 4632042
5000, 3000, 2000, 1, 5789875
8000, 4000, 4000, 1, 5938792
8000, 2000, 6000, 1, 3437208
10000, 4000, 6000, 1, 5955500
10000, 5000, 5000, 1, 8112084
650, 325, 325, 1, 18583
650, 350, 300, 1, 19875
650, 300, 350, 1, 17084
1000, 500, 500, 1, 28042
1000, 700, 300, 1, 1257500
2500, 1250, 1250, 1, 2596583
2500, 1000, 1500, 1, 1870542
5000, 2500, 2500, 1, 4618083
5000, 3000, 2000, 1, 5787333
8000, 4000, 4000, 1, 5944542
8000, 2000, 6000, 1, 3430667
10000, 4000, 6000, 1, 5940250
10000, 5000, 5000, 1, 8259125
650, 325, 325, 1, 19000
650, 350, 300, 1, 20542
650, 300, 350, 1, 17542
1000, 500, 500, 1, 28959
1000, 700, 300, 1, 1298709
2500, 1250, 1250, 1, 2682417
2500, 1000, 1500, 1, 1890625
5000, 2500, 2500, 1, 4631792
5000, 3000, 2000, 1, 5882042
8000, 4000, 4000, 1, 5958208
8000, 2000, 6000, 1, 3436375
10000, 4000, 6000, 1, 6027208
10000, 5000, 5000, 1, 8252333
650, 325, 325, 1, 18500
650, 350, 300, 1, 19833
650, 300, 350, 1, 17125
1000, 500, 500, 1, 28209
1000, 700, 300, 1, 1257583
2500, 1250, 1250, 1, 2615166
2500, 1000, 1500, 1, 1875208
5000, 2500, 2500, 1, 4634542
5000, 3000, 2000, 1, 5828500
8000, 4000, 4000, 1, 5946750
8000, 2000, 6000, 1, 3432958
10000, 4000, 6000, 1, 5944833
10000, 5000, 5000, 1, 8122042
650, 325, 325, 1, 18458
650, 350, 300, 1, 19833
650, 300, 350, 1, 17500
1000, 500, 500, 1, 27959
1000, 700, 300, 1, 1258458
2500, 1250, 1250, 1, 2611333
2500, 1000, 1500, 1, 1877084
5000, 2500, 2500, 1, 4627042
5000, 3000, 2000, 1, 5798958
8000, 4000, 4000, 1, 5944916
8000, 2000, 6000, 1, 3434083
10000, 4000, 6000, 1, 5959417
10000, 5000, 5000, 1, 8123833
650, 325, 325, 1, 18500
650, 350, 300, 1, 24417
650, 300, 350, 1, 17167
1000, 500, 500, 1, 28125
1000, 700, 300, 1, 1261625
2500, 1250, 1250, 1, 2599083
2500, 1000, 1500, 1, 1876500
5000, 2500, 2500, 1, 4630375
5000, 3000, 2000, 1, 5801250
8000, 4000, 4000, 1, 5949583
8000, 2000, 6000, 1, 3434000
10000, 4000, 6000, 1, 5972375
10000, 5000, 5000, 1, 8143042
650, 325, 325, 1, 18500
650, 350, 300, 1, 19792
650, 300, 350, 1, 17042
1000, 500, 500, 1, 27958
1000, 700, 300, 1, 1263833
2500, 1250, 1250, 1, 2603792
2500, 1000, 1500, 1, 1881334
5000, 2500, 2500, 1, 4648541
5000, 3000, 2000, 1, 5875375
8000, 4000, 4000, 1, 5961959
8000, 2000, 6000, 1, 3441541
10000, 4000, 6000, 1, 5967000
10000, 5000, 5000, 1, 8153875
650, 325, 325, 1, 18459
650, 350, 300, 1, 19791
650, 300, 350, 1, 17125
1000, 500, 500, 1, 28083
1000, 700, 300, 1, 1265416
2500, 1250, 1250, 1, 2608667
2500, 1000, 1500, 1, 1880250
5000, 2500, 2500, 1, 4645583
5000, 3000, 2000, 1, 5815917
8000, 4000, 4000, 1, 5964250
8000, 2000, 6000, 1, 3438417
10000, 4000, 6000, 1, 5963708
10000, 5000, 5000, 1, 8162209
650, 325, 325, 1, 18375
650, 350, 300, 1, 19792
650, 300, 350, 1, 17000
1000, 500, 500, 1, 27916
1000, 700, 300, 1, 1265750
2500, 1250, 1250, 1, 2610417
2500, 1000, 1500, 1, 1881375
5000, 2500, 2500, 1, 4663125
5000, 3000, 2000, 1, 5842917
8000, 4000, 4000, 1, 5974667
8000, 2000, 6000, 1, 3467125
10000, 4000, 6000, 1, 6013125
10000, 5000, 5000, 1, 8156083
650, 325, 325, 1, 18459
650, 350, 300, 1, 19833
650, 300, 350, 1, 17084
1000, 500, 500, 1, 27833
1000, 700, 300, 1, 1264334
2500, 1250, 1250, 1, 2607084
2500, 1000, 1500, 1, 1884000
5000, 2500, 2500, 1, 4640542
5000, 3000, 2000, 1, 5821125
8000, 4000, 4000, 1, 6019125
8000, 2000, 6000, 1, 3444417
10000, 4000, 6000, 1, 5993916
10000, 5000, 5000, 1, 8186208
650, 325, 325, 1, 18541
650, 350, 300, 1, 19791
650, 300, 350, 1, 17208
1000, 500, 500, 1, 27958
1000, 700, 300, 1, 1264625
2500, 1250, 1250, 1, 2612791
2500, 1000, 1500, 1, 1894500
5000, 2500, 2500, 1, 4642375
5000, 3000, 2000, 1, 5823291
8000, 4000, 4000, 1, 5964875
8000, 2000, 6000, 1, 3448000
10000, 4000, 6000, 1, 5984292
10000, 5000, 5000, 1, 8210500
650, 325, 325, 1, 19250
650, 350, 300, 1, 19792
650, 300, 350, 1, 17125
1000, 500, 500, 1, 27917
1000, 700, 300, 1, 1266084
2500, 1250, 1250, 1, 2612625
2500, 1000, 1500, 1, 1887666
5000, 2500, 2500, 1, 4649000
5000, 3000, 2000, 1, 5825125
8000, 4000, 4000, 1, 5976083
8000, 2000, 6000, 1, 3446833
10000, 4000, 6000, 1, 5971542
10000, 5000, 5000, 1, 8180459
650, 325, 325, 1, 18459
650, 350, 300, 1, 20083
650, 300, 350, 1, 17583
1000, 500, 500, 1, 27916
1000, 700, 300, 1, 1266333
2500, 1250, 1250, 1, 2615041
2500, 1000, 1500, 1, 1883375
5000, 2500, 2500, 1, 4652834
5000, 3000, 2000, 1, 5835583
8000, 4000, 4000, 1, 5991500
8000, 2000, 6000, 1, 3465708
10000, 4000, 6000, 1, 5975500
10000, 5000, 5000, 1, 8183333
650, 325, 325, 1, 18458
650, 350, 300, 1, 19792
650, 300, 350, 1, 17083
1000, 500, 500, 1, 28041
1000, 700, 300, 1, 1267041
2500, 1250, 1250, 1, 2616167
2500, 1000, 1500, 1, 1885542
5000, 2500, 2500, 1, 4660208
5000, 3000, 2000, 1, 5899959
8000, 4000, 4000, 1, 5980083
8000, 2000, 6000, 1, 3455916
10000, 4000, 6000, 1, 5993834
10000, 5000, 5000, 1, 8188792
650, 325, 325, 1, 18417
650, 350, 300, 1, 19750
650, 300, 350, 1, 17166
1000, 500, 500, 1, 28125
1000, 700, 300, 1, 1270792
2500, 1250, 1250, 1, 2620041
2500, 1000, 1500, 1, 1897875
5000, 2500, 2500, 1, 4654333
5000, 3000, 2000, 1, 5837125
8000, 4000, 4000, 1, 6000625
8000, 2000, 6000, 1, 3459208
10000, 4000, 6000, 1, 5983208
10000, 5000, 5000, 1, 8278292
650, 325, 325, 1, 18417
650, 350, 300, 1, 19750
650, 300, 350, 1, 17000
1000, 500, 500, 1, 27959
1000, 700, 300, 1, 1280500
2500, 1250, 1250, 1, 2619417
2500, 1000, 1500, 1, 1887334
5000, 2500, 2500, 1, 4673208
5000, 3000, 2000, 1, 5839459
8000, 4000, 4000, 1, 5989833
8000, 2000, 6000, 1, 3456333
10000, 4000, 6000, 1, 6006667
10000, 5000, 5000, 1, 8191750
650, 325, 325, 1, 18458
650, 350, 300, 1, 19709
650, 300, 350, 1, 17083
1000, 500, 500, 1, 27958
1000, 700, 300, 1, 1277917
2500, 1250, 1250, 1, 2623041
2500, 1000, 1500, 1, 1889792
5000, 2500, 2500, 1, 4670416
5000, 3000, 2000, 1, 5851833
8000, 4000, 4000, 1, 5998833
8000, 2000, 6000, 1, 3462584
10000, 4000, 6000, 1, 5996958
10000, 5000, 5000, 1, 8198625
650, 325, 325, 1, 18375
650, 350, 300, 1, 19792
650, 300, 350, 1, 17208
1000, 500, 500, 1, 28000
1000, 700, 300, 1, 1275542
2500, 1250, 1250, 1, 2623083
2500, 1000, 1500, 1, 1888542
5000, 2500, 2500, 1, 4674708
5000, 3000, 2000, 1, 5892166
8000, 4000, 4000, 1, 6003084
8000, 2000, 6000, 1, 3464458
10000, 4000, 6000, 1, 6015792
10000, 5000, 5000, 1, 8211083
650, 325, 325, 1, 18416
650, 350, 300, 1, 19875
650, 300, 350, 1, 17042
1000, 500, 500, 1, 28000
1000, 700, 300, 1, 1273875
2500, 1250, 1250, 1, 2626250
2500, 1000, 1500, 1, 1892000
5000, 2500, 2500, 1, 4678292
5000, 3000, 2000, 1, 5880459
8000, 4000, 4000, 1, 6003583
8000, 2000, 6000, 1, 3480792
10000, 4000, 6000, 1, 6004292
10000, 5000, 5000, 1, 8246333
650, 325, 325, 1, 18375
650, 350, 300, 1, 19750
650, 300, 350, 1, 17166
1000, 500, 500, 1, 27834
1000, 700, 300, 1, 1272000
2500, 1250, 1250, 1, 2630584
2500, 1000, 1500, 1, 1894709
5000, 2500, 2500, 1, 4674041
5000, 3000, 2000, 1, 5864750
8000, 4000, 4000, 1, 6012875
8000, 2000, 6000, 1, 3468875
10000, 4000, 6000, 1, 6010167
10000, 5000, 5000, 1, 8210209
650, 325, 325, 1, 18583
650, 350, 300, 1, 20000
650, 300, 350, 1, 17167
1000, 500, 500, 1, 28917
1000, 700, 300, 1, 1272583
2500, 1250, 1250, 1, 2632458
2500, 1000, 1500, 1, 1895583
5000, 2500, 2500, 1, 4680792
5000, 3000, 2000, 1, 5866750
8000, 4000, 4000, 1, 6047583
8000, 2000, 6000, 1, 3471459
10000, 4000, 6000, 1, 6014375
10000, 5000, 5000, 1, 8239000
650, 325, 325, 1, 18417
650, 350, 300, 1, 19709
650, 300, 350, 1, 17292
1000, 500, 500, 1, 27917
1000, 700, 300, 1, 1270625
2500, 1250, 1250, 1, 2638334
2500, 1000, 1500, 1, 1896792
5000, 2500, 2500, 1, 4679833
5000, 3000, 2000, 1, 5871250
8000, 4000, 4000, 1, 6014125
8000, 2000, 6000, 1, 3486833
10000, 4000, 6000, 1, 6040333
10000, 5000, 5000, 1, 8278625
650, 325, 325, 1, 18583
650, 350, 300, 1, 20542
650, 300, 350, 1, 17125
1000, 500, 500, 1, 28084
1000, 700, 300, 1, 1271416
2500, 1250, 1250, 1, 2631708
2500, 1000, 1500, 1, 1909834
5000, 2500, 2500, 1, 4688209
5000, 3000, 2000, 1, 5865542
8000, 4000, 4000, 1, 6012291
8000, 2000, 6000, 1, 3470666
10000, 4000, 6000, 1, 6028625
10000, 5000, 5000, 1, 8222042
650, 325, 325, 1, 18416
650, 350, 300, 1, 19834
650, 300, 350, 1, 17167
1000, 500, 500, 1, 27875
1000, 700, 300, 1, 1275084
2500, 1250, 1250, 1, 2631541
2500, 1000, 1500, 1, 1897417
5000, 2500, 2500, 1, 4684875
5000, 3000, 2000, 1, 5902875
8000, 4000, 4000, 1, 6028125
8000, 2000, 6000, 1, 3474708
10000, 4000, 6000, 1, 6016084
10000, 5000, 5000, 1, 8228000
650, 325, 325, 1, 18416
650, 350, 300, 1, 19917
650, 300, 350, 1, 17209
1000, 500, 500, 1, 27875
1000, 700, 300, 1, 1274750
2500, 1250, 1250, 1, 2635500
2500, 1000, 1500, 1, 1897666
5000, 2500, 2500, 1, 4686292
5000, 3000, 2000, 1, 5877000
8000, 4000, 4000, 1, 6020875
8000, 2000, 6000, 1, 3472542
10000, 4000, 6000, 1, 6019250
10000, 5000, 5000, 1, 8235458
650, 325, 325, 1, 18375
650, 350, 300, 1, 19709
650, 300, 350, 1, 17167
1000, 500, 500, 1, 28041
1000, 700, 300, 1, 1280250
2500, 1250, 1250, 1, 2635208
2500, 1000, 1500, 1, 1913583
5000, 2500, 2500, 1, 4723083
5000, 3000, 2000, 1, 5877291
8000, 4000, 4000, 1, 6028666
8000, 2000, 6000, 1, 3474833
10000, 4000, 6000, 1, 6031458
10000, 5000, 5000, 1, 8263875
650, 325, 325, 1, 18584
650, 350, 300, 1, 20042
650, 300, 350, 1, 16958
1000, 500, 500, 1, 27958
1000, 700, 300, 1, 1287833
2500, 1250, 1250, 1, 2639417
2500, 1000, 1500, 1, 1899958
5000, 2500, 2500, 1, 4691042
5000, 3000, 2000, 1, 5882750
8000, 4000, 4000, 1, 6031208
8000, 2000, 6000, 1, 3477500
10000, 4000, 6000, 1, 6055292
10000, 5000, 5000, 1, 8242500
650, 325, 325, 1, 18541
650, 350, 300, 1, 19750
650, 300, 350, 1, 17083
1000, 500, 500, 1, 28125
1000, 700, 300, 1, 1279458
2500, 1250, 1250, 1, 2638750
2500, 1000, 1500, 1, 1904958
5000, 2500, 2500, 1, 4700291
5000, 3000, 2000, 1, 5884375
8000, 4000, 4000, 1, 6028125
8000, 2000, 6000, 1, 3484917
10000, 4000, 6000, 1, 6045500
10000, 5000, 5000, 1, 8249500
650, 325, 325, 1, 18584
650, 350, 300, 1, 19875
650, 300, 350, 1, 17166
1000, 500, 500, 1, 28000
1000, 700, 300, 1, 1278875
2500, 1250, 1250, 1, 2641083
2500, 1000, 1500, 1, 1902500
5000, 2500, 2500, 1, 4728583
5000, 3000, 2000, 1, 5911500
8000, 4000, 4000, 1, 6032959
8000, 2000, 6000, 1, 3488125
10000, 4000, 6000, 1, 6035167
10000, 5000, 5000, 1, 8250417
650, 325, 325, 1, 18416
650, 350, 300, 1, 19833
650, 300, 350, 1, 17167
1000, 500, 500, 1, 28125
1000, 700, 300, 1, 1280292
2500, 1250, 1250, 1, 2644875
2500, 1000, 1500, 1, 1902583
5000, 2500, 2500, 1, 4704667
5000, 3000, 2000, 1, 5898292
8000, 4000, 4000, 1, 6035625
8000, 2000, 6000, 1, 3490666
10000, 4000, 6000, 1, 6041958
10000, 5000, 5000, 1, 8255750
650, 325, 325, 1, 18417
650, 350, 300, 1, 19875
650, 300, 350, 1, 17625
1000, 500, 500, 1, 28083
1000, 700, 300, 1, 1278250
2500, 1250, 1250, 1, 2648541
2500, 1000, 1500, 1, 1905458
5000, 2500, 2500, 1, 4702000
5000, 3000, 2000, 1, 5899292
8000, 4000, 4000, 1, 6043958
8000, 2000, 6000, 1, 3488416
10000, 4000, 6000, 1, 6041875
10000, 5000, 5000, 1, 8270875
650, 325, 325, 1, 18958
650, 350, 300, 1, 19667
650, 300, 350, 1, 17041
1000, 500, 500, 1, 27916
1000, 700, 300, 1, 1278916
2500, 1250, 1250, 1, 2648584
2500, 1000, 1500, 1, 1906209
5000, 2500, 2500, 1, 4704500
5000, 3000, 2000, 1, 5906375
8000, 4000, 4000, 1, 6045833
8000, 2000, 6000, 1, 3494667
10000, 4000, 6000, 1, 6046917
10000, 5000, 5000, 1, 8267667
650, 325, 325, 1, 18417
650, 350, 300, 1, 19833
650, 300, 350, 1, 17000
1000, 500, 500, 1, 28083
1000, 700, 300, 1, 1282833
2500, 1250, 1250, 1, 2644125
2500, 1000, 1500, 1, 1907834
5000, 2500, 2500, 1, 4710083
5000, 3000, 2000, 1, 5904333
8000, 4000, 4000, 1, 6063625
8000, 2000, 6000, 1, 3506583
10000, 4000, 6000, 1, 6052041
10000, 5000, 5000, 1, 8299291
650, 325, 325, 1, 18709
650, 350, 300, 1, 19875
650, 300, 350, 1, 17083
1000, 500, 500, 1, 28125
1000, 700, 300, 1, 1284375
2500, 1250, 1250, 1, 2649542
2500, 1000, 1500, 1, 1909167
5000, 2500, 2500, 1, 4713792
5000, 3000, 2000, 1, 5936583
8000, 4000, 4000, 1, 6050542
8000, 2000, 6000, 1, 3512917
10000, 4000, 6000, 1, 6084958
10000, 5000, 5000, 1, 8289625
650, 325, 325, 1, 18500
650, 350, 300, 1, 19791
650, 300, 350, 1, 17042
1000, 500, 500, 1, 27959
1000, 700, 300, 1, 1287167
2500, 1250, 1250, 1, 2650666
2500, 1000, 1500, 1, 1916792
5000, 2500, 2500, 1, 4743125
5000, 3000, 2000, 1, 5923458
8000, 4000, 4000, 1, 6091375
8000, 2000, 6000, 1, 3509459
10000, 4000, 6000, 1, 6067041
10000, 5000, 5000, 1, 8298375
650, 325, 325, 1, 18500
650, 350, 300, 1, 20000
650, 300, 350, 1, 17042
1000, 500, 500, 1, 27959
1000, 700, 300, 1, 1285875
2500, 1250, 1250, 1, 2658084
2500, 1000, 1500, 1, 1914084
5000, 2500, 2500, 1, 4726000
5000, 3000, 2000, 1, 5918917
8000, 4000, 4000, 1, 6075625
8000, 2000, 6000, 1, 3503292
10000, 4000, 6000, 1, 6069958
10000, 5000, 5000, 1, 8317083
650, 325, 325, 1, 19000
650, 350, 300, 1, 19834
650, 300, 350, 1, 17208
1000, 500, 500, 1, 27917
1000, 700, 300, 1, 1301333
2500, 1250, 1250, 1, 2658875
2500, 1000, 1500, 1, 1912000
5000, 2500, 2500, 1, 4721500
5000, 3000, 2000, 1, 5917667
8000, 4000, 4000, 1, 6070083
8000, 2000, 6000, 1, 3509458
10000, 4000, 6000, 1, 6062709
10000, 5000, 5000, 1, 8291375
650, 325, 325, 1, 18417
650, 350, 300, 1, 19833
650, 300, 350, 1, 17041
1000, 500, 500, 1, 27959
1000, 700, 300, 1, 1288250
2500, 1250, 1250, 1, 2652875
2500, 1000, 1500, 1, 1913958
5000, 2500, 2500, 1, 4724416
5000, 3000, 2000, 1, 5921125
8000, 4000, 4000, 1, 6096458
8000, 2000, 6000, 1, 3516333
10000, 4000, 6000, 1, 6081083
10000, 5000, 5000, 1, 8295417
650, 325, 325, 1, 18417
650, 350, 300, 1, 19833
650, 300, 350, 1, 17083
1000, 500, 500, 1, 28167
1000, 700, 300, 1, 1289916
2500, 1250, 1250, 1, 2658667
2500, 1000, 1500, 1, 1914333
5000, 2500, 2500, 1, 4744917
5000, 3000, 2000, 1, 5923125
8000, 4000, 4000, 1, 6075292
8000, 2000, 6000, 1, 3508875
10000, 4000, 6000, 1, 6069625
10000, 5000, 5000, 1, 8304208
650, 325, 325, 1, 18500
650, 350, 300, 1, 19750
650, 300, 350, 1, 17000
1000, 500, 500, 1, 28041
1000, 700, 300, 1, 1288166
2500, 1250, 1250, 1, 2657916
2500, 1000, 1500, 1, 1917625
5000, 2500, 2500, 1, 4741333
5000, 3000, 2000, 1, 5931958
8000, 4000, 4000, 1, 6077625
8000, 2000, 6000, 1, 3510792
10000, 4000, 6000, 1, 6077875
10000, 5000, 5000, 1, 8309000
650, 325, 325, 1, 18375
650, 350, 300, 1, 19792
650, 300, 350, 1, 17209
1000, 500, 500, 1, 27917
1000, 700, 300, 1, 1288625
2500, 1250, 1250, 1, 2665417
2500, 1000, 1500, 1, 1917333
5000, 2500, 2500, 1, 4733583
5000, 3000, 2000, 1, 5946583
8000, 4000, 4000, 1, 6081791
8000, 2000, 6000, 1, 3513375
10000, 4000, 6000, 1, 6115208
10000, 5000, 5000, 1, 8315667
650, 325, 325, 1, 18584
650, 350, 300, 1, 19750
650, 300, 350, 1, 17083
1000, 500, 500, 1, 28125
1000, 700, 300, 1, 1292208
2500, 1250, 1250, 1, 2669292
2500, 1000, 1500, 1, 1919958
5000, 2500, 2500, 1, 4737750
5000, 3000, 2000, 1, 5937791
8000, 4000, 4000, 1, 6082375
8000, 2000, 6000, 1, 3516333
10000, 4000, 6000, 1, 6105750
10000, 5000, 5000, 1, 8324583
650, 325, 325, 1, 18458
650, 350, 300, 1, 19834
650, 300, 350, 1, 17125
1000, 500, 500, 1, 28375
1000, 700, 300, 1, 1291208
2500, 1250, 1250, 1, 2665166
2500, 1000, 1500, 1, 1923250
5000, 2500, 2500, 1, 4742542
5000, 3000, 2000, 1, 5953416
8000, 4000, 4000, 1, 6087208
8000, 2000, 6000, 1, 3515166
10000, 4000, 6000, 1, 6088709
10000, 5000, 5000, 1, 8320041
650, 325, 325, 1, 18666
650, 350, 300, 1, 19833
650, 300, 350, 1, 17292
1000, 500, 500, 1, 28875
1000, 700, 300, 1, 1293208
2500, 1250, 1250, 1, 2666041
2500, 1000, 1500, 1, 1920667
5000, 2500, 2500, 1, 4770917
5000, 3000, 2000, 1, 5946417
8000, 4000, 4000, 1, 6092500
8000, 2000, 6000, 1, 3521000
10000, 4000, 6000, 1, 6112000
10000, 5000, 5000, 1, 8332250
650, 325, 325, 1, 18459
650, 350, 300, 1, 19875
650, 300, 350, 1, 17125
1000, 500, 500, 1, 27958
1000, 700, 300, 1, 1291875
2500, 1250, 1250, 1, 2665041
2500, 1000, 1500, 1, 1927333
5000, 2500, 2500, 1, 4743000
5000, 3000, 2000, 1, 5950541
8000, 4000, 4000, 1, 6092834
8000, 2000, 6000, 1, 3516458
10000, 4000, 6000, 1, 6094375
10000, 5000, 5000, 1, 8332542
650, 325, 325, 1, 18333
650, 350, 300, 1, 19917
650, 300, 350, 1, 17209
1000, 500, 500, 1, 27958
1000, 700, 300, 1, 1292916
2500, 1250, 1250, 1, 2669625
2500, 1000, 1500, 1, 1923583
5000, 2500, 2500, 1, 4748084
5000, 3000, 2000, 1, 5970833
8000, 4000, 4000, 1, 6128625
8000, 2000, 6000, 1, 3521459
10000, 4000, 6000, 1, 6126750
10000, 5000, 5000, 1, 8373250
650, 325, 325, 1, 18375
650, 350, 300, 1, 19833
650, 300, 350, 1, 17041
1000, 500, 500, 1, 28292
1000, 700, 300, 1, 1296250
2500, 1250, 1250, 1, 2671833
2500, 1000, 1500, 1, 1925667
5000, 2500, 2500, 1, 4754833
5000, 3000, 2000, 1, 5952750
8000, 4000, 4000, 1, 6104084
8000, 2000, 6000, 1, 3529917
10000, 4000, 6000, 1, 6101375
10000, 5000, 5000, 1, 8344833
650, 325, 325, 1, 18417
650, 350, 300, 1, 19792
650, 300, 350, 1, 17250
1000, 500, 500, 1, 28083
1000, 700, 300, 1, 1296083
2500, 1250, 1250, 1, 2675291
2500, 1000, 1500, 1, 1928083
5000, 2500, 2500, 1, 4758292
5000, 3000, 2000, 1, 5975458
8000, 4000, 4000, 1, 6111792
8000, 2000, 6000, 1, 3524541
10000, 4000, 6000, 1, 6104000
10000, 5000, 5000, 1, 8352458
650, 325, 325, 1, 18458
650, 350, 300, 1, 19833
650, 300, 350, 1, 17084
1000, 500, 500, 1, 28000
1000, 700, 300, 1, 1321125
2500, 1250, 1250, 1, 2674375
2500, 1000, 1500, 1, 1926708
5000, 2500, 2500, 1, 4763542
5000, 3000, 2000, 1, 5982667
8000, 4000, 4000, 1, 6111791
8000, 2000, 6000, 1, 3527250
10000, 4000, 6000, 1, 6109208
10000, 5000, 5000, 1, 8353584
650, 325, 325, 1, 18375
650, 350, 300, 1, 19791
650, 300, 350, 1, 17708
1000, 500, 500, 1, 28084
1000, 700, 300, 1, 1293500
2500, 1250, 1250, 1, 2676750
2500, 1000, 1500, 1, 1927958
5000, 2500, 2500, 1, 4764667
5000, 3000, 2000, 1, 5963791
8000, 4000, 4000, 1, 6118334
8000, 2000, 6000, 1, 3530084
10000, 4000, 6000, 1, 6128792
10000, 5000, 5000, 1, 8399416
650, 325, 325, 1, 18416
650, 350, 300, 1, 19875
650, 300, 350, 1, 17125
1000, 500, 500, 1, 28000
1000, 700, 300, 1, 1297042
2500, 1250, 1250, 1, 2675084
2500, 1000, 1500, 1, 1931500
5000, 2500, 2500, 1, 4767958
5000, 3000, 2000, 1, 5970583
8000, 4000, 4000, 1, 6145250
8000, 2000, 6000, 1, 3531959
10000, 4000, 6000, 1, 6117833
10000, 5000, 5000, 1, 8364417
650, 325, 325, 1, 18583
650, 350, 300, 1, 20042
650, 300, 350, 1, 17084
1000, 500, 500, 1, 28042
1000, 700, 300, 1, 1298084
2500, 1250, 1250, 1, 2679833
2500, 1000, 1500, 1, 1931541
5000, 2500, 2500, 1, 4773750
5000, 3000, 2000, 1, 5975125
8000, 4000, 4000, 1, 6155292
8000, 2000, 6000, 1, 3539333
10000, 4000, 6000, 1, 6117917
10000, 5000, 5000, 1, 8401709
650, 325, 325, 1, 18500
650, 350, 300, 1, 19750
650, 300, 350, 1, 17167
1000, 500, 500, 1, 28042
1000, 700, 300, 1, 1296208
2500, 1250, 1250, 1, 2678625
2500, 1000, 1500, 1, 1937500
5000, 2500, 2500, 1, 4769709
5000, 3000, 2000, 1, 5976250
8000, 4000, 4000, 1, 6121917
8000, 2000, 6000, 1, 3537750
10000, 4000, 6000, 1, 6122833
10000, 5000, 5000, 1, 8397125
650, 325, 325, 1, 18708
650, 350, 300, 1, 19958
650, 300, 350, 1, 17125
1000, 500, 500, 1, 28208
1000, 700, 300, 1, 1334334
2500, 1250, 1250, 1, 2683125
2500, 1000, 1500, 1, 1935042
5000, 2500, 2500, 1, 4776709
5000, 3000, 2000, 1, 5978542
8000, 4000, 4000, 1, 6128250
8000, 2000, 6000, 1, 3545125
10000, 4000, 6000, 1, 6131792
10000, 5000, 5000, 1, 8388917
650, 325, 325, 1, 18500
650, 350, 300, 1, 20500
650, 300, 350, 1, 17292
1000, 500, 500, 1, 28084
1000, 700, 300, 1, 1297000
2500, 1250, 1250, 1, 2690791
2500, 1000, 1500, 1, 1935250
5000, 2500, 2500, 1, 4779875
5000, 3000, 2000, 1, 5986542
8000, 4000, 4000, 1, 6151791
8000, 2000, 6000, 1, 3541625
10000, 4000, 6000, 1, 6132625
10000, 5000, 5000, 1, 8381542
650, 325, 325, 1, 18416
650, 350, 300, 1, 19750
650, 300, 350, 1, 17125
1000, 500, 500, 1, 27917
1000, 700, 300, 1, 1300875
2500, 1250, 1250, 1, 2687500
2500, 1000, 1500, 1, 1935125
5000, 2500, 2500, 1, 4780291
5000, 3000, 2000, 1, 6014542
8000, 4000, 4000, 1, 6141125
8000, 2000, 6000, 1, 3553875
10000, 4000, 6000, 1, 6140125
10000, 5000, 5000, 1, 8412708
650, 325, 325, 1, 18500
650, 350, 300, 1, 19917
650, 300, 350, 1, 18084
1000, 500, 500, 1, 27959
1000, 700, 300, 1, 1301459
2500, 1250, 1250, 1, 2711209
2500, 1000, 1500, 1, 1938709
5000, 2500, 2500, 1, 4783375
5000, 3000, 2000, 1, 6013458
8000, 4000, 4000, 1, 6148250
8000, 2000, 6000, 1, 3550166
10000, 4000, 6000, 1, 6151167
10000, 5000, 5000, 1, 8396417
650, 325, 325, 1, 18375
650, 350, 300, 1, 19792
650, 300, 350, 1, 17083
1000, 500, 500, 1, 28083
1000, 700, 300, 1, 1310416
2500, 1250, 1250, 1, 2687208
2500, 1000, 1500, 1, 1940667
5000, 2500, 2500, 1, 4784292
5000, 3000, 2000, 1, 6011292
8000, 4000, 4000, 1, 6172166
8000, 2000, 6000, 1, 3585833
10000, 4000, 6000, 1, 6160791
10000, 5000, 5000, 1, 8415542
650, 325, 325, 1, 18666
650, 350, 300, 1, 20000
650, 300, 350, 1, 17250
1000, 500, 500, 1, 28250
1000, 700, 300, 1, 1303042
2500, 1250, 1250, 1, 2691166
2500, 1000, 1500, 1, 1938959
5000, 2500, 2500, 1, 4792500
5000, 3000, 2000, 1, 6005333
8000, 4000, 4000, 1, 6295083
8000, 2000, 6000, 1, 3553250
10000, 4000, 6000, 1, 6271209
10000, 5000, 5000, 1, 8427958
650, 325, 325, 1, 18375
650, 350, 300, 1, 19875
650, 300, 350, 1, 18083
1000, 500, 500, 1, 28000
1000, 700, 300, 1, 1304125
2500, 1250, 1250, 1, 2691959
2500, 1000, 1500, 1, 1943042
5000, 2500, 2500, 1, 4802250
5000, 3000, 2000, 1, 6012417
8000, 4000, 4000, 1, 6148875
8000, 2000, 6000, 1, 3554833
10000, 4000, 6000, 1, 6150083
10000, 5000, 5000, 1, 8412291
650, 325, 325, 1, 18417
650, 350, 300, 1, 19875
650, 300, 350, 1, 17125
1000, 500, 500, 1, 27916
1000, 700, 300, 1, 1301875
2500, 1250, 1250, 1, 2693708
2500, 1000, 1500, 1, 1941000
5000, 2500, 2500, 1, 4818167
5000, 3000, 2000, 1, 6005542
8000, 4000, 4000, 1, 6164750
8000, 2000, 6000, 1, 3553500
10000, 4000, 6000, 1, 6168375
10000, 5000, 5000, 1, 8419750
650, 325, 325, 1, 18458
650, 350, 300, 1, 19750
650, 300, 350, 1, 17125
1000, 500, 500, 1, 27958
1000, 700, 300, 1, 1305458
2500, 1250, 1250, 1, 2693958
2500, 1000, 1500, 1, 1945917
5000, 2500, 2500, 1, 4833292
5000, 3000, 2000, 1, 6011459
8000, 4000, 4000, 1, 6171583
8000, 2000, 6000, 1, 3564292
10000, 4000, 6000, 1, 6162458
10000, 5000, 5000, 1, 8436500
650, 325, 325, 1, 18541
650, 350, 300, 1, 19792
650, 300, 350, 1, 17125
1000, 500, 500, 1, 27917
1000, 700, 300, 1, 1311625
2500, 1250, 1250, 1, 2701625
2500, 1000, 1500, 1, 1945625
5000, 2500, 2500, 1, 4805208
5000, 3000, 2000, 1, 6022833
8000, 4000, 4000, 1, 6171458
8000, 2000, 6000, 1, 3583417
10000, 4000, 6000, 1, 6166917
10000, 5000, 5000, 1, 8450917
650, 325, 325, 1, 18417
650, 350, 300, 1, 19916
650, 300, 350, 1, 17083
1000, 500, 500, 1, 28084
1000, 700, 300, 1, 1307750
2500, 1250, 1250, 1, 2700791
2500, 1000, 1500, 1, 1948791
5000, 2500, 2500, 1, 4798584
5000, 3000, 2000, 1, 6025458
8000, 4000, 4000, 1, 6167209
8000, 2000, 6000, 1, 3562750
10000, 4000, 6000, 1, 6183125
10000, 5000, 5000, 1, 8434958
650, 325, 325, 1, 18458
650, 350, 300, 1, 19750
650, 300, 350, 1, 17000
1000, 500, 500, 1, 27958
1000, 700, 300, 1, 1308125
2500, 1250, 1250, 1, 2705459
2500, 1000, 1500, 1, 1946042
5000, 2500, 2500, 1, 4805833
5000, 3000, 2000, 1, 6023375
8000, 4000, 4000, 1, 6174000
8000, 2000, 6000, 1, 3562083
10000, 4000, 6000, 1, 6169208
10000, 5000, 5000, 1, 8492375
650, 325, 325, 1, 19042
650, 350, 300, 1, 21208
650, 300, 350, 1, 17625
1000, 500, 500, 1, 29000
1000, 700, 300, 1, 1351709
2500, 1250, 1250, 1, 2743959
2500, 1000, 1500, 1, 1952916
5000, 2500, 2500, 1, 4830917
5000, 3000, 2000, 1, 6027417
8000, 4000, 4000, 1, 6247042
8000, 2000, 6000, 1, 3694125
10000, 4000, 6000, 1, 6387917
10000, 5000, 5000, 1, 8719291
650, 325, 325, 1, 19208
650, 350, 300, 1, 21750
650, 300, 350, 1, 17750
1000, 500, 500, 1, 28125
1000, 700, 300, 1, 1345791
2500, 1250, 1250, 1, 2764458
2500, 1000, 1500, 1, 1979125
5000, 2500, 2500, 1, 4953583
5000, 3000, 2000, 1, 6207625
8000, 4000, 4000, 1, 6659250
8000, 2000, 6000, 1, 4019750
10000, 4000, 6000, 1, 6947833
10000, 5000, 5000, 1, 8558042
650, 325, 325, 1, 18459
650, 350, 300, 1, 20000
650, 300, 350, 1, 17875
1000, 500, 500, 1, 28083
1000, 700, 300, 1, 1333208
2500, 1250, 1250, 1, 2710750
2500, 1000, 1500, 1, 1959292
5000, 2500, 2500, 1, 4830250
5000, 3000, 2000, 1, 6060958
8000, 4000, 4000, 1, 6229542
8000, 2000, 6000, 1, 3579333
10000, 4000, 6000, 1, 6191959
10000, 5000, 5000, 1, 8460917
650, 325, 325, 1, 18542
650, 350, 300, 1, 19750
650, 300, 350, 1, 17208
1000, 500, 500, 1, 28083
1000, 700, 300, 1, 1316917
2500, 1250, 1250, 1, 2710000
2500, 1000, 1500, 1, 1954333
5000, 2500, 2500, 1, 4866750
5000, 3000, 2000, 1, 6058792
8000, 4000, 4000, 1, 6195542
8000, 2000, 6000, 1, 3578458
10000, 4000, 6000, 1, 6193375
10000, 5000, 5000, 1, 8470750
650, 325, 325, 1, 18417
650, 350, 300, 1, 19792
650, 300, 350, 1, 17083
1000, 500, 500, 1, 28042
1000, 700, 300, 1, 1308958
2500, 1250, 1250, 1, 2729500
2500, 1000, 1500, 1, 1957584
5000, 2500, 2500, 1, 4849958
5000, 3000, 2000, 1, 6086208
8000, 4000, 4000, 1, 6192833
8000, 2000, 6000, 1, 3595958
10000, 4000, 6000, 1, 6192458
10000, 5000, 5000, 1, 8587750
650, 325, 325, 1, 19583
650, 350, 300, 1, 19958
650, 300, 350, 1, 18875
1000, 500, 500, 1, 30917
1000, 700, 300, 1, 1328625
2500, 1250, 1250, 1, 2725167
2500, 1000, 1500, 1, 1952459
5000, 2500, 2500, 1, 5085334
5000, 3000, 2000, 1, 6074792
8000, 4000, 4000, 1, 6204959
8000, 2000, 6000, 1, 3594417
10000, 4000, 6000, 1, 6209042
10000, 5000, 5000, 1, 8494792
650, 325, 325, 1, 18583
650, 350, 300, 1, 19709
650, 300, 350, 1, 17000
1000, 500, 500, 1, 27958
1000, 700, 300, 1, 1320708
2500, 1250, 1250, 1, 2722500
2500, 1000, 1500, 1, 1957833
5000, 2500, 2500, 1, 4874375
5000, 3000, 2000, 1, 6053833
8000, 4000, 4000, 1, 6215125
8000, 2000, 6000, 1, 3578417
10000, 4000, 6000, 1, 6209333
10000, 5000, 5000, 1, 8482708
650, 325, 325, 1, 18459
650, 350, 300, 1, 19834
650, 300, 350, 1, 17000
1000, 500, 500, 1, 28167
1000, 700, 300, 1, 1316833
2500, 1250, 1250, 1, 2717416
2500, 1000, 1500, 1, 1960166
5000, 2500, 2500, 1, 4835625
5000, 3000, 2000, 1, 6086584
8000, 4000, 4000, 1, 6206458
8000, 2000, 6000, 1, 3586209
10000, 4000, 6000, 1, 6209708
10000, 5000, 5000, 1, 8492708
650, 325, 325, 1, 18500
650, 350, 300, 1, 19792
650, 300, 350, 1, 17041
1000, 500, 500, 1, 28041
1000, 700, 300, 1, 1317583
2500, 1250, 1250, 1, 2718084
2500, 1000, 1500, 1, 1962875
5000, 2500, 2500, 1, 4845083
5000, 3000, 2000, 1, 6064958
8000, 4000, 4000, 1, 6211917
8000, 2000, 6000, 1, 3591792
10000, 4000, 6000, 1, 6210458
10000, 5000, 5000, 1, 8489625
650, 325, 325, 1, 18500
650, 350, 300, 1, 20084
650, 300, 350, 1, 18084
1000, 500, 500, 1, 28708
1000, 700, 300, 1, 1315125
2500, 1250, 1250, 1, 2753084
2500, 1000, 1500, 1, 2073875
5000, 2500, 2500, 1, 4855250
5000, 3000, 2000, 1, 6096000
8000, 4000, 4000, 1, 6220625
8000, 2000, 6000, 1, 3592000
10000, 4000, 6000, 1, 6216625
10000, 5000, 5000, 1, 8543584
650, 325, 325, 1, 18459
650, 350, 300, 1, 19791
650, 300, 350, 1, 17042
1000, 500, 500, 1, 27959
1000, 700, 300, 1, 1320292
2500, 1250, 1250, 1, 2728125
2500, 1000, 1500, 1, 1961500
5000, 2500, 2500, 1, 4840084
5000, 3000, 2000, 1, 6072500
8000, 4000, 4000, 1, 6223916
8000, 2000, 6000, 1, 3585792
10000, 4000, 6000, 1, 6234083
10000, 5000, 5000, 1, 8508500
650, 325, 325, 1, 18417
650, 350, 300, 1, 19750
650, 300, 350, 1, 17167
1000, 500, 500, 1, 27917
1000, 700, 300, 1, 1323500
2500, 1250, 1250, 1, 2721292
2500, 1000, 1500, 1, 1963750
5000, 2500, 2500, 1, 4853625
5000, 3000, 2000, 1, 6075083
8000, 4000, 4000, 1, 6222500
8000, 2000, 6000, 1, 3594417
10000, 4000, 6000, 1, 6222834
10000, 5000, 5000, 1, 8536209
650, 325, 325, 1, 18708
650, 350, 300, 1, 19833
650, 300, 350, 1, 17125
1000, 500, 500, 1, 28084
1000, 700, 300, 1, 1321792
2500, 1250, 1250, 1, 2721666
2500, 1000, 1500, 1, 1964166
5000, 2500, 2500, 1, 4855000
5000, 3000, 2000, 1, 6099750
8000, 4000, 4000, 1, 6218334
8000, 2000, 6000, 1, 3594042
10000, 4000, 6000, 1, 6222125
10000, 5000, 5000, 1, 8501500
650, 325, 325, 1, 19083
650, 350, 300, 1, 19834
650, 300, 350, 1, 17167
1000, 500, 500, 1, 27958
1000, 700, 300, 1, 1316625
2500, 1250, 1250, 1, 2725084
2500, 1000, 1500, 1, 1962625
5000, 2500, 2500, 1, 4848541
5000, 3000, 2000, 1, 6074084
8000, 4000, 4000, 1, 6225416
8000, 2000, 6000, 1, 3593833
10000, 4000, 6000, 1, 6222459
10000, 5000, 5000, 1, 8529459
650, 325, 325, 1, 18500
650, 350, 300, 1, 19708
650, 300, 350, 1, 17083
1000, 500, 500, 1, 28042
1000, 700, 300, 1, 1319833
2500, 1250, 1250, 1, 2726375
2500, 1000, 1500, 1, 1979709
5000, 2500, 2500, 1, 4848417
5000, 3000, 2000, 1, 6080333
8000, 4000, 4000, 1, 6223625
8000, 2000, 6000, 1, 3595291
10000, 4000, 6000, 1, 6255875
10000, 5000, 5000, 1, 8517500
650, 325, 325, 1, 18458
650, 350, 300, 1, 19792
650, 300, 350, 1, 17000
1000, 500, 500, 1, 28250
1000, 700, 300, 1, 1321416
2500, 1250, 1250, 1, 2726458
2500, 1000, 1500, 1, 1967625
5000, 2500, 2500, 1, 4855209
5000, 3000, 2000, 1, 6122084
8000, 4000, 4000, 1, 6238417
8000, 2000, 6000, 1, 3597667
10000, 4000, 6000, 1, 6250958
10000, 5000, 5000, 1, 8722000
650, 325, 325, 1, 18500
650, 350, 300, 1, 19792
650, 300, 350, 1, 17041
1000, 500, 500, 1, 28250
1000, 700, 300, 1, 1331333
2500, 1250, 1250, 1, 2726833
2500, 1000, 1500, 1, 1969625
5000, 2500, 2500, 1, 4878750
5000, 3000, 2000, 1, 6096541
8000, 4000, 4000, 1, 6232250
8000, 2000, 6000, 1, 3599125
10000, 4000, 6000, 1, 6230458
10000, 5000, 5000, 1, 8533000
650, 325, 325, 1, 18417
650, 350, 300, 1, 19792
650, 300, 350, 1, 17084
1000, 500, 500, 1, 27875
1000, 700, 300, 1, 1322209
2500, 1250, 1250, 1, 2731125
2500, 1000, 1500, 1, 1967709
5000, 2500, 2500, 1, 4876541
5000, 3000, 2000, 1, 6109334
8000, 4000, 4000, 1, 6233917
8000, 2000, 6000, 1, 3602708
10000, 4000, 6000, 1, 6236500
10000, 5000, 5000, 1, 8543917
650, 325, 325, 1, 18458
650, 350, 300, 1, 19917
650, 300, 350, 1, 17125
1000, 500, 500, 1, 28083
1000, 700, 300, 1, 1320458
2500, 1250, 1250, 1, 2736875
2500, 1000, 1500, 1, 1968208
5000, 2500, 2500, 1, 4860375
5000, 3000, 2000, 1, 6114667
8000, 4000, 4000, 1, 6237459
8000, 2000, 6000, 1, 3606834
10000, 4000, 6000, 1, 6239750
10000, 5000, 5000, 1, 8533792
650, 325, 325, 1, 18375
650, 350, 300, 1, 19875
650, 300, 350, 1, 17041
1000, 500, 500, 1, 28084
1000, 700, 300, 1, 1328750
2500, 1250, 1250, 1, 2734625
2500, 1000, 1500, 1, 1969292
5000, 2500, 2500, 1, 4868083
5000, 3000, 2000, 1, 6096166
8000, 4000, 4000, 1, 6286750
8000, 2000, 6000, 1, 3602584
10000, 4000, 6000, 1, 6249750
10000, 5000, 5000, 1, 8591166
650, 325, 325, 1, 18541
650, 350, 300, 1, 19833
650, 300, 350, 1, 17042
1000, 500, 500, 1, 28042
1000, 700, 300, 1, 1327709
2500, 1250, 1250, 1, 2737042
2500, 1000, 1500, 1, 1970750
5000, 2500, 2500, 1, 4871084
5000, 3000, 2000, 1, 6113417
8000, 4000, 4000, 1, 6248542
8000, 2000, 6000, 1, 3607250
10000, 4000, 6000, 1, 6258958
10000, 5000, 5000, 1, 8546625
650, 325, 325, 1, 18417
650, 350, 300, 1, 19834
650, 300, 350, 1, 17041
1000, 500, 500, 1, 27958
1000, 700, 300, 1, 1325875
2500, 1250, 1250, 1, 2735750
2500, 1000, 1500, 1, 1978167
5000, 2500, 2500, 1, 4879667
5000, 3000, 2000, 1, 6144083
8000, 4000, 4000, 1, 6254333
8000, 2000, 6000, 1, 3613375
10000, 4000, 6000, 1, 6262291
10000, 5000, 5000, 1, 8610250
650, 325, 325, 1, 18458
650, 350, 300, 1, 19833
650, 300, 350, 1, 17125
1000, 500, 500, 1, 28042
1000, 700, 300, 1, 1329875
2500, 1250, 1250, 1, 2750791
2500, 1000, 1500, 1, 1984791
5000, 2500, 2500, 1, 4872208
5000, 3000, 2000, 1, 6126833
8000, 4000, 4000, 1, 6277500
8000, 2000, 6000, 1, 3612166
10000, 4000, 6000, 1, 6258875
10000, 5000, 5000, 1, 8562458
650, 325, 325, 1, 18417
650, 350, 300, 1, 19833
650, 300, 350, 1, 17083
1000, 500, 500, 1, 27958
1000, 700, 300, 1, 1327209
2500, 1250, 1250, 1, 2737625
2500, 1000, 1500, 1, 1974041
5000, 2500, 2500, 1, 4897958
5000, 3000, 2000, 1, 6118250
8000, 4000, 4000, 1, 6287791
8000, 2000, 6000, 1, 3627166
10000, 4000, 6000, 1, 6261417
10000, 5000, 5000, 1, 8564417
650, 325, 325, 1, 18417
650, 350, 300, 1, 19708
650, 300, 350, 1, 17125
1000, 500, 500, 1, 28041
1000, 700, 300, 1, 1331084
2500, 1250, 1250, 1, 2739459
2500, 1000, 1500, 1, 1978292
5000, 2500, 2500, 1, 4882916
5000, 3000, 2000, 1, 6165417
8000, 4000, 4000, 1, 6268333
8000, 2000, 6000, 1, 3621333
10000, 4000, 6000, 1, 6270875
10000, 5000, 5000, 1, 8583833
650, 325, 325, 1, 18666
650, 350, 300, 1, 19833
650, 300, 350, 1, 16958
1000, 500, 500, 1, 28084
1000, 700, 300, 1, 1330166
2500, 1250, 1250, 1, 2753333
2500, 1000, 1500, 1, 2008375
5000, 2500, 2500, 1, 5091584
5000, 3000, 2000, 1, 6124667
8000, 4000, 4000, 1, 6462125
8000, 2000, 6000, 1, 3635459
10000, 4000, 6000, 1, 6284042
10000, 5000, 5000, 1, 8596792
650, 325, 325, 1, 18417
650, 350, 300, 1, 19833
650, 300, 350, 1, 17000
1000, 500, 500, 1, 28000
1000, 700, 300, 1, 1330583
2500, 1250, 1250, 1, 2743667
2500, 1000, 1500, 1, 1980792
5000, 2500, 2500, 1, 4885250
5000, 3000, 2000, 1, 6123083
8000, 4000, 4000, 1, 6268000
8000, 2000, 6000, 1, 3647750
10000, 4000, 6000, 1, 6268584
10000, 5000, 5000, 1, 8577500
650, 325, 325, 1, 18500
650, 350, 300, 1, 19792
650, 300, 350, 1, 17083
1000, 500, 500, 1, 27916
1000, 700, 300, 1, 1331000
2500, 1250, 1250, 1, 2749500
2500, 1000, 1500, 1, 1979875
5000, 2500, 2500, 1, 4901875
5000, 3000, 2000, 1, 6162792
8000, 4000, 4000, 1, 6275875
8000, 2000, 6000, 1, 3641250
10000, 4000, 6000, 1, 6281625
10000, 5000, 5000, 1, 8585584
650, 325, 325, 1, 18500
650, 350, 300, 1, 19958
650, 300, 350, 1, 17125
1000, 500, 500, 1, 28042
1000, 700, 300, 1, 1331833
2500, 1250, 1250, 1, 2749625
2500, 1000, 1500, 1, 1980666
5000, 2500, 2500, 1, 4890125
5000, 3000, 2000, 1, 6130334
8000, 4000, 4000, 1, 6276167
8000, 2000, 6000, 1, 3625541
10000, 4000, 6000, 1, 6278375
10000, 5000, 5000, 1, 8581792
650, 325, 325, 1, 19083
650, 350, 300, 1, 20000
650, 300, 350, 1, 17250
1000, 500, 500, 1, 27917
1000, 700, 300, 1, 1367333
2500, 1250, 1250, 1, 2753542
2500, 1000, 1500, 1, 1981875
5000, 2500, 2500, 1, 4896791
5000, 3000, 2000, 1, 6131166
8000, 4000, 4000, 1, 6287500
8000, 2000, 6000, 1, 3630500
10000, 4000, 6000, 1, 6302708
10000, 5000, 5000, 1, 8597958
650, 325, 325, 1, 19041
650, 350, 300, 1, 19875
650, 300, 350, 1, 17041
1000, 500, 500, 1, 27917
1000, 700, 300, 1, 1332584
2500, 1250, 1250, 1, 2755750
2500, 1000, 1500, 1, 1983541
5000, 2500, 2500, 1, 4898458
5000, 3000, 2000, 1, 6159500
8000, 4000, 4000, 1, 6282125
8000, 2000, 6000, 1, 3634541
10000, 4000, 6000, 1, 6316084
10000, 5000, 5000, 1, 8591625
650, 325, 325, 1, 18541
650, 350, 300, 1, 19875
650, 300, 350, 1, 17166
1000, 500, 500, 1, 28042
1000, 700, 300, 1, 1330917
2500, 1250, 1250, 1, 2759166
2500, 1000, 1500, 1, 1986709
5000, 2500, 2500, 1, 4898583
5000, 3000, 2000, 1, 6174750
8000, 4000, 4000, 1, 6298917
8000, 2000, 6000, 1, 3642208
10000, 4000, 6000, 1, 6292666
10000, 5000, 5000, 1, 8627958
650, 325, 325, 1, 19125
650, 350, 300, 1, 20042
650, 300, 350, 1, 17042
1000, 500, 500, 1, 27958
1000, 700, 300, 1, 1334542
2500, 1250, 1250, 1, 2762583
2500, 1000, 1500, 1, 1988208
5000, 2500, 2500, 1, 4909000
5000, 3000, 2000, 1, 6154000
8000, 4000, 4000, 1, 6298167
8000, 2000, 6000, 1, 3639000
10000, 4000, 6000, 1, 6305917
10000, 5000, 5000, 1, 8618375
650, 325, 325, 1, 19708
650, 350, 300, 1, 19750
650, 300, 350, 1, 17250
1000, 500, 500, 1, 28208
1000, 700, 300, 1, 1332667
2500, 1250, 1250, 1, 2762375
2500, 1000, 1500, 1, 1989083
5000, 2500, 2500, 1, 4914417
5000, 3000, 2000, 1, 6169208
8000, 4000, 4000, 1, 6303917
8000, 2000, 6000, 1, 3644709
10000, 4000, 6000, 1, 6325125
10000, 5000, 5000, 1, 8621459
650, 325, 325, 1, 18417
650, 350, 300, 1, 19833
650, 300, 350, 1, 17125
1000, 500, 500, 1, 28042
1000, 700, 300, 1, 1336250
2500, 1250, 1250, 1, 2762958
2500, 1000, 1500, 1, 1994500
5000, 2500, 2500, 1, 4914000
5000, 3000, 2000, 1, 6163167
8000, 4000, 4000, 1, 6323792
8000, 2000, 6000, 1, 3646833
10000, 4000, 6000, 1, 6304083
10000, 5000, 5000, 1, 8632542
650, 325, 325, 1, 18459
650, 350, 300, 1, 19875
650, 300, 350, 1, 17125
1000, 500, 500, 1, 28083
1000, 700, 300, 1, 1338583
2500, 1250, 1250, 1, 2766667
2500, 1000, 1500, 1, 1991333
5000, 2500, 2500, 1, 4918208
5000, 3000, 2000, 1, 6167250
8000, 4000, 4000, 1, 6313458
8000, 2000, 6000, 1, 3650166
10000, 4000, 6000, 1, 6311458
10000, 5000, 5000, 1, 8635750
650, 325, 325, 1, 18667
650, 350, 300, 1, 19792
650, 300, 350, 1, 17083
1000, 500, 500, 1, 28000
1000, 700, 300, 1, 1340625
2500, 1250, 1250, 1, 2789125
2500, 1000, 1500, 1, 1996292
5000, 2500, 2500, 1, 4921417
5000, 3000, 2000, 1, 6210208
8000, 4000, 4000, 1, 6316333
8000, 2000, 6000, 1, 3650708
10000, 4000, 6000, 1, 6315041
10000, 5000, 5000, 1, 8645042
650, 325, 325, 1, 18542
650, 350, 300, 1, 19916
650, 300, 350, 1, 17083
1000, 500, 500, 1, 28041
1000, 700, 300, 1, 1350459
2500, 1250, 1250, 1, 2812875
2500, 1000, 1500, 1, 1994458
5000, 2500, 2500, 1, 4933542
5000, 3000, 2000, 1, 6172459
8000, 4000, 4000, 1, 6318792
8000, 2000, 6000, 1, 3649667
10000, 4000, 6000, 1, 6321209
10000, 5000, 5000, 1, 8696750
650, 325, 325, 1, 18417
650, 350, 300, 1, 19833
650, 300, 350, 1, 17083
1000, 500, 500, 1, 27875
1000, 700, 300, 1, 1341542
2500, 1250, 1250, 1, 2772167
2500, 1000, 1500, 1, 2010084
5000, 2500, 2500, 1, 4928417
5000, 3000, 2000, 1, 6173917
8000, 4000, 4000, 1, 6349875
8000, 2000, 6000, 1, 3654291
10000, 4000, 6000, 1, 6334583
10000, 5000, 5000, 1, 8670416
650, 325, 325, 1, 18500
650, 350, 300, 1, 19833
650, 300, 350, 1, 17083
1000, 500, 500, 1, 28209
1000, 700, 300, 1, 1343041
2500, 1250, 1250, 1, 2779334
2500, 1000, 1500, 1, 2005458
5000, 2500, 2500, 1, 4938458
5000, 3000, 2000, 1, 6187791
8000, 4000, 4000, 1, 6324875
8000, 2000, 6000, 1, 3653875
10000, 4000, 6000, 1, 6331042
10000, 5000, 5000, 1, 8648958
650, 325, 325, 1, 18583
650, 350, 300, 1, 19833
650, 300, 350, 1, 17083
1000, 500, 500, 1, 27958
1000, 700, 300, 1, 1346542
2500, 1250, 1250, 1, 2771583
2500, 1000, 1500, 1, 1998333
5000, 2500, 2500, 1, 4931250
5000, 3000, 2000, 1, 6180792
8000, 4000, 4000, 1, 6332916
8000, 2000, 6000, 1, 3651042
10000, 4000, 6000, 1, 6333333
10000, 5000, 5000, 1, 8691833
650, 325, 325, 1, 18583
650, 350, 300, 1, 19959
650, 300, 350, 1, 17167
1000, 500, 500, 1, 28208
1000, 700, 300, 1, 1347417
2500, 1250, 1250, 1, 2788125
2500, 1000, 1500, 1, 1999250
5000, 2500, 2500, 1, 4930083
5000, 3000, 2000, 1, 6188625
8000, 4000, 4000, 1, 6344791
8000, 2000, 6000, 1, 3660875
10000, 4000, 6000, 1, 6330208
10000, 5000, 5000, 1, 8661042
650, 325, 325, 1, 18583
650, 350, 300, 1, 19834
650, 300, 350, 1, 17083
1000, 500, 500, 1, 30208
1000, 700, 300, 1, 1339792
2500, 1250, 1250, 1, 2777916
2500, 1000, 1500, 1, 1999917
5000, 2500, 2500, 1, 4939208
5000, 3000, 2000, 1, 6190042
8000, 4000, 4000, 1, 6335333
8000, 2000, 6000, 1, 3660541
10000, 4000, 6000, 1, 6339292
10000, 5000, 5000, 1, 8666250
650, 325, 325, 1, 18541
650, 350, 300, 1, 21292
650, 300, 350, 1, 17083
1000, 500, 500, 1, 27959
1000, 700, 300, 1, 1343333
2500, 1250, 1250, 1, 2779709
2500, 1000, 1500, 1, 2002417
5000, 2500, 2500, 1, 4962333
5000, 3000, 2000, 1, 6189917
8000, 4000, 4000, 1, 6342416
8000, 2000, 6000, 1, 3662709
10000, 4000, 6000, 1, 6349500
10000, 5000, 5000, 1, 8720334
650, 325, 325, 1, 18542
650, 350, 300, 1, 19833
650, 300, 350, 1, 17041
1000, 500, 500, 1, 28083
1000, 700, 300, 1, 1346833
2500, 1250, 1250, 1, 2778084
2500, 1000, 1500, 1, 2001875
5000, 2500, 2500, 1, 4946292
5000, 3000, 2000, 1, 6194417
8000, 4000, 4000, 1, 6346875
8000, 2000, 6000, 1, 3708500
10000, 4000, 6000, 1, 6348792
10000, 5000, 5000, 1, 8684708
650, 325, 325, 1, 18542
650, 350, 300, 1, 19792
650, 300, 350, 1, 16958
1000, 500, 500, 1, 28125
1000, 700, 300, 1, 1349959
2500, 1250, 1250, 1, 2777458
2500, 1000, 1500, 1, 2005833
5000, 2500, 2500, 1, 4954042
5000, 3000, 2000, 1, 6240167
8000, 4000, 4000, 1, 6347000
8000, 2000, 6000, 1, 3689750
10000, 4000, 6000, 1, 6354708
10000, 5000, 5000, 1, 8684166
650, 325, 325, 1, 18542
650, 350, 300, 1, 19792
650, 300, 350, 1, 17083
1000, 500, 500, 1, 27959
1000, 700, 300, 1, 1350875
2500, 1250, 1250, 1, 2787792
2500, 1000, 1500, 1, 2004625
5000, 2500, 2500, 1, 4947625
5000, 3000, 2000, 1, 6205542
8000, 4000, 4000, 1, 6367709
8000, 2000, 6000, 1, 3672375
10000, 4000, 6000, 1, 6394083
10000, 5000, 5000, 1, 8685208
650, 325, 325, 1, 18417
650, 350, 300, 1, 19833
650, 300, 350, 1, 17708
1000, 500, 500, 1, 27917
1000, 700, 300, 1, 1343667
2500, 1250, 1250, 1, 2786750
2500, 1000, 1500, 1, 2006375
5000, 2500, 2500, 1, 4955167
5000, 3000, 2000, 1, 6211875
8000, 4000, 4000, 1, 6354875
8000, 2000, 6000, 1, 3671959
10000, 4000, 6000, 1, 6358125
10000, 5000, 5000, 1, 8695167
650, 325, 325, 1, 18375
650, 350, 300, 1, 19792
650, 300, 350, 1, 17000
1000, 500, 500, 1, 28041
1000, 700, 300, 1, 1368416
2500, 1250, 1250, 1, 2781959
2500, 1000, 1500, 1, 2013208
5000, 2500, 2500, 1, 4958000
5000, 3000, 2000, 1, 6204042
8000, 4000, 4000, 1, 6373042
8000, 2000, 6000, 1, 3668917
10000, 4000, 6000, 1, 6353875
10000, 5000, 5000, 1, 8689833
650, 325, 325, 1, 18458
650, 350, 300, 1, 19791
650, 300, 350, 1, 17083
1000, 500, 500, 1, 28000
1000, 700, 300, 1, 1348583
2500, 1250, 1250, 1, 2782209
2500, 1000, 1500, 1, 2008459
5000, 2500, 2500, 1, 4953583
5000, 3000, 2000, 1, 6209750
8000, 4000, 4000, 1, 6352541
8000, 2000, 6000, 1, 3674459
10000, 4000, 6000, 1, 6390000
10000, 5000, 5000, 1, 8720083
650, 325, 325, 1, 18458
650, 350, 300, 1, 19875
650, 300, 350, 1, 17125
1000, 500, 500, 1, 27959
1000, 700, 300, 1, 1349625
2500, 1250, 1250, 1, 2787958
2500, 1000, 1500, 1, 2007834
5000, 2500, 2500, 1, 4969875
5000, 3000, 2000, 1, 6258041
8000, 4000, 4000, 1, 6371083
8000, 2000, 6000, 1, 3671625
10000, 4000, 6000, 1, 6396250
10000, 5000, 5000, 1, 8704791
650, 325, 325, 1, 18625
650, 350, 300, 1, 19833
650, 300, 350, 1, 17083
1000, 500, 500, 1, 28000
1000, 700, 300, 1, 1352875
2500, 1250, 1250, 1, 2790666
2500, 1000, 1500, 1, 2007833
5000, 2500, 2500, 1, 4994458
5000, 3000, 2000, 1, 6214625
8000, 4000, 4000, 1, 6361625
8000, 2000, 6000, 1, 3675750
10000, 4000, 6000, 1, 6362541
10000, 5000, 5000, 1, 8716417
650, 325, 325, 1, 18959
650, 350, 300, 1, 19708
650, 300, 350, 1, 17042
1000, 500, 500, 1, 27916
1000, 700, 300, 1, 1347792
2500, 1250, 1250, 1, 2806292
2500, 1000, 1500, 1, 2012458
5000, 2500, 2500, 1, 4965167
5000, 3000, 2000, 1, 6218292
8000, 4000, 4000, 1, 6366291
8000, 2000, 6000, 1, 3682666
10000, 4000, 6000, 1, 6389167
10000, 5000, 5000, 1, 8718500
650, 325, 325, 1, 18584
650, 350, 300, 1, 19875
650, 300, 350, 1, 17000
1000, 500, 500, 1, 28125
1000, 700, 300, 1, 1351750
2500, 1250, 1250, 1, 2791792
2500, 1000, 1500, 1, 2013417
5000, 2500, 2500, 1, 4989000
5000, 3000, 2000, 1, 6219542
8000, 4000, 4000, 1, 6367916
8000, 2000, 6000, 1, 3754667
10000, 4000, 6000, 1, 6370042
10000, 5000, 5000, 1, 8712500
650, 325, 325, 1, 18417
650, 350, 300, 1, 19958
650, 300, 350, 1, 17083
1000, 500, 500, 1, 28042
1000, 700, 300, 1, 1354875
2500, 1250, 1250, 1, 2795375
2500, 1000, 1500, 1, 2015209
5000, 2500, 2500, 1, 4997333
5000, 3000, 2000, 1, 6230625
8000, 4000, 4000, 1, 6385875
8000, 2000, 6000, 1, 3682125
10000, 4000, 6000, 1, 6374042
10000, 5000, 5000, 1, 8716959
650, 325, 325, 1, 18500
650, 350, 300, 1, 19833
650, 300, 350, 1, 17000
1000, 500, 500, 1, 29833
1000, 700, 300, 1, 1350041
2500, 1250, 1250, 1, 2815333
2500, 1000, 1500, 1, 2020125
5000, 2500, 2500, 1, 4971667
5000, 3000, 2000, 1, 6240667
8000, 4000, 4000, 1, 6466875
8000, 2000, 6000, 1, 3694292
10000, 4000, 6000, 1, 6404959
10000, 5000, 5000, 1, 8748125
650, 325, 325, 1, 18500
650, 350, 300, 1, 19958
650, 300, 350, 1, 17250
1000, 500, 500, 1, 28125
1000, 700, 300, 1, 1359250
2500, 1250, 1250, 1, 2795791
2500, 1000, 1500, 1, 2016417
5000, 2500, 2500, 1, 4984209
5000, 3000, 2000, 1, 6241084
8000, 4000, 4000, 1, 6394042
8000, 2000, 6000, 1, 3700042
10000, 4000, 6000, 1, 6447792
10000, 5000, 5000, 1, 8772167
650, 325, 325, 1, 18500
650, 350, 300, 1, 19750
650, 300, 350, 1, 17042
1000, 500, 500, 1, 27875
1000, 700, 300, 1, 1357750
2500, 1250, 1250, 1, 2808208
2500, 1000, 1500, 1, 2020209
5000, 2500, 2500, 1, 4981083
5000, 3000, 2000, 1, 6269500
8000, 4000, 4000, 1, 6401000
8000, 2000, 6000, 1, 3696625
10000, 4000, 6000, 1, 6394542
10000, 5000, 5000, 1, 8757875
650, 325, 325, 1, 18500
650, 350, 300, 1, 22625
650, 300, 350, 1, 17166
1000, 500, 500, 1, 28083
1000, 700, 300, 1, 1352958
2500, 1250, 1250, 1, 2827000
2500, 1000, 1500, 1, 2056625
5000, 2500, 2500, 1, 5114125
5000, 3000, 2000, 1, 6360666
8000, 4000, 4000, 1, 6643833
8000, 2000, 6000, 1, 3824125
10000, 4000, 6000, 1, 6406833
10000, 5000, 5000, 1, 8785500
650, 325, 325, 1, 19167
650, 350, 300, 1, 20375
650, 300, 350, 1, 17583
1000, 500, 500, 1, 28834
1000, 700, 300, 1, 1373916
2500, 1250, 1250, 1, 2849959
2500, 1000, 1500, 1, 2024792
5000, 2500, 2500, 1, 4999250
5000, 3000, 2000, 1, 6254541
8000, 4000, 4000, 1, 6390667
8000, 2000, 6000, 1, 3751708
10000, 4000, 6000, 1, 6395000
10000, 5000, 5000, 1, 8751333
650, 325, 325, 1, 18584
650, 350, 300, 1, 19875
650, 300, 350, 1, 17083
1000, 500, 500, 1, 28166
1000, 700, 300, 1, 1358166
2500, 1250, 1250, 1, 2863167
2500, 1000, 1500, 1, 2019541
5000, 2500, 2500, 1, 4985209
5000, 3000, 2000, 1, 6249750
8000, 4000, 4000, 1, 6397375
8000, 2000, 6000, 1, 3695209
10000, 4000, 6000, 1, 6412375
10000, 5000, 5000, 1, 8828000
650, 325, 325, 1, 18584
650, 350, 300, 1, 19750
650, 300, 350, 1, 17083
1000, 500, 500, 1, 28125
1000, 700, 300, 1, 1358292
2500, 1250, 1250, 1, 2804666
2500, 1000, 1500, 1, 2054417
5000, 2500, 2500, 1, 4990875
5000, 3000, 2000, 1, 6251042
8000, 4000, 4000, 1, 6449042
8000, 2000, 6000, 1, 3698292
10000, 4000, 6000, 1, 6434292
10000, 5000, 5000, 1, 8760334
650, 325, 325, 1, 18583
650, 350, 300, 1, 19875
650, 300, 350, 1, 18709
1000, 500, 500, 1, 28083
1000, 700, 300, 1, 1359459
2500, 1250, 1250, 1, 2819583
2500, 1000, 1500, 1, 2024084
5000, 2500, 2500, 1, 4998917
5000, 3000, 2000, 1, 6278791
8000, 4000, 4000, 1, 6403375
8000, 2000, 6000, 1, 3700041
10000, 4000, 6000, 1, 6410625
10000, 5000, 5000, 1, 8764583
650, 325, 325, 1, 18542
650, 350, 300, 1, 19750
650, 300, 350, 1, 17250
1000, 500, 500, 1, 28042
1000, 700, 300, 1, 1386791
2500, 1250, 1250, 1, 2805917
2500, 1000, 1500, 1, 2025917
5000, 2500, 2500, 1, 4996125
5000, 3000, 2000, 1, 6258042
8000, 4000, 4000, 1, 6404375
8000, 2000, 6000, 1, 3706125
10000, 4000, 6000, 1, 6437375
10000, 5000, 5000, 1, 8767292
650, 325, 325, 1, 18583
650, 350, 300, 1, 19708
650, 300, 350, 1, 17042
1000, 500, 500, 1, 27959
1000, 700, 300, 1, 1364250
2500, 1250, 1250, 1, 2809834
2500, 1000, 1500, 1, 2023625
5000, 2500, 2500, 1, 4996458
5000, 3000, 2000, 1, 6289750
8000, 4000, 4000, 1, 6412917
8000, 2000, 6000, 1, 3715875
10000, 4000, 6000, 1, 6409416
10000, 5000, 5000, 1, 8772250
650, 325, 325, 1, 18375
650, 350, 300, 1, 19791
650, 300, 350, 1, 17083
1000, 500, 500, 1, 28000
1000, 700, 300, 1, 1380000
2500, 1250, 1250, 1, 2824584
2500, 1000, 1500, 1, 2024791
5000, 2500, 2500, 1, 5001709
5000, 3000, 2000, 1, 6288333
8000, 4000, 4000, 1, 6427208
8000, 2000, 6000, 1, 3716167
10000, 4000, 6000, 1, 6454334
10000, 5000, 5000, 1, 8830542
650, 325, 325, 1, 18500
650, 350, 300, 1, 19792
650, 300, 350, 1, 17084
1000, 500, 500, 1, 28041
1000, 700, 300, 1, 1364500
2500, 1250, 1250, 1, 2811208
2500, 1000, 1500, 1, 2027042
5000, 2500, 2500, 1, 5003666
5000, 3000, 2000, 1, 6268667
8000, 4000, 4000, 1, 6434583
8000, 2000, 6000, 1, 3710500
10000, 4000, 6000, 1, 6427667
10000, 5000, 5000, 1, 8831541
650, 325, 325, 1, 18709
650, 350, 300, 1, 19750
650, 300, 350, 1, 17125
1000, 500, 500, 1, 28208
1000, 700, 300, 1, 1359792
2500, 1250, 1250, 1, 2815833
2500, 1000, 1500, 1, 2027166
5000, 2500, 2500, 1, 5007375
5000, 3000, 2000, 1, 6277375
8000, 4000, 4000, 1, 6443417
8000, 2000, 6000, 1, 3710166
10000, 4000, 6000, 1, 6425416
10000, 5000, 5000, 1, 8788250
650, 325, 325, 1, 18417
650, 350, 300, 1, 19958
650, 300, 350, 1, 17208
1000, 500, 500, 1, 27959
1000, 700, 300, 1, 1363417
2500, 1250, 1250, 1, 2816083
2500, 1000, 1500, 1, 2028291
5000, 2500, 2500, 1, 5036500
5000, 3000, 2000, 1, 6277041
8000, 4000, 4000, 1, 6429375
8000, 2000, 6000, 1, 3715250
10000, 4000, 6000, 1, 6427125
10000, 5000, 5000, 1, 8808959
650, 325, 325, 1, 18541
650, 350, 300, 1, 20625
650, 300, 350, 1, 17084
1000, 500, 500, 1, 28041
1000, 700, 300, 1, 1362167
2500, 1250, 1250, 1, 2843542
2500, 1000, 1500, 1, 2029625
5000, 2500, 2500, 1, 5023625
5000, 3000, 2000, 1, 6280583
8000, 4000, 4000, 1, 6452459
8000, 2000, 6000, 1, 3715250
10000, 4000, 6000, 1, 6431917
10000, 5000, 5000, 1, 8812291
650, 325, 325, 1, 18458
650, 350, 300, 1, 20000
650, 300, 350, 1, 17083
1000, 500, 500, 1, 28292
1000, 700, 300, 1, 1367208
2500, 1250, 1250, 1, 2820291
2500, 1000, 1500, 1, 2031250
5000, 2500, 2500, 1, 5082708
5000, 3000, 2000, 1, 6309917
8000, 4000, 4000, 1, 6467750
8000, 2000, 6000, 1, 3722500
10000, 4000, 6000, 1, 6430709
10000, 5000, 5000, 1, 8801708
650, 325, 325, 1, 18375
650, 350, 300, 1, 20375
650, 300, 350, 1, 17084
1000, 500, 500, 1, 27958
1000, 700, 300, 1, 1362916
2500, 1250, 1250, 1, 2824292
2500, 1000, 1500, 1, 2034917
5000, 2500, 2500, 1, 5019083
5000, 3000, 2000, 1, 6289583
8000, 4000, 4000, 1, 6494000
8000, 2000, 6000, 1, 3730583
10000, 4000, 6000, 1, 6441250
10000, 5000, 5000, 1, 8809834
650, 325, 325, 1, 18542
650, 350, 300, 1, 19791
650, 300, 350, 1, 17042
1000, 500, 500, 1, 28000
1000, 700, 300, 1, 1366750
2500, 1250, 1250, 1, 2823083
2500, 1000, 1500, 1, 2033042
5000, 2500, 2500, 1, 5034709
5000, 3000, 2000, 1, 6296375
8000, 4000, 4000, 1, 6445250
8000, 2000, 6000, 1, 3720792
10000, 4000, 6000, 1, 6484584
10000, 5000, 5000, 1, 8850292
650, 325, 325, 1, 21333
650, 350, 300, 1, 20333
650, 300, 350, 1, 17000
1000, 500, 500, 1, 28000
1000, 700, 300, 1, 1370916
2500, 1250, 1250, 1, 2828167
2500, 1000, 1500, 1, 2047000
5000, 2500, 2500, 1, 5059542
5000, 3000, 2000, 1, 6305875
8000, 4000, 4000, 1, 6448000
8000, 2000, 6000, 1, 3726417
10000, 4000, 6000, 1, 6462792
10000, 5000, 5000, 1, 8815292
650, 325, 325, 1, 18500
650, 350, 300, 1, 20084
650, 300, 350, 1, 17000
1000, 500, 500, 1, 28167
1000, 700, 300, 1, 1371542
2500, 1250, 1250, 1, 2859250
2500, 1000, 1500, 1, 2037084
5000, 2500, 2500, 1, 5024417
5000, 3000, 2000, 1, 6307583
8000, 4000, 4000, 1, 6461125
8000, 2000, 6000, 1, 3731833
10000, 4000, 6000, 1, 6487167
10000, 5000, 5000, 1, 8821500
650, 325, 325, 1, 18375
650, 350, 300, 1, 19916
650, 300, 350, 1, 17083
1000, 500, 500, 1, 27959
1000, 700, 300, 1, 1368167
2500, 1250, 1250, 1, 2828625
2500, 1000, 1500, 1, 2036375
5000, 2500, 2500, 1, 5034333
5000, 3000, 2000, 1, 6314542
8000, 4000, 4000, 1, 6452084
8000, 2000, 6000, 1, 3727417
10000, 4000, 6000, 1, 6454583
10000, 5000, 5000, 1, 8844916
650, 325, 325, 1, 18542
650, 350, 300, 1, 19833
650, 300, 350, 1, 17125
1000, 500, 500, 1, 28208
1000, 700, 300, 1, 1369959
2500, 1250, 1250, 1, 2903334
2500, 1000, 1500, 1, 2037667
5000, 2500, 2500, 1, 5067792
5000, 3000, 2000, 1, 6312625
8000, 4000, 4000, 1, 6454125
8000, 2000, 6000, 1, 3733500
10000, 4000, 6000, 1, 6461667
10000, 5000, 5000, 1, 8835583
650, 325, 325, 1, 18417
650, 350, 300, 1, 19834
650, 300, 350, 1, 17042
1000, 500, 500, 1, 28250
1000, 700, 300, 1, 1371000
2500, 1250, 1250, 1, 2832333
2500, 1000, 1500, 1, 2039291
5000, 2500, 2500, 1, 5045333
5000, 3000, 2000, 1, 6311416
8000, 4000, 4000, 1, 6461292
8000, 2000, 6000, 1, 3736292
10000, 4000, 6000, 1, 6477083
10000, 5000, 5000, 1, 8833166
650, 325, 325, 1, 18667
650, 350, 300, 1, 19750
650, 300, 350, 1, 17167
1000, 500, 500, 1, 28083
1000, 700, 300, 1, 1368500
2500, 1250, 1250, 1, 2852834
2500, 1000, 1500, 1, 2040125
5000, 2500, 2500, 1, 5036833
5000, 3000, 2000, 1, 6344917
8000, 4000, 4000, 1, 6469208
8000, 2000, 6000, 1, 3734292
10000, 4000, 6000, 1, 6466208
10000, 5000, 5000, 1, 8871500
650, 325, 325, 1, 18542
650, 350, 300, 1, 19834
650, 300, 350, 1, 17042
1000, 500, 500, 1, 28083
1000, 700, 300, 1, 1374792
2500, 1250, 1250, 1, 2871750
2500, 1000, 1500, 1, 2041375
5000, 2500, 2500, 1, 5042959
5000, 3000, 2000, 1, 6319125
8000, 4000, 4000, 1, 6472542
8000, 2000, 6000, 1, 3736167
10000, 4000, 6000, 1, 6465792
10000, 5000, 5000, 1, 8849833
650, 325, 325, 1, 19042
650, 350, 300, 1, 19875
650, 300, 350, 1, 17042
1000, 500, 500, 1, 28084
1000, 700, 300, 1, 1369959
2500, 1250, 1250, 1, 2843875
2500, 1000, 1500, 1, 2047333
5000, 2500, 2500, 1, 5043209
5000, 3000, 2000, 1, 6326542
8000, 4000, 4000, 1, 6471083
8000, 2000, 6000, 1, 3763292
10000, 4000, 6000, 1, 6485291
10000, 5000, 5000, 1, 8860084
650, 325, 325, 1, 18375
650, 350, 300, 1, 19792
650, 300, 350, 1, 17041
1000, 500, 500, 1, 28250
1000, 700, 300, 1, 1373916
2500, 1250, 1250, 1, 2837542
2500, 1000, 1500, 1, 2043417
5000, 2500, 2500, 1, 5044875
5000, 3000, 2000, 1, 6334792
8000, 4000, 4000, 1, 6473500
8000, 2000, 6000, 1, 3740250
10000, 4000, 6000, 1, 6474417
10000, 5000, 5000, 1, 8869833
650, 325, 325, 1, 18500
650, 350, 300, 1, 19708
650, 300, 350, 1, 17291
1000, 500, 500, 1, 28250
1000, 700, 300, 1, 1374500
2500, 1250, 1250, 1, 2837417
2500, 1000, 1500, 1, 2048667
5000, 2500, 2500, 1, 5054958
5000, 3000, 2000, 1, 6329834
8000, 4000, 4000, 1, 6483542
8000, 2000, 6000, 1, 3754584
10000, 4000, 6000, 1, 6477333
10000, 5000, 5000, 1, 8865375
650, 325, 325, 1, 18916
650, 350, 300, 1, 19791
650, 300, 350, 1, 17042
1000, 500, 500, 1, 27917
1000, 700, 300, 1, 1394584
2500, 1250, 1250, 1, 2844708
2500, 1000, 1500, 1, 2049042
5000, 2500, 2500, 1, 5063708
5000, 3000, 2000, 1, 6346916
8000, 4000, 4000, 1, 6522417
8000, 2000, 6000, 1, 3745208
10000, 4000, 6000, 1, 6486333
10000, 5000, 5000, 1, 8906666
650, 325, 325, 1, 19250
650, 350, 300, 1, 19792
650, 300, 350, 1, 17083
1000, 500, 500, 1, 28042
1000, 700, 300, 1, 1379792
2500, 1250, 1250, 1, 2844750
2500, 1000, 1500, 1, 2048875
5000, 2500, 2500, 1, 5076167
5000, 3000, 2000, 1, 6365375
8000, 4000, 4000, 1, 6494541
8000, 2000, 6000, 1, 3752834
10000, 4000, 6000, 1, 6492792
10000, 5000, 5000, 1, 9235958
650, 325, 325, 1, 20958
650, 350, 300, 1, 21042
650, 300, 350, 1, 18208
1000, 500, 500, 1, 29958
1000, 700, 300, 1, 1481500
2500, 1250, 1250, 1, 3014875
2500, 1000, 1500, 1, 2187209
5000, 2500, 2500, 1, 5366875
5000, 3000, 2000, 1, 6948583
8000, 4000, 4000, 1, 7548292
8000, 2000, 6000, 1, 4113791
10000, 4000, 6000, 1, 7228958
10000, 5000, 5000, 1, 9419250
650, 325, 325, 1, 18959
650, 350, 300, 1, 19958
650, 300, 350, 1, 17125
1000, 500, 500, 1, 27959
1000, 700, 300, 1, 1410250
2500, 1250, 1250, 1, 2878584
2500, 1000, 1500, 1, 2052875
5000, 2500, 2500, 1, 5111709
5000, 3000, 2000, 1, 6377959
8000, 4000, 4000, 1, 6518916
8000, 2000, 6000, 1, 3760667
10000, 4000, 6000, 1, 6505542
10000, 5000, 5000, 1, 8928500
650, 325, 325, 1, 18459
650, 350, 300, 1, 19833
650, 300, 350, 1, 17083
1000, 500, 500, 1, 28000
1000, 700, 300, 1, 1376792
2500, 1250, 1250, 1, 2847625
2500, 1000, 1500, 1, 2060292
5000, 2500, 2500, 1, 5075083
5000, 3000, 2000, 1, 6373333
8000, 4000, 4000, 1, 6511750
8000, 2000, 6000, 1, 3782542
10000, 4000, 6000, 1, 6554917
10000, 5000, 5000, 1, 8900375
650, 325, 325, 1, 18417
650, 350, 300, 1, 19958
650, 300, 350, 1, 17042
1000, 500, 500, 1, 28834
1000, 700, 300, 1, 1379500
2500, 1250, 1250, 1, 2862875
2500, 1000, 1500, 1, 2058666
5000, 2500, 2500, 1, 5073417
5000, 3000, 2000, 1, 6357875
8000, 4000, 4000, 1, 6511458
8000, 2000, 6000, 1, 3768750
10000, 4000, 6000, 1, 6506833
10000, 5000, 5000, 1, 8927209
650, 325, 325, 1, 18458
650, 350, 300, 1, 19750
650, 300, 350, 1, 17250
1000, 500, 500, 1, 28000
1000, 700, 300, 1, 1382417
2500, 1250, 1250, 1, 2870708
2500, 1000, 1500, 1, 2066292
5000, 2500, 2500, 1, 5081792
5000, 3000, 2000, 1, 6364791
8000, 4000, 4000, 1, 6509291
8000, 2000, 6000, 1, 3766709
10000, 4000, 6000, 1, 6509125
10000, 5000, 5000, 1, 9152292
650, 325, 325, 1, 18458
650, 350, 300, 1, 19708
650, 300, 350, 1, 17042
1000, 500, 500, 1, 27959
1000, 700, 300, 1, 1521042
2500, 1250, 1250, 1, 2908667
2500, 1000, 1500, 1, 2063541
5000, 2500, 2500, 1, 5106916
5000, 3000, 2000, 1, 6383667
8000, 4000, 4000, 1, 6529542
8000, 2000, 6000, 1, 3801875
10000, 4000, 6000, 1, 6523750
10000, 5000, 5000, 1, 8923209
650, 325, 325, 1, 18791
650, 350, 300, 1, 19792
650, 300, 350, 1, 17125
1000, 500, 500, 1, 28208
1000, 700, 300, 1, 1384541
2500, 1250, 1250, 1, 2854959
2500, 1000, 1500, 1, 2063916
5000, 2500, 2500, 1, 5083708
5000, 3000, 2000, 1, 6380125
8000, 4000, 4000, 1, 6527084
8000, 2000, 6000, 1, 3773000
10000, 4000, 6000, 1, 6515917
10000, 5000, 5000, 1, 8920083
650, 325, 325, 1, 18708
650, 350, 300, 1, 20000
650, 300, 350, 1, 17042
1000, 500, 500, 1, 28209
1000, 700, 300, 1, 1403458
2500, 1250, 1250, 1, 2885500
2500, 1000, 1500, 1, 2059958
5000, 2500, 2500, 1, 5107958
5000, 3000, 2000, 1, 6367625
8000, 4000, 4000, 1, 6522333
8000, 2000, 6000, 1, 3762042
10000, 4000, 6000, 1, 6523709
10000, 5000, 5000, 1, 8921208
650, 325, 325, 1, 18500
650, 350, 300, 1, 20083
650, 300, 350, 1, 17083
1000, 500, 500, 1, 28125
1000, 700, 300, 1, 1383291
2500, 1250, 1250, 1, 2857792
2500, 1000, 1500, 1, 2059875
5000, 2500, 2500, 1, 5083167
5000, 3000, 2000, 1, 6407125
8000, 4000, 4000, 1, 6594750
8000, 2000, 6000, 1, 3770500
10000, 4000, 6000, 1, 6519625
10000, 5000, 5000, 1, 8935667
650, 325, 325, 1, 18500
650, 350, 300, 1, 19875
650, 300, 350, 1, 17083
1000, 500, 500, 1, 27958
1000, 700, 300, 1, 1386416
2500, 1250, 1250, 1, 2860292
2500, 1000, 1500, 1, 2059334
5000, 2500, 2500, 1, 5091334
5000, 3000, 2000, 1, 6423125
8000, 4000, 4000, 1, 6530750
8000, 2000, 6000, 1, 3770166
10000, 4000, 6000, 1, 6525334
10000, 5000, 5000, 1, 8973583
650, 325, 325, 1, 18500
650, 350, 300, 1, 19833
650, 300, 350, 1, 17000
1000, 500, 500, 1, 28000
1000, 700, 300, 1, 1387833
2500, 1250, 1250, 1, 2875958
2500, 1000, 1500, 1, 2061208
5000, 2500, 2500, 1, 5118625
5000, 3000, 2000, 1, 6426333
8000, 4000, 4000, 1, 6527458
8000, 2000, 6000, 1, 3781791
10000, 4000, 6000, 1, 6532334
10000, 5000, 5000, 1, 8935667
650, 325, 325, 1, 18416
650, 350, 300, 1, 19875
650, 300, 350, 1, 17125
1000, 500, 500, 1, 28000
1000, 700, 300, 1, 1390167
2500, 1250, 1250, 1, 2859792
2500, 1000, 1500, 1, 2061917
5000, 2500, 2500, 1, 5107291
5000, 3000, 2000, 1, 6414584
8000, 4000, 4000, 1, 6541416
8000, 2000, 6000, 1, 3808042
10000, 4000, 6000, 1, 6532708
10000, 5000, 5000, 1, 8935500
650, 325, 325, 1, 18333
650, 350, 300, 1, 19792
650, 300, 350, 1, 17208
1000, 500, 500, 1, 27959
1000, 700, 300, 1, 1386750
2500, 1250, 1250, 1, 2866417
2500, 1000, 1500, 1, 2072541
5000, 2500, 2500, 1, 5093834
5000, 3000, 2000, 1, 6388958
8000, 4000, 4000, 1, 6538459
8000, 2000, 6000, 1, 3782875
10000, 4000, 6000, 1, 6545291
10000, 5000, 5000, 1, 9041875
650, 325, 325, 1, 18459
650, 350, 300, 1, 19833
650, 300, 350, 1, 17084
1000, 500, 500, 1, 27875
1000, 700, 300, 1, 1388125
2500, 1250, 1250, 1, 2866958
2500, 1000, 1500, 1, 2069042
5000, 2500, 2500, 1, 5165417
5000, 3000, 2000, 1, 6407042
8000, 4000, 4000, 1, 6557250
8000, 2000, 6000, 1, 3790875
10000, 4000, 6000, 1, 6553792
10000, 5000, 5000, 1, 9086958
650, 325, 325, 1, 19167
650, 350, 300, 1, 19791
650, 300, 350, 1, 17125
1000, 500, 500, 1, 28084
1000, 700, 300, 1, 1394042
2500, 1250, 1250, 1, 2880125
2500, 1000, 1500, 1, 2067625
5000, 2500, 2500, 1, 5128917
5000, 3000, 2000, 1, 6397459
8000, 4000, 4000, 1, 6560542
8000, 2000, 6000, 1, 3787125
10000, 4000, 6000, 1, 6766667
10000, 5000, 5000, 1, 9698583
650, 325, 325, 1, 18458
650, 350, 300, 1, 19834
650, 300, 350, 1, 17041
1000, 500, 500, 1, 28125
1000, 700, 300, 1, 1643834
2500, 1250, 1250, 1, 3018625
2500, 1000, 1500, 1, 2071875
5000, 2500, 2500, 1, 5162500
5000, 3000, 2000, 1, 6960459
8000, 4000, 4000, 1, 7359417
8000, 2000, 6000, 1, 3953875
10000, 4000, 6000, 1, 7215041
10000, 5000, 5000, 1, 9408834
650, 325, 325, 1, 18500
650, 350, 300, 1, 19875
650, 300, 350, 1, 18500
1000, 500, 500, 1, 27875
1000, 700, 300, 1, 1388500
2500, 1250, 1250, 1, 2902541
2500, 1000, 1500, 1, 2082916
5000, 2500, 2500, 1, 5143625
5000, 3000, 2000, 1, 6411708
8000, 4000, 4000, 1, 6569333
8000, 2000, 6000, 1, 3796750
10000, 4000, 6000, 1, 6658666
10000, 5000, 5000, 1, 8982125
650, 325, 325, 1, 18541
650, 350, 300, 1, 19709
650, 300, 350, 1, 17584
1000, 500, 500, 1, 28084
1000, 700, 300, 1, 1390375
2500, 1250, 1250, 1, 2878083
2500, 1000, 1500, 1, 2074041
5000, 2500, 2500, 1, 5119750
5000, 3000, 2000, 1, 6410375
8000, 4000, 4000, 1, 6557250
8000, 2000, 6000, 1, 3796042
10000, 4000, 6000, 1, 6562042
10000, 5000, 5000, 1, 8980833
650, 325, 325, 1, 18459
650, 350, 300, 1, 20125
650, 300, 350, 1, 17000
1000, 500, 500, 1, 27917
1000, 700, 300, 1, 1389333
2500, 1250, 1250, 1, 2881250
2500, 1000, 1500, 1, 2072833
5000, 2500, 2500, 1, 5124667
5000, 3000, 2000, 1, 6452375
8000, 4000, 4000, 1, 6601417
8000, 2000, 6000, 1, 3797666
10000, 4000, 6000, 1, 6566042
10000, 5000, 5000, 1, 8984083
650, 325, 325, 1, 18500
650, 350, 300, 1, 19875
650, 300, 350, 1, 16958
1000, 500, 500, 1, 28000
1000, 700, 300, 1, 1401042
2500, 1250, 1250, 1, 2881167
2500, 1000, 1500, 1, 2074042
5000, 2500, 2500, 1, 5120917
5000, 3000, 2000, 1, 6424667
8000, 4000, 4000, 1, 6570791
8000, 2000, 6000, 1, 3795250
10000, 4000, 6000, 1, 6569417
10000, 5000, 5000, 1, 8983500
650, 325, 325, 1, 18375
650, 350, 300, 1, 19875
650, 300, 350, 1, 17041
1000, 500, 500, 1, 28000
1000, 700, 300, 1, 1395667
2500, 1250, 1250, 1, 2882666
2500, 1000, 1500, 1, 2076709
5000, 2500, 2500, 1, 5130500
5000, 3000, 2000, 1, 6426625
8000, 4000, 4000, 1, 6569000
8000, 2000, 6000, 1, 3826334
10000, 4000, 6000, 1, 6568584
10000, 5000, 5000, 1, 8993667
650, 325, 325, 1, 18417
650, 350, 300, 1, 19917
650, 300, 350, 1, 17084
1000, 500, 500, 1, 28291
1000, 700, 300, 1, 1420125
2500, 1250, 1250, 1, 2884791
2500, 1000, 1500, 1, 2076000
5000, 2500, 2500, 1, 5164500
5000, 3000, 2000, 1, 6459709
8000, 4000, 4000, 1, 6643834
8000, 2000, 6000, 1, 3802834
10000, 4000, 6000, 1, 6611250
10000, 5000, 5000, 1, 9011000
650, 325, 325, 1, 18458
650, 350, 300, 1, 19791
650, 300, 350, 1, 17125
1000, 500, 500, 1, 28000
1000, 700, 300, 1, 1396625
2500, 1250, 1250, 1, 2886625
2500, 1000, 1500, 1, 2081125
5000, 2500, 2500, 1, 5125125
5000, 3000, 2000, 1, 6437000
8000, 4000, 4000, 1, 6575500
8000, 2000, 6000, 1, 3804375
10000, 4000, 6000, 1, 6619667
10000, 5000, 5000, 1, 9041125
650, 325, 325, 1, 18708
650, 350, 300, 1, 19875
650, 300, 350, 1, 17250
1000, 500, 500, 1, 28000
1000, 700, 300, 1, 1400625
2500, 1250, 1250, 1, 2888792
2500, 1000, 1500, 1, 2090750
5000, 2500, 2500, 1, 5123666
5000, 3000, 2000, 1, 6430916
8000, 4000, 4000, 1, 6577000
8000, 2000, 6000, 1, 3801708
10000, 4000, 6000, 1, 6578709
10000, 5000, 5000, 1, 8991666
650, 325, 325, 1, 20083
650, 350, 300, 1, 19833
650, 300, 350, 1, 17042
1000, 500, 500, 1, 28041
1000, 700, 300, 1, 1396458
2500, 1250, 1250, 1, 2909750
2500, 1000, 1500, 1, 2077167
5000, 2500, 2500, 1, 5169458
5000, 3000, 2000, 1, 6433959
8000, 4000, 4000, 1, 6577125
8000, 2000, 6000, 1, 3801334
10000, 4000, 6000, 1, 6595042
10000, 5000, 5000, 1, 9002458
650, 325, 325, 1, 18500
650, 350, 300, 1, 19834
650, 300, 350, 1, 17166
1000, 500, 500, 1, 28125
1000, 700, 300, 1, 1396833
2500, 1250, 1250, 1, 2888875
2500, 1000, 1500, 1, 2078708
5000, 2500, 2500, 1, 5152875
5000, 3000, 2000, 1, 6462625
8000, 4000, 4000, 1, 6583583
8000, 2000, 6000, 1, 3806417
10000, 4000, 6000, 1, 6583917
10000, 5000, 5000, 1, 9026250
650, 325, 325, 1, 18583
650, 350, 300, 1, 19875
650, 300, 350, 1, 17209
1000, 500, 500, 1, 28042
1000, 700, 300, 1, 1398375
2500, 1250, 1250, 1, 2891375
2500, 1000, 1500, 1, 2084375
5000, 2500, 2500, 1, 5132416
5000, 3000, 2000, 1, 6442959
8000, 4000, 4000, 1, 6583417
8000, 2000, 6000, 1, 3807291
10000, 4000, 6000, 1, 6584791
10000, 5000, 5000, 1, 9009500
650, 325, 325, 1, 18417
650, 350, 300, 1, 19792
650, 300, 350, 1, 17083
1000, 500, 500, 1, 28125
1000, 700, 300, 1, 1399958
2500, 1250, 1250, 1, 2931416
2500, 1000, 1500, 1, 2083958
5000, 2500, 2500, 1, 5155708
5000, 3000, 2000, 1, 6453666
8000, 4000, 4000, 1, 6611875
8000, 2000, 6000, 1, 3810125
10000, 4000, 6000, 1, 6591666
10000, 5000, 5000, 1, 9017500
650, 325, 325, 1, 18458
650, 350, 300, 1, 19834
650, 300, 350, 1, 17167
1000, 500, 500, 1, 28042
1000, 700, 300, 1, 1398833
2500, 1250, 1250, 1, 2894708
2500, 1000, 1500, 1, 2081916
5000, 2500, 2500, 1, 5138958
5000, 3000, 2000, 1, 6454542
8000, 4000, 4000, 1, 6598250
8000, 2000, 6000, 1, 3810583
10000, 4000, 6000, 1, 6596500
10000, 5000, 5000, 1, 9020208
650, 325, 325, 1, 18458
650, 350, 300, 1, 19750
650, 300, 350, 1, 17042
1000, 500, 500, 1, 28000
1000, 700, 300, 1, 1398875
2500, 1250, 1250, 1, 2894167
2500, 1000, 1500, 1, 2086166
5000, 2500, 2500, 1, 5160875
5000, 3000, 2000, 1, 6446917
8000, 4000, 4000, 1, 6599041
8000, 2000, 6000, 1, 3818667
10000, 4000, 6000, 1, 6624125
10000, 5000, 5000, 1, 9031208
650, 325, 325, 1, 18458
650, 350, 300, 1, 19625
650, 300, 350, 1, 17083
1000, 500, 500, 1, 28000
1000, 700, 300, 1, 1398292
2500, 1250, 1250, 1, 2895000
2500, 1000, 1500, 1, 2086000
5000, 2500, 2500, 1, 5150083
5000, 3000, 2000, 1, 6449708
8000, 4000, 4000, 1, 6604292
8000, 2000, 6000, 1, 3818083
10000, 4000, 6000, 1, 6603208
10000, 5000, 5000, 1, 9034583
650, 325, 325, 1, 18375
650, 350, 300, 1, 19750
650, 300, 350, 1, 17042
1000, 500, 500, 1, 28792
1000, 700, 300, 1, 1401875
2500, 1250, 1250, 1, 2901584
2500, 1000, 1500, 1, 2088500
5000, 2500, 2500, 1, 5150416
5000, 3000, 2000, 1, 6501333
8000, 4000, 4000, 1, 6607500
8000, 2000, 6000, 1, 3828166
10000, 4000, 6000, 1, 6606084
10000, 5000, 5000, 1, 9038833
650, 325, 325, 1, 18500
650, 350, 300, 1, 19834
650, 300, 350, 1, 17583
1000, 500, 500, 1, 27959
1000, 700, 300, 1, 1419167
2500, 1250, 1250, 1, 2908125
2500, 1000, 1500, 1, 2089125
5000, 2500, 2500, 1, 5292875
5000, 3000, 2000, 1, 6486625
8000, 4000, 4000, 1, 6625958
8000, 2000, 6000, 1, 3824084
10000, 4000, 6000, 1, 6625292
10000, 5000, 5000, 1, 9092834
650, 325, 325, 1, 18417
650, 350, 300, 1, 19958
650, 300, 350, 1, 17000
1000, 500, 500, 1, 28125
1000, 700, 300, 1, 1405709
2500, 1250, 1250, 1, 2899666
2500, 1000, 1500, 1, 2091959
5000, 2500, 2500, 1, 5168625
5000, 3000, 2000, 1, 6472542
8000, 4000, 4000, 1, 6626291
8000, 2000, 6000, 1, 3842458
10000, 4000, 6000, 1, 6619625
10000, 5000, 5000, 1, 9058833
650, 325, 325, 1, 18375
650, 350, 300, 1, 19875
650, 300, 350, 1, 17000
1000, 500, 500, 1, 28041
1000, 700, 300, 1, 1406333
2500, 1250, 1250, 1, 2903667
2500, 1000, 1500, 1, 2092584
5000, 2500, 2500, 1, 5216541
5000, 3000, 2000, 1, 6473875
8000, 4000, 4000, 1, 6619709
8000, 2000, 6000, 1, 3823333
10000, 4000, 6000, 1, 6619125
10000, 5000, 5000, 1, 9052625
650, 325, 325, 1, 18458
650, 350, 300, 1, 20042
650, 300, 350, 1, 17250
1000, 500, 500, 1, 28042
1000, 700, 300, 1, 1408166
2500, 1250, 1250, 1, 2902750
2500, 1000, 1500, 1, 2093792
5000, 2500, 2500, 1, 5162250
5000, 3000, 2000, 1, 6473291
8000, 4000, 4000, 1, 6623375
8000, 2000, 6000, 1, 3831250
10000, 4000, 6000, 1, 6621667
10000, 5000, 5000, 1, 9213042
650, 325, 325, 1, 19000
650, 350, 300, 1, 20416
650, 300, 350, 1, 17667
1000, 500, 500, 1, 28875
1000, 700, 300, 1, 1452000
2500, 1250, 1250, 1, 3017792
2500, 1000, 1500, 1, 2161792
5000, 2500, 2500, 1, 5361125
5000, 3000, 2000, 1, 6899500
8000, 4000, 4000, 1, 7049667
8000, 2000, 6000, 1, 3947708
10000, 4000, 6000, 1, 6801959
10000, 5000, 5000, 1, 9820917
650, 325, 325, 1, 21500
650, 350, 300, 1, 20958
650, 300, 350, 1, 19625
1000, 500, 500, 1, 30459
1000, 700, 300, 1, 1597667
2500, 1250, 1250, 1, 3332958
2500, 1000, 1500, 1, 2299875
5000, 2500, 2500, 1, 5193208
5000, 3000, 2000, 1, 6605375
8000, 4000, 4000, 1, 6688500
8000, 2000, 6000, 1, 3860791
10000, 4000, 6000, 1, 6660875
10000, 5000, 5000, 1, 9106584
650, 325, 325, 1, 18500
650, 350, 300, 1, 19792
650, 300, 350, 1, 17041
1000, 500, 500, 1, 28000
1000, 700, 300, 1, 1413000
2500, 1250, 1250, 1, 2914625
2500, 1000, 1500, 1, 2096792
5000, 2500, 2500, 1, 5179708
5000, 3000, 2000, 1, 6494500
8000, 4000, 4000, 1, 6666708
8000, 2000, 6000, 1, 3837000
10000, 4000, 6000, 1, 6679000
10000, 5000, 5000, 1, 9071959
650, 325, 325, 1, 18500
650, 350, 300, 1, 19792
650, 300, 350, 1, 17083
1000, 500, 500, 1, 28042
1000, 700, 300, 1, 1422708
2500, 1250, 1250, 1, 2987458
2500, 1000, 1500, 1, 2094875
5000, 2500, 2500, 1, 5175083
5000, 3000, 2000, 1, 6510375
8000, 4000, 4000, 1, 6634083
8000, 2000, 6000, 1, 3834334
10000, 4000, 6000, 1, 6637292
10000, 5000, 5000, 1, 9087542
650, 325, 325, 1, 19209
650, 350, 300, 1, 19750
650, 300, 350, 1, 17166
1000, 500, 500, 1, 28000
1000, 700, 300, 1, 1406458
2500, 1250, 1250, 1, 2911917
2500, 1000, 1500, 1, 2099500
5000, 2500, 2500, 1, 5180333
5000, 3000, 2000, 1, 6528417
8000, 4000, 4000, 1, 6658333
8000, 2000, 6000, 1, 3836000
10000, 4000, 6000, 1, 6644292
10000, 5000, 5000, 1, 9081958
650, 325, 325, 1, 18417
650, 350, 300, 1, 20000
650, 300, 350, 1, 17042
1000, 500, 500, 1, 28167
1000, 700, 300, 1, 1411541
2500, 1250, 1250, 1, 2937291
2500, 1000, 1500, 1, 2097375
5000, 2500, 2500, 1, 5200917
5000, 3000, 2000, 1, 6493833
8000, 4000, 4000, 1, 6672542
8000, 2000, 6000, 1, 3838209
10000, 4000, 6000, 1, 6651792
10000, 5000, 5000, 1, 9446750
650, 325, 325, 1, 19084
650, 350, 300, 1, 19750
650, 300, 350, 1, 17041
1000, 500, 500, 1, 28083
1000, 700, 300, 1, 1421250
2500, 1250, 1250, 1, 2927167
2500, 1000, 1500, 1, 2096459
5000, 2500, 2500, 1, 5295291
5000, 3000, 2000, 1, 6519000
8000, 4000, 4000, 1, 6649625
8000, 2000, 6000, 1, 3858833
10000, 4000, 6000, 1, 6684084
10000, 5000, 5000, 1, 9148583
650, 325, 325, 1, 18500
650, 350, 300, 1, 19875
650, 300, 350, 1, 17542
1000, 500, 500, 1, 28916
1000, 700, 300, 1, 1424708
2500, 1250, 1250, 1, 2930625
2500, 1000, 1500, 1, 2100000
5000, 2500, 2500, 1, 5195375
5000, 3000, 2000, 1, 6545500
8000, 4000, 4000, 1, 6659959
8000, 2000, 6000, 1, 3846292
10000, 4000, 6000, 1, 6663000
10000, 5000, 5000, 1, 9122375
650, 325, 325, 1, 18541
650, 350, 300, 1, 20000
650, 300, 350, 1, 17125
1000, 500, 500, 1, 28000
1000, 700, 300, 1, 1414958
2500, 1250, 1250, 1, 2954375
2500, 1000, 1500, 1, 2104459
5000, 2500, 2500, 1, 5200166
5000, 3000, 2000, 1, 6517458
8000, 4000, 4000, 1, 6663833
8000, 2000, 6000, 1, 3853750
10000, 4000, 6000, 1, 6657917
10000, 5000, 5000, 1, 9138042
650, 325, 325, 1, 18791
650, 350, 300, 1, 19833
650, 300, 350, 1, 17084
1000, 500, 500, 1, 28000
1000, 700, 300, 1, 1416958
2500, 1250, 1250, 1, 2916833
2500, 1000, 1500, 1, 2105208
5000, 2500, 2500, 1, 5195958
5000, 3000, 2000, 1, 6528292
8000, 4000, 4000, 1, 6707750
8000, 2000, 6000, 1, 3883792
10000, 4000, 6000, 1, 6683666
10000, 5000, 5000, 1, 9123084
650, 325, 325, 1, 18542
650, 350, 300, 1, 19834
650, 300, 350, 1, 17209
1000, 500, 500, 1, 28125
1000, 700, 300, 1, 1419583
2500, 1250, 1250, 1, 2927125
2500, 1000, 1500, 1, 2106000
5000, 2500, 2500, 1, 5205375
5000, 3000, 2000, 1, 6515333
8000, 4000, 4000, 1, 6668958
8000, 2000, 6000, 1, 3870750
10000, 4000, 6000, 1, 6672500
10000, 5000, 5000, 1, 9122166
650, 325, 325, 1, 19042
650, 350, 300, 1, 19875
650, 300, 350, 1, 17000
1000, 500, 500, 1, 27958
1000, 700, 300, 1, 1414458
2500, 1250, 1250, 1, 2931333
2500, 1000, 1500, 1, 2107000
5000, 2500, 2500, 1, 5211250
5000, 3000, 2000, 1, 6524416
8000, 4000, 4000, 1, 6687000
8000, 2000, 6000, 1, 3856125
10000, 4000, 6000, 1, 6705333
10000, 5000, 5000, 1, 9136000
650, 325, 325, 1, 18625
650, 350, 300, 1, 20000
650, 300, 350, 1, 17167
1000, 500, 500, 1, 28000
1000, 700, 300, 1, 1421333
2500, 1250, 1250, 1, 2929000
2500, 1000, 1500, 1, 2106083
5000, 2500, 2500, 1, 5201375
5000, 3000, 2000, 1, 6544750
8000, 4000, 4000, 1, 6668041
8000, 2000, 6000, 1, 3858333
10000, 4000, 6000, 1, 6664541
10000, 5000, 5000, 1, 9128708
650, 325, 325, 1, 18500
650, 350, 300, 1, 19834
650, 300, 350, 1, 17167
1000, 500, 500, 1, 28042
1000, 700, 300, 1, 1416417
2500, 1250, 1250, 1, 2929500
2500, 1000, 1500, 1, 2110834
5000, 2500, 2500, 1, 5199750
5000, 3000, 2000, 1, 6532459
8000, 4000, 4000, 1, 6689791
8000, 2000, 6000, 1, 3865750
10000, 4000, 6000, 1, 6709625
10000, 5000, 5000, 1, 9157750
650, 325, 325, 1, 18625
650, 350, 300, 1, 20416
650, 300, 350, 1, 17125
1000, 500, 500, 1, 28125
1000, 700, 300, 1, 1420875
2500, 1250, 1250, 1, 2954459
2500, 1000, 1500, 1, 2110708
5000, 2500, 2500, 1, 5211791
5000, 3000, 2000, 1, 6546125
8000, 4000, 4000, 1, 6680792
8000, 2000, 6000, 1, 3858042
10000, 4000, 6000, 1, 6677750
10000, 5000, 5000, 1, 9153292
650, 325, 325, 1, 18542
650, 350, 300, 1, 19875
650, 300, 350, 1, 17125
1000, 500, 500, 1, 28167
1000, 700, 300, 1, 1417917
2500, 1250, 1250, 1, 2927291
2500, 1000, 1500, 1, 2134709
5000, 2500, 2500, 1, 5212000
5000, 3000, 2000, 1, 6530541
8000, 4000, 4000, 1, 6683333
8000, 2000, 6000, 1, 3868125
10000, 4000, 6000, 1, 6679834
10000, 5000, 5000, 1, 9152500
650, 325, 325, 1, 18459
650, 350, 300, 1, 19792
650, 300, 350, 1, 17167
1000, 500, 500, 1, 28083
1000, 700, 300, 1, 1418417
2500, 1250, 1250, 1, 2932750
2500, 1000, 1500, 1, 2110958
5000, 2500, 2500, 1, 5213458
5000, 3000, 2000, 1, 6555375
8000, 4000, 4000, 1, 6686708
8000, 2000, 6000, 1, 3898167
10000, 4000, 6000, 1, 6687333
10000, 5000, 5000, 1, 9144042
650, 325, 325, 1, 18417
650, 350, 300, 1, 20625
650, 300, 350, 1, 17208
1000, 500, 500, 1, 28167
1000, 700, 300, 1, 1416500
2500, 1250, 1250, 1, 2933583
2500, 1000, 1500, 1, 2112416
5000, 2500, 2500, 1, 5220333
5000, 3000, 2000, 1, 6537792
8000, 4000, 4000, 1, 6689041
8000, 2000, 6000, 1, 3870167
10000, 4000, 6000, 1, 6696583
10000, 5000, 5000, 1, 9233500
650, 325, 325, 1, 18500
650, 350, 300, 1, 19875
650, 300, 350, 1, 17167
1000, 500, 500, 1, 27875
1000, 700, 300, 1, 1420375
2500, 1250, 1250, 1, 2943917
2500, 1000, 1500, 1, 2116208
5000, 2500, 2500, 1, 5232375
5000, 3000, 2000, 1, 6546459
8000, 4000, 4000, 1, 6695250
8000, 2000, 6000, 1, 3889417
10000, 4000, 6000, 1, 6689709
10000, 5000, 5000, 1, 9177041
650, 325, 325, 1, 18417
650, 350, 300, 1, 19792
650, 300, 350, 1, 17000
1000, 500, 500, 1, 27958
1000, 700, 300, 1, 1421292
2500, 1250, 1250, 1, 2939000
2500, 1000, 1500, 1, 2114542
5000, 2500, 2500, 1, 5223834
5000, 3000, 2000, 1, 6576417
8000, 4000, 4000, 1, 6697583
8000, 2000, 6000, 1, 3871583
10000, 4000, 6000, 1, 6699334
10000, 5000, 5000, 1, 9160708
650, 325, 325, 1, 18500
650, 350, 300, 1, 19833
650, 300, 350, 1, 17125
1000, 500, 500, 1, 27958
1000, 700, 300, 1, 1420958
2500, 1250, 1250, 1, 2935209
2500, 1000, 1500, 1, 2119584
5000, 2500, 2500, 1, 5224459
5000, 3000, 2000, 1, 6550500
8000, 4000, 4000, 1, 6698542
8000, 2000, 6000, 1, 3882083
10000, 4000, 6000, 1, 6729959
10000, 5000, 5000, 1, 9201416
650, 325, 325, 1, 18542
650, 350, 300, 1, 19833
650, 300, 350, 1, 17083
1000, 500, 500, 1, 28000
1000, 700, 300, 1, 1423000
2500, 1250, 1250, 1, 2941958
2500, 1000, 1500, 1, 2116625
5000, 2500, 2500, 1, 5226458
5000, 3000, 2000, 1, 6553375
8000, 4000, 4000, 1, 6699875
8000, 2000, 6000, 1, 3877541
10000, 4000, 6000, 1, 6707375
10000, 5000, 5000, 1, 9168458
650, 325, 325, 1, 18500
650, 350, 300, 1, 19750
650, 300, 350, 1, 17584
1000, 500, 500, 1, 28042
1000, 700, 300, 1, 1420541
2500, 1250, 1250, 1, 2944834
2500, 1000, 1500, 1, 2118041
5000, 2500, 2500, 1, 5231625
5000, 3000, 2000, 1, 6581750
8000, 4000, 4000, 1, 6712458
8000, 2000, 6000, 1, 3895417
10000, 4000, 6000, 1, 6702375
10000, 5000, 5000, 1, 9208709
650, 325, 325, 1, 18875
650, 350, 300, 1, 19958
650, 300, 350, 1, 17084
1000, 500, 500, 1, 27958
1000, 700, 300, 1, 1430458
2500, 1250, 1250, 1, 2944834
2500, 1000, 1500, 1, 2124291
5000, 2500, 2500, 1, 5245917
5000, 3000, 2000, 1, 6572375
8000, 4000, 4000, 1, 6716084
8000, 2000, 6000, 1, 3904917
10000, 4000, 6000, 1, 6716833
10000, 5000, 5000, 1, 9187209
650, 325, 325, 1, 18500
650, 350, 300, 1, 20000
650, 300, 350, 1, 17167
1000, 500, 500, 1, 28167
1000, 700, 300, 1, 1431917
2500, 1250, 1250, 1, 2949875
2500, 1000, 1500, 1, 2122584
5000, 2500, 2500, 1, 5245625
5000, 3000, 2000, 1, 6571042
8000, 4000, 4000, 1, 6721583
8000, 2000, 6000, 1, 3883542
10000, 4000, 6000, 1, 6725625
10000, 5000, 5000, 1, 9201958
650, 325, 325, 1, 18375
650, 350, 300, 1, 19708
650, 300, 350, 1, 17042
1000, 500, 500, 1, 28208
1000, 700, 300, 1, 1470750
2500, 1250, 1250, 1, 2948042
2500, 1000, 1500, 1, 2124208
5000, 2500, 2500, 1, 5274083
5000, 3000, 2000, 1, 6584834
8000, 4000, 4000, 1, 6732417
8000, 2000, 6000, 1, 3884542
10000, 4000, 6000, 1, 6715583
10000, 5000, 5000, 1, 9197875
650, 325, 325, 1, 18750
650, 350, 300, 1, 19916
650, 300, 350, 1, 17125
1000, 500, 500, 1, 28208
1000, 700, 300, 1, 1427167
2500, 1250, 1250, 1, 2949625
2500, 1000, 1500, 1, 2125833
5000, 2500, 2500, 1, 5240000
5000, 3000, 2000, 1, 6577042
8000, 4000, 4000, 1, 6738834
8000, 2000, 6000, 1, 3890167
10000, 4000, 6000, 1, 6734084
10000, 5000, 5000, 1, 9202625
650, 325, 325, 1, 18500
650, 350, 300, 1, 19833
650, 300, 350, 1, 17042
1000, 500, 500, 1, 27958
1000, 700, 300, 1, 1429875
2500, 1250, 1250, 1, 2961709
2500, 1000, 1500, 1, 2138375
5000, 2500, 2500, 1, 5247375
5000, 3000, 2000, 1, 6578958
8000, 4000, 4000, 1, 6758125
8000, 2000, 6000, 1, 3887917
10000, 4000, 6000, 1, 6732625
10000, 5000, 5000, 1, 9227375
650, 325, 325, 1, 18417
650, 350, 300, 1, 19750
650, 300, 350, 1, 17208
1000, 500, 500, 1, 28000
1000, 700, 300, 1, 1428167
2500, 1250, 1250, 1, 2954125
2500, 1000, 1500, 1, 2131250
5000, 2500, 2500, 1, 5246833
5000, 3000, 2000, 1, 6603791
8000, 4000, 4000, 1, 6804166
8000, 2000, 6000, 1, 3905292
10000, 4000, 6000, 1, 6788875
10000, 5000, 5000, 1, 9218875
650, 325, 325, 1, 18375
650, 350, 300, 1, 19667
650, 300, 350, 1, 17041
1000, 500, 500, 1, 28209
1000, 700, 300, 1, 1429250
2500, 1250, 1250, 1, 2963792
2500, 1000, 1500, 1, 2136167
5000, 2500, 2500, 1, 5257125
5000, 3000, 2000, 1, 6591750
8000, 4000, 4000, 1, 6731833
8000, 2000, 6000, 1, 3900875
10000, 4000, 6000, 1, 6754750
10000, 5000, 5000, 1, 9209208
650, 325, 325, 1, 18500
650, 350, 300, 1, 19833
650, 300, 350, 1, 16958
1000, 500, 500, 1, 28167
1000, 700, 300, 1, 1429292
2500, 1250, 1250, 1, 2954625
2500, 1000, 1500, 1, 2127709
5000, 2500, 2500, 1, 5256917
5000, 3000, 2000, 1, 6588042
8000, 4000, 4000, 1, 6732583
8000, 2000, 6000, 1, 3913083
10000, 4000, 6000, 1, 6733125
10000, 5000, 5000, 1, 9238500
650, 325, 325, 1, 18500
650, 350, 300, 1, 19875
650, 300, 350, 1, 17125
1000, 500, 500, 1, 28208
1000, 700, 300, 1, 1432000
2500, 1250, 1250, 1, 2962166
2500, 1000, 1500, 1, 2131166
5000, 2500, 2500, 1, 5259250
5000, 3000, 2000, 1, 6589334
8000, 4000, 4000, 1, 6744083
8000, 2000, 6000, 1, 3895000
10000, 4000, 6000, 1, 6742292
10000, 5000, 5000, 1, 9241292
650, 325, 325, 1, 19166
650, 350, 300, 1, 19792
650, 300, 350, 1, 17167
1000, 500, 500, 1, 27958
1000, 700, 300, 1, 1432709
2500, 1250, 1250, 1, 2965584
2500, 1000, 1500, 1, 2129500
5000, 2500, 2500, 1, 5314708
5000, 3000, 2000, 1, 6590584
8000, 4000, 4000, 1, 6747500
8000, 2000, 6000, 1, 3898500
10000, 4000, 6000, 1, 6740084
10000, 5000, 5000, 1, 9243292
650, 325, 325, 1, 18375
650, 350, 300, 1, 19834
650, 300, 350, 1, 17125
1000, 500, 500, 1, 28084
1000, 700, 300, 1, 1432458
2500, 1250, 1250, 1, 2962625
2500, 1000, 1500, 1, 2132333
5000, 2500, 2500, 1, 5271708
5000, 3000, 2000, 1, 6603083
8000, 4000, 4000, 1, 6788875
8000, 2000, 6000, 1, 3972459
10000, 4000, 6000, 1, 6748250
10000, 5000, 5000, 1, 9234667
650, 325, 325, 1, 18375
650, 350, 300, 1, 20750
650, 300, 350, 1, 17125
1000, 500, 500, 1, 28041
1000, 700, 300, 1, 1432834
2500, 1250, 1250, 1, 2986459
2500, 1000, 1500, 1, 2133750
5000, 2500, 2500, 1, 5291333
5000, 3000, 2000, 1, 6621833
8000, 4000, 4000, 1, 6774625
8000, 2000, 6000, 1, 3909041
10000, 4000, 6000, 1, 6758542
10000, 5000, 5000, 1, 9253666
650, 325, 325, 1, 18417
650, 350, 300, 1, 19750
650, 300, 350, 1, 17125
1000, 500, 500, 1, 27917
1000, 700, 300, 1, 1439375
2500, 1250, 1250, 1, 2967916
2500, 1000, 1500, 1, 2140334
5000, 2500, 2500, 1, 5273333
5000, 3000, 2000, 1, 6621917
8000, 4000, 4000, 1, 6763583
8000, 2000, 6000, 1, 3908625
10000, 4000, 6000, 1, 6771500
10000, 5000, 5000, 1, 9255791
650, 325, 325, 1, 18541
650, 350, 300, 1, 19792
650, 300, 350, 1, 17125
1000, 500, 500, 1, 27917
1000, 700, 300, 1, 1437375
2500, 1250, 1250, 1, 2964875
2500, 1000, 1500, 1, 2139917
5000, 2500, 2500, 1, 5284000
5000, 3000, 2000, 1, 6615250
8000, 4000, 4000, 1, 6811084
8000, 2000, 6000, 1, 3911167
10000, 4000, 6000, 1, 6780500
10000, 5000, 5000, 1, 9258583
650, 325, 325, 1, 18375
650, 350, 300, 1, 19792
650, 300, 350, 1, 17291
1000, 500, 500, 1, 28042
1000, 700, 300, 1, 1441084
2500, 1250, 1250, 1, 2971834
2500, 1000, 1500, 1, 2143583
5000, 2500, 2500, 1, 5281125
5000, 3000, 2000, 1, 6619708
8000, 4000, 4000, 1, 6775125
8000, 2000, 6000, 1, 3933625
10000, 4000, 6000, 1, 6775875
10000, 5000, 5000, 1, 9262875
650, 325, 325, 1, 18417
650, 350, 300, 1, 19833
650, 300, 350, 1, 17208
1000, 500, 500, 1, 27958
1000, 700, 300, 1, 1444458
2500, 1250, 1250, 1, 2968250
2500, 1000, 1500, 1, 2142625
5000, 2500, 2500, 1, 5286375
5000, 3000, 2000, 1, 6626083
8000, 4000, 4000, 1, 6775084
8000, 2000, 6000, 1, 3918458
10000, 4000, 6000, 1, 6809500
10000, 5000, 5000, 1, 9263250
650, 325, 325, 1, 18458
650, 350, 300, 1, 19875
650, 300, 350, 1, 17333
1000, 500, 500, 1, 28083
1000, 700, 300, 1, 1433791
2500, 1250, 1250, 1, 2972917
2500, 1000, 1500, 1, 2139000
5000, 2500, 2500, 1, 5285375
5000, 3000, 2000, 1, 6650083
8000, 4000, 4000, 1, 6819167
8000, 2000, 6000, 1, 3918959
10000, 4000, 6000, 1, 6769792
10000, 5000, 5000, 1, 9278542
650, 325, 325, 1, 18584
650, 350, 300, 1, 19750
650, 300, 350, 1, 17250
1000, 500, 500, 1, 28041
1000, 700, 300, 1, 1450375
2500, 1250, 1250, 1, 2972875
2500, 1000, 1500, 1, 2140375
5000, 2500, 2500, 1, 5287250
5000, 3000, 2000, 1, 6624750
8000, 4000, 4000, 1, 6773708
8000, 2000, 6000, 1, 3914000
10000, 4000, 6000, 1, 6776750
10000, 5000, 5000, 1, 9294291
650, 325, 325, 1, 18458
650, 350, 300, 1, 19875
650, 300, 350, 1, 17000
1000, 500, 500, 1, 28083
1000, 700, 300, 1, 1467417
2500, 1250, 1250, 1, 2971250
2500, 1000, 1500, 1, 2141584
5000, 2500, 2500, 1, 5313458
5000, 3000, 2000, 1, 6640833
8000, 4000, 4000, 1, 6781042
8000, 2000, 6000, 1, 3931334
10000, 4000, 6000, 1, 6825375
10000, 5000, 5000, 1, 9278042
650, 325, 325, 1, 18583
650, 350, 300, 1, 19791
650, 300, 350, 1, 17000
1000, 500, 500, 1, 28167
1000, 700, 300, 1, 1439625
2500, 1250, 1250, 1, 2975500
2500, 1000, 1500, 1, 2141584
5000, 2500, 2500, 1, 5288750
5000, 3000, 2000, 1, 6650792
8000, 4000, 4000, 1, 6821334
8000, 2000, 6000, 1, 3923750
10000, 4000, 6000, 1, 6781375
10000, 5000, 5000, 1, 9278458
650, 325, 325, 1, 18417
650, 350, 300, 1, 19750
650, 300, 350, 1, 17000
1000, 500, 500, 1, 27917
1000, 700, 300, 1, 1443458
2500, 1250, 1250, 1, 2982292
2500, 1000, 1500, 1, 2146459
5000, 2500, 2500, 1, 5350000
5000, 3000, 2000, 1, 6637000
8000, 4000, 4000, 1, 6783459
8000, 2000, 6000, 1, 3923958
10000, 4000, 6000, 1, 6781791
10000, 5000, 5000, 1, 9293875
650, 325, 325, 1, 18541
650, 350, 300, 1, 20000
650, 300, 350, 1, 17042
1000, 500, 500, 1, 28209
1000, 700, 300, 1, 1444792
2500, 1250, 1250, 1, 2975209
2500, 1000, 1500, 1, 2144166
5000, 2500, 2500, 1, 5324083
5000, 3000, 2000, 1, 6648250
8000, 4000, 4000, 1, 6788458
8000, 2000, 6000, 1, 3969292
10000, 4000, 6000, 1, 6789416
10000, 5000, 5000, 1, 9322834
650, 325, 325, 1, 18375
650, 350, 300, 1, 19875
650, 300, 350, 1, 17083
1000, 500, 500, 1, 28000
1000, 700, 300, 1, 1449541
2500, 1250, 1250, 1, 2995625
2500, 1000, 1500, 1, 2147125
5000, 2500, 2500, 1, 5298750
5000, 3000, 2000, 1, 6641875
8000, 4000, 4000, 1, 6821917
8000, 2000, 6000, 1, 3933292
10000, 4000, 6000, 1, 6791958
10000, 5000, 5000, 1, 9331333
650, 325, 325, 1, 18458
650, 350, 300, 1, 19875
650, 300, 350, 1, 17166
1000, 500, 500, 1, 28042
1000, 700, 300, 1, 1441708
2500, 1250, 1250, 1, 2979917
2500, 1000, 1500, 1, 2150167
5000, 2500, 2500, 1, 5312500
5000, 3000, 2000, 1, 6649000
8000, 4000, 4000, 1, 6799167
8000, 2000, 6000, 1, 3928333
10000, 4000, 6000, 1, 6799042
10000, 5000, 5000, 1, 9358166
650, 325, 325, 1, 18500
650, 350, 300, 1, 19875
650, 300, 350, 1, 17084
1000, 500, 500, 1, 27917
1000, 700, 300, 1, 1443167
2500, 1250, 1250, 1, 3009125
2500, 1000, 1500, 1, 2155500
5000, 2500, 2500, 1, 5306667
5000, 3000, 2000, 1, 6692458
8000, 4000, 4000, 1, 6803208
8000, 2000, 6000, 1, 3931000
10000, 4000, 6000, 1, 6827416
10000, 5000, 5000, 1, 9324292
650, 325, 325, 1, 18458
650, 350, 300, 1, 19917
650, 300, 350, 1, 17125
1000, 500, 500, 1, 28042
1000, 700, 300, 1, 1444042
2500, 1250, 1250, 1, 2986167
2500, 1000, 1500, 1, 2152209
5000, 2500, 2500, 1, 5306042
5000, 3000, 2000, 1, 6653042
8000, 4000, 4000, 1, 6815959
8000, 2000, 6000, 1, 3933667
10000, 4000, 6000, 1, 6814167
10000, 5000, 5000, 1, 9311000
650, 325, 325, 1, 18459
650, 350, 300, 1, 19791
650, 300, 350, 1, 17166
1000, 500, 500, 1, 27917
1000, 700, 300, 1, 1444834
2500, 1250, 1250, 1, 2986875
2500, 1000, 1500, 1, 2155333
5000, 2500, 2500, 1, 5309041
5000, 3000, 2000, 1, 6688500
8000, 4000, 4000, 1, 6821584
8000, 2000, 6000, 1, 3938291
10000, 4000, 6000, 1, 6811375
10000, 5000, 5000, 1, 9338167
650, 325, 325, 1, 20083
650, 350, 300, 1, 20500
650, 300, 350, 1, 17958
1000, 500, 500, 1, 29416
1000, 700, 300, 1, 1503625
2500, 1250, 1250, 1, 3081167
2500, 1000, 1500, 1, 2220500
5000, 2500, 2500, 1, 5331333
5000, 3000, 2000, 1, 6756791
8000, 4000, 4000, 1, 6871125
8000, 2000, 6000, 1, 3988584
10000, 4000, 6000, 1, 6838459
10000, 5000, 5000, 1, 9382583
650, 325, 325, 1, 18542
650, 350, 300, 1, 19792
650, 300, 350, 1, 17208
1000, 500, 500, 1, 27958
1000, 700, 300, 1, 1457875
2500, 1250, 1250, 1, 2989875
2500, 1000, 1500, 1, 2158792
5000, 2500, 2500, 1, 5322208
5000, 3000, 2000, 1, 6673750
8000, 4000, 4000, 1, 6842666
8000, 2000, 6000, 1, 3943542
10000, 4000, 6000, 1, 6825208
10000, 5000, 5000, 1, 9355833
650, 325, 325, 1, 18791
650, 350, 300, 1, 20667
650, 300, 350, 1, 17166
1000, 500, 500, 1, 27875
1000, 700, 300, 1, 1444791
2500, 1250, 1250, 1, 2997042
2500, 1000, 1500, 1, 2156500
5000, 2500, 2500, 1, 5330958
5000, 3000, 2000, 1, 6675125
8000, 4000, 4000, 1, 6827500
8000, 2000, 6000, 1, 3947667
10000, 4000, 6000, 1, 6822000
10000, 5000, 5000, 1, 9373541
650, 325, 325, 1, 18541
650, 350, 300, 1, 19834
650, 300, 350, 1, 17125
1000, 500, 500, 1, 28041
1000, 700, 300, 1, 1448625
2500, 1250, 1250, 1, 2999292
2500, 1000, 1500, 1, 2156500
5000, 2500, 2500, 1, 5426959
5000, 3000, 2000, 1, 6784208
8000, 4000, 4000, 1, 6838458
8000, 2000, 6000, 1, 3963083
10000, 4000, 6000, 1, 6818750
10000, 5000, 5000, 1, 9334000
650, 325, 325, 1, 18542
650, 350, 300, 1, 19875
650, 300, 350, 1, 17083
1000, 500, 500, 1, 28041
1000, 700, 300, 1, 1451875
2500, 1250, 1250, 1, 3114042
2500, 1000, 1500, 1, 2173208
5000, 2500, 2500, 1, 5357250
5000, 3000, 2000, 1, 6854417
8000, 4000, 4000, 1, 6848583
8000, 2000, 6000, 1, 3950917
10000, 4000, 6000, 1, 6837375
10000, 5000, 5000, 1, 9395875
650, 325, 325, 1, 18667
650, 350, 300, 1, 19875
650, 300, 350, 1, 17042
1000, 500, 500, 1, 28000
1000, 700, 300, 1, 1454125
2500, 1250, 1250, 1, 2999458
2500, 1000, 1500, 1, 2159125
5000, 2500, 2500, 1, 5331500
5000, 3000, 2000, 1, 6682125
8000, 4000, 4000, 1, 6838541
8000, 2000, 6000, 1, 3992417
10000, 4000, 6000, 1, 6827458
10000, 5000, 5000, 1, 9350709
650, 325, 325, 1, 18458
650, 350, 300, 1, 19833
650, 300, 350, 1, 17083
1000, 500, 500, 1, 28041
1000, 700, 300, 1, 1451250
2500, 1250, 1250, 1, 3007250
2500, 1000, 1500, 1, 2161167
5000, 2500, 2500, 1, 5330333
5000, 3000, 2000, 1, 6708708
8000, 4000, 4000, 1, 6839042
8000, 2000, 6000, 1, 3956125
10000, 4000, 6000, 1, 6830667
10000, 5000, 5000, 1, 9354750
650, 325, 325, 1, 18417
650, 350, 300, 1, 19875
650, 300, 350, 1, 17209
1000, 500, 500, 1, 28000
1000, 700, 300, 1, 1451667
2500, 1250, 1250, 1, 3000125
2500, 1000, 1500, 1, 2159417
5000, 2500, 2500, 1, 5366625
5000, 3000, 2000, 1, 6683416
8000, 4000, 4000, 1, 6835083
8000, 2000, 6000, 1, 3958500
10000, 4000, 6000, 1, 6840667
10000, 5000, 5000, 1, 9371834
650, 325, 325, 1, 18542
650, 350, 300, 1, 19834
650, 300, 350, 1, 17083
1000, 500, 500, 1, 28000
1000, 700, 300, 1, 1452541
2500, 1250, 1250, 1, 2998500
2500, 1000, 1500, 1, 2164459
5000, 2500, 2500, 1, 5336166
5000, 3000, 2000, 1, 6730333
8000, 4000, 4000, 1, 6855875
8000, 2000, 6000, 1, 3961375
10000, 4000, 6000, 1, 6844708
10000, 5000, 5000, 1, 9362208
650, 325, 325, 1, 18417
650, 350, 300, 1, 19959
650, 300, 350, 1, 17084
1000, 500, 500, 1, 27834
1000, 700, 300, 1, 1453292
2500, 1250, 1250, 1, 3003542
2500, 1000, 1500, 1, 2163167
5000, 2500, 2500, 1, 5341833
5000, 3000, 2000, 1, 6697375
8000, 4000, 4000, 1, 6844083
8000, 2000, 6000, 1, 4159042
10000, 4000, 6000, 1, 7001000
10000, 5000, 5000, 1, 9376458
650, 325, 325, 1, 18500
650, 350, 300, 1, 19875
650, 300, 350, 1, 17167
1000, 500, 500, 1, 28083
1000, 700, 300, 1, 1459500
2500, 1250, 1250, 1, 3014875
2500, 1000, 1500, 1, 2165458
5000, 2500, 2500, 1, 5349708
5000, 3000, 2000, 1, 6707416
8000, 4000, 4000, 1, 6870792
8000, 2000, 6000, 1, 3964208
10000, 4000, 6000, 1, 7053333
10000, 5000, 5000, 1, 9448750
650, 325, 325, 1, 20125
650, 350, 300, 1, 21750
650, 300, 350, 1, 17083
1000, 500, 500, 1, 30583
1000, 700, 300, 1, 1464125
2500, 1250, 1250, 1, 3033083
2500, 1000, 1500, 1, 2195375
5000, 2500, 2500, 1, 5366584
5000, 3000, 2000, 1, 6713625
8000, 4000, 4000, 1, 6878041
8000, 2000, 6000, 1, 3967833
10000, 4000, 6000, 1, 6871792
10000, 5000, 5000, 1, 9402000
650, 325, 325, 1, 18458
650, 350, 300, 1, 19750
650, 300, 350, 1, 17167
1000, 500, 500, 1, 28000
1000, 700, 300, 1, 1459250
2500, 1250, 1250, 1, 3030542
2500, 1000, 1500, 1, 2170875
5000, 2500, 2500, 1, 5357875
5000, 3000, 2000, 1, 6713000
8000, 4000, 4000, 1, 6905083
8000, 2000, 6000, 1, 3967542
10000, 4000, 6000, 1, 6860666
10000, 5000, 5000, 1, 9409208
650, 325, 325, 1, 18458
650, 350, 300, 1, 19791
650, 300, 350, 1, 17167
1000, 500, 500, 1, 27958
1000, 700, 300, 1, 1461750
2500, 1250, 1250, 1, 3015625
2500, 1000, 1500, 1, 2169000
5000, 2500, 2500, 1, 5361167
5000, 3000, 2000, 1, 6714042
8000, 4000, 4000, 1, 6867709
8000, 2000, 6000, 1, 3973416
10000, 4000, 6000, 1, 6862792
10000, 5000, 5000, 1, 9404250
650, 325, 325, 1, 18458
650, 350, 300, 1, 19833
650, 300, 350, 1, 17208
1000, 500, 500, 1, 27958
1000, 700, 300, 1, 1463500
2500, 1250, 1250, 1, 3022916
2500, 1000, 1500, 1, 2173458
5000, 2500, 2500, 1, 5359375
5000, 3000, 2000, 1, 6716459
8000, 4000, 4000, 1, 6871583
8000, 2000, 6000, 1, 3972167
10000, 4000, 6000, 1, 6870292
10000, 5000, 5000, 1, 9404917
650, 325, 325, 1, 18459
650, 350, 300, 1, 19875
650, 300, 350, 1, 17041
1000, 500, 500, 1, 27958
1000, 700, 300, 1, 1462875
2500, 1250, 1250, 1, 3019250
2500, 1000, 1500, 1, 2188209
5000, 2500, 2500, 1, 5406583
5000, 3000, 2000, 1, 6715166
8000, 4000, 4000, 1, 6933667
8000, 2000, 6000, 1, 3970458
10000, 4000, 6000, 1, 6867708
10000, 5000, 5000, 1, 9424791
650, 325, 325, 1, 18417
650, 350, 300, 1, 19917
650, 300, 350, 1, 17000
1000, 500, 500, 1, 28042
1000, 700, 300, 1, 1461167
2500, 1250, 1250, 1, 3019375
2500, 1000, 1500, 1, 2177042
5000, 2500, 2500, 1, 5369042
5000, 3000, 2000, 1, 6739125
8000, 4000, 4000, 1, 6878167
8000, 2000, 6000, 1, 4010875
10000, 4000, 6000, 1, 6872750
10000, 5000, 5000, 1, 9402333
650, 325, 325, 1, 18375
650, 350, 300, 1, 19834
650, 300, 350, 1, 17041
1000, 500, 500, 1, 28125
1000, 700, 300, 1, 1459750
2500, 1250, 1250, 1, 3019875
2500, 1000, 1500, 1, 2171709
5000, 2500, 2500, 1, 5363291
5000, 3000, 2000, 1, 6761375
8000, 4000, 4000, 1, 6884166
8000, 2000, 6000, 1, 3980750
10000, 4000, 6000, 1, 6887375
10000, 5000, 5000, 1, 9421167
650, 325, 325, 1, 18667
650, 350, 300, 1, 19958
650, 300, 350, 1, 17041
1000, 500, 500, 1, 28084
1000, 700, 300, 1, 1463042
2500, 1250, 1250, 1, 3035541
2500, 1000, 1500, 1, 2177334
5000, 2500, 2500, 1, 5383375
5000, 3000, 2000, 1, 6758959
8000, 4000, 4000, 1, 6892500
8000, 2000, 6000, 1, 3980417
10000, 4000, 6000, 1, 6886666
10000, 5000, 5000, 1, 9426500
650, 325, 325, 1, 18458
650, 350, 300, 1, 19750
650, 300, 350, 1, 17041
1000, 500, 500, 1, 28000
1000, 700, 300, 1, 1463750
2500, 1250, 1250, 1, 3025167
2500, 1000, 1500, 1, 2176708
5000, 2500, 2500, 1, 5377959
5000, 3000, 2000, 1, 6743000
8000, 4000, 4000, 1, 6920083
8000, 2000, 6000, 1, 3977916
10000, 4000, 6000, 1, 6887292
10000, 5000, 5000, 1, 9428084
650, 325, 325, 1, 18416
650, 350, 300, 1, 19750
650, 300, 350, 1, 17208
1000, 500, 500, 1, 27959
1000, 700, 300, 1, 1462542
2500, 1250, 1250, 1, 3028417
2500, 1000, 1500, 1, 2175292
5000, 2500, 2500, 1, 5388208
5000, 3000, 2000, 1, 6736875
8000, 4000, 4000, 1, 6903709
8000, 2000, 6000, 1, 4033084
10000, 4000, 6000, 1, 6902708
10000, 5000, 5000, 1, 9466500
650, 325, 325, 1, 18459
650, 350, 300, 1, 19959
650, 300, 350, 1, 17000
1000, 500, 500, 1, 27875
1000, 700, 300, 1, 1467500
2500, 1250, 1250, 1, 3028583
2500, 1000, 1500, 1, 2192959
5000, 2500, 2500, 1, 5390583
5000, 3000, 2000, 1, 6803458
8000, 4000, 4000, 1, 6907709
8000, 2000, 6000, 1, 3996125
10000, 4000, 6000, 1, 6930208
10000, 5000, 5000, 1, 9466041
650, 325, 325, 1, 18375
650, 350, 300, 1, 19833
650, 300, 350, 1, 17041
1000, 500, 500, 1, 28791
1000, 700, 300, 1, 1461041
2500, 1250, 1250, 1, 3037791
2500, 1000, 1500, 1, 2218125
5000, 2500, 2500, 1, 5384375
5000, 3000, 2000, 1, 6761125
8000, 4000, 4000, 1, 6902375
8000, 2000, 6000, 1, 3997958
10000, 4000, 6000, 1, 6920792
10000, 5000, 5000, 1, 9454000
650, 325, 325, 1, 18375
650, 350, 300, 1, 19708
650, 300, 350, 1, 17125
1000, 500, 500, 1, 28042
1000, 700, 300, 1, 1461500
2500, 1250, 1250, 1, 3032125
2500, 1000, 1500, 1, 2185167
5000, 2500, 2500, 1, 5387084
5000, 3000, 2000, 1, 6755917
8000, 4000, 4000, 1, 6945250
8000, 2000, 6000, 1, 3994250
10000, 4000, 6000, 1, 6907542
10000, 5000, 5000, 1, 9771500
650, 325, 325, 1, 20959
650, 350, 300, 1, 19875
650, 300, 350, 1, 19375
1000, 500, 500, 1, 27958
1000, 700, 300, 1, 1467042
2500, 1250, 1250, 1, 3114000
2500, 1000, 1500, 1, 2183459
5000, 2500, 2500, 1, 5404459
5000, 3000, 2000, 1, 6798791
8000, 4000, 4000, 1, 6903542
8000, 2000, 6000, 1, 3989000
10000, 4000, 6000, 1, 6934667
10000, 5000, 5000, 1, 9447750
650, 325, 325, 1, 18708
650, 350, 300, 1, 26209
650, 300, 350, 1, 16958
1000, 500, 500, 1, 28042
1000, 700, 300, 1, 1468333
2500, 1250, 1250, 1, 3027333
2500, 1000, 1500, 1, 2185750
5000, 2500, 2500, 1, 5382417
5000, 3000, 2000, 1, 6758792
8000, 4000, 4000, 1, 6902292
8000, 2000, 6000, 1, 3991250
10000, 4000, 6000, 1, 6907041
10000, 5000, 5000, 1, 9472125
650, 325, 325, 1, 18500
650, 350, 300, 1, 19833
650, 300, 350, 1, 17084
1000, 500, 500, 1, 28042
1000, 700, 300, 1, 1489000
2500, 1250, 1250, 1, 3036417
2500, 1000, 1500, 1, 2186291
5000, 2500, 2500, 1, 5409583
5000, 3000, 2000, 1, 6763625
8000, 4000, 4000, 1, 6915708
8000, 2000, 6000, 1, 4004166
10000, 4000, 6000, 1, 6925875
10000, 5000, 5000, 1, 9472708
650, 325, 325, 1, 18542
650, 350, 300, 1, 19833
650, 300, 350, 1, 17167
1000, 500, 500, 1, 27833
1000, 700, 300, 1, 1474292
2500, 1250, 1250, 1, 3037792
2500, 1000, 1500, 1, 2186000
5000, 2500, 2500, 1, 5400250
5000, 3000, 2000, 1, 6767833
8000, 4000, 4000, 1, 6926500
8000, 2000, 6000, 1, 4035541
10000, 4000, 6000, 1, 6914625
10000, 5000, 5000, 1, 9474584
650, 325, 325, 1, 18500
650, 350, 300, 1, 19750
650, 300, 350, 1, 17209
1000, 500, 500, 1, 27958
1000, 700, 300, 1, 1472000
2500, 1250, 1250, 1, 3043250
2500, 1000, 1500, 1, 2190292
5000, 2500, 2500, 1, 5436584
5000, 3000, 2000, 1, 6787042
8000, 4000, 4000, 1, 6927084
8000, 2000, 6000, 1, 4004708
10000, 4000, 6000, 1, 6938083
10000, 5000, 5000, 1, 9491583
650, 325, 325, 1, 18458
650, 350, 300, 1, 20458
650, 300, 350, 1, 17000
1000, 500, 500, 1, 28208
1000, 700, 300, 1, 1471333
2500, 1250, 1250, 1, 3044334
2500, 1000, 1500, 1, 2188750
5000, 2500, 2500, 1, 5407666
5000, 3000, 2000, 1, 6772166
8000, 4000, 4000, 1, 6934709
8000, 2000, 6000, 1, 4007000
10000, 4000, 6000, 1, 6931292
10000, 5000, 5000, 1, 9480083
650, 325, 325, 1, 18500
650, 350, 300, 1, 19625
650, 300, 350, 1, 17000
1000, 500, 500, 1, 28292
1000, 700, 300, 1, 1472750
2500, 1250, 1250, 1, 3046083
2500, 1000, 1500, 1, 2189875
5000, 2500, 2500, 1, 5411500
5000, 3000, 2000, 1, 6839542
8000, 4000, 4000, 1, 6929666
8000, 2000, 6000, 1, 4006542
10000, 4000, 6000, 1, 6955000
10000, 5000, 5000, 1, 9487208
650, 325, 325, 1, 18458
650, 350, 300, 1, 19791
650, 300, 350, 1, 17167
1000, 500, 500, 1, 28000
1000, 700, 300, 1, 1473208
2500, 1250, 1250, 1, 3042208
2500, 1000, 1500, 1, 2192625
5000, 2500, 2500, 1, 5411417
5000, 3000, 2000, 1, 6797666
8000, 4000, 4000, 1, 6931166
8000, 2000, 6000, 1, 4035500
10000, 4000, 6000, 1, 6981708
10000, 5000, 5000, 1, 9555042
650, 325, 325, 1, 21958
650, 350, 300, 1, 19917
650, 300, 350, 1, 17083
1000, 500, 500, 1, 27959
1000, 700, 300, 1, 1482750
2500, 1250, 1250, 1, 3049166
2500, 1000, 1500, 1, 2191917
5000, 2500, 2500, 1, 5422667
5000, 3000, 2000, 1, 6784834
8000, 4000, 4000, 1, 6952709
8000, 2000, 6000, 1, 4009458
10000, 4000, 6000, 1, 6926583
10000, 5000, 5000, 1, 9505959
650, 325, 325, 1, 18458
650, 350, 300, 1, 19833
650, 300, 350, 1, 17041
1000, 500, 500, 1, 28042
1000, 700, 300, 1, 1510583
2500, 1250, 1250, 1, 3087041
2500, 1000, 1500, 1, 2190875
5000, 2500, 2500, 1, 5409709
5000, 3000, 2000, 1, 6782334
8000, 4000, 4000, 1, 6937125
8000, 2000, 6000, 1, 4045083
10000, 4000, 6000, 1, 6935875
10000, 5000, 5000, 1, 9511666
650, 325, 325, 1, 19250
650, 350, 300, 1, 19875
650, 300, 350, 1, 17042
1000, 500, 500, 1, 28167
1000, 700, 300, 1, 1471833
2500, 1250, 1250, 1, 3045000
2500, 1000, 1500, 1, 2195125
5000, 2500, 2500, 1, 5413708
5000, 3000, 2000, 1, 6793500
8000, 4000, 4000, 1, 6934333
8000, 2000, 6000, 1, 4030500
10000, 4000, 6000, 1, 6940959
10000, 5000, 5000, 1, 9502875
650, 325, 325, 1, 18542
650, 350, 300, 1, 19834
650, 300, 350, 1, 17000
1000, 500, 500, 1, 28167
1000, 700, 300, 1, 1474083
2500, 1250, 1250, 1, 3048375
2500, 1000, 1500, 1, 2195542
5000, 2500, 2500, 1, 5414791
5000, 3000, 2000, 1, 6789833
8000, 4000, 4000, 1, 6937834
8000, 2000, 6000, 1, 4015458
10000, 4000, 6000, 1, 6958666
10000, 5000, 5000, 1, 9502083
650, 325, 325, 1, 18416
650, 350, 300, 1, 19792
650, 300, 350, 1, 17125
1000, 500, 500, 1, 28084
1000, 700, 300, 1, 1474833
2500, 1250, 1250, 1, 3049000
2500, 1000, 1500, 1, 2194750
5000, 2500, 2500, 1, 5426750
5000, 3000, 2000, 1, 6792916
8000, 4000, 4000, 1, 6951083
8000, 2000, 6000, 1, 4014792
10000, 4000, 6000, 1, 6945000
10000, 5000, 5000, 1, 9548000
650, 325, 325, 1, 18500
650, 350, 300, 1, 19833
650, 300, 350, 1, 17167
1000, 500, 500, 1, 28041
1000, 700, 300, 1, 1475333
2500, 1250, 1250, 1, 3054542
2500, 1000, 1500, 1, 2198667
5000, 2500, 2500, 1, 5434500
5000, 3000, 2000, 1, 6803708
8000, 4000, 4000, 1, 6971250
8000, 2000, 6000, 1, 4025333
10000, 4000, 6000, 1, 6952750
10000, 5000, 5000, 1, 9522458
650, 325, 325, 1, 18583
650, 350, 300, 1, 19834
650, 300, 350, 1, 17583
1000, 500, 500, 1, 27959
1000, 700, 300, 1, 1473459
2500, 1250, 1250, 1, 3055250
2500, 1000, 1500, 1, 2200750
5000, 2500, 2500, 1, 5424250
5000, 3000, 2000, 1, 6803375
8000, 4000, 4000, 1, 6969042
8000, 2000, 6000, 1, 4020167
10000, 4000, 6000, 1, 6955334
10000, 5000, 5000, 1, 9526125
650, 325, 325, 1, 18542
650, 350, 300, 1, 19833
650, 300, 350, 1, 17041
1000, 500, 500, 1, 28166
1000, 700, 300, 1, 1497208
2500, 1250, 1250, 1, 3050666
2500, 1000, 1500, 1, 2199917
5000, 2500, 2500, 1, 5425875
5000, 3000, 2000, 1, 6805666
8000, 4000, 4000, 1, 6956166
8000, 2000, 6000, 1, 4021292
10000, 4000, 6000, 1, 6971375
10000, 5000, 5000, 1, 9522833
650, 325, 325, 1, 18375
650, 350, 300, 1, 19792
650, 300, 350, 1, 17125
1000, 500, 500, 1, 28125
1000, 700, 300, 1, 1478083
2500, 1250, 1250, 1, 3057583
2500, 1000, 1500, 1, 2200209
5000, 2500, 2500, 1, 5430166
5000, 3000, 2000, 1, 6811208
8000, 4000, 4000, 1, 6962250
8000, 2000, 6000, 1, 4024917
10000, 4000, 6000, 1, 6958250
10000, 5000, 5000, 1, 9524750
650, 325, 325, 1, 18375
650, 350, 300, 1, 19750
650, 300, 350, 1, 17000
1000, 500, 500, 1, 28959
1000, 700, 300, 1, 1478458
2500, 1250, 1250, 1, 3057000
2500, 1000, 1500, 1, 2207917
5000, 2500, 2500, 1, 5460792
5000, 3000, 2000, 1, 6841709
8000, 4000, 4000, 1, 6983416
8000, 2000, 6000, 1, 4039333
10000, 4000, 6000, 1, 6968000
10000, 5000, 5000, 1, 9531125
650, 325, 325, 1, 18500
650, 350, 300, 1, 19792
650, 300, 350, 1, 17125
1000, 500, 500, 1, 28042
1000, 700, 300, 1, 1479042
2500, 1250, 1250, 1, 3064500
2500, 1000, 1500, 1, 2201541
5000, 2500, 2500, 1, 5519459
5000, 3000, 2000, 1, 6884750
8000, 4000, 4000, 1, 7000708
8000, 2000, 6000, 1, 4048542
10000, 4000, 6000, 1, 6977958
10000, 5000, 5000, 1, 9563541
650, 325, 325, 1, 18375
650, 350, 300, 1, 19875
650, 300, 350, 1, 17166
1000, 500, 500, 1, 27958
1000, 700, 300, 1, 1482500
2500, 1250, 1250, 1, 3066208
2500, 1000, 1500, 1, 2205209
5000, 2500, 2500, 1, 5449916
5000, 3000, 2000, 1, 6824000
8000, 4000, 4000, 1, 7017625
8000, 2000, 6000, 1, 4039250
10000, 4000, 6000, 1, 6975084
10000, 5000, 5000, 1, 9594375
650, 325, 325, 1, 18417
650, 350, 300, 1, 19875
650, 300, 350, 1, 17167
1000, 500, 500, 1, 28208
1000, 700, 300, 1, 1478250
2500, 1250, 1250, 1, 3069250
2500, 1000, 1500, 1, 2209041
5000, 2500, 2500, 1, 5452750
5000, 3000, 2000, 1, 6831417
8000, 4000, 4000, 1, 6982583
8000, 2000, 6000, 1, 4036750
10000, 4000, 6000, 1, 6996208
10000, 5000, 5000, 1, 9568458
650, 325, 325, 1, 18416
650, 350, 300, 1, 20000
650, 300, 350, 1, 17250
1000, 500, 500, 1, 30833
1000, 700, 300, 1, 1484500
2500, 1250, 1250, 1, 3067083
2500, 1000, 1500, 1, 2212958
5000, 2500, 2500, 1, 5501750
5000, 3000, 2000, 1, 6838750
8000, 4000, 4000, 1, 6985709
8000, 2000, 6000, 1, 4073000
10000, 4000, 6000, 1, 7002542
10000, 5000, 5000, 1, 9551500
650, 325, 325, 1, 18666
650, 350, 300, 1, 19792
650, 300, 350, 1, 17250
1000, 500, 500, 1, 28000
1000, 700, 300, 1, 1484750
2500, 1250, 1250, 1, 3064917
2500, 1000, 1500, 1, 2206083
5000, 2500, 2500, 1, 5451667
5000, 3000, 2000, 1, 6830250
8000, 4000, 4000, 1, 6988250
8000, 2000, 6000, 1, 4040375
10000, 4000, 6000, 1, 6981042
10000, 5000, 5000, 1, 9620250
650, 325, 325, 1, 19334
650, 350, 300, 1, 19791
650, 300, 350, 1, 17083
1000, 500, 500, 1, 28209
1000, 700, 300, 1, 1483000
2500, 1250, 1250, 1, 3064583
2500, 1000, 1500, 1, 2209292
5000, 2500, 2500, 1, 5453209
5000, 3000, 2000, 1, 6836333
8000, 4000, 4000, 1, 6987584
8000, 2000, 6000, 1, 4038500
10000, 4000, 6000, 1, 7009875
10000, 5000, 5000, 1, 9570833
650, 325, 325, 1, 18500
650, 350, 300, 1, 19791
650, 300, 350, 1, 16958
1000, 500, 500, 1, 27958
1000, 700, 300, 1, 1486709
2500, 1250, 1250, 1, 3065583
2500, 1000, 1500, 1, 2208958
5000, 2500, 2500, 1, 5455791
5000, 3000, 2000, 1, 6838083
8000, 4000, 4000, 1, 6988750
8000, 2000, 6000, 1, 4042333
10000, 4000, 6000, 1, 6985750
10000, 5000, 5000, 1, 9567542
650, 325, 325, 1, 18458
650, 350, 300, 1, 19875
650, 300, 350, 1, 17084
1000, 500, 500, 1, 28000
1000, 700, 300, 1, 1490834
2500, 1250, 1250, 1, 3070042
2500, 1000, 1500, 1, 2210333
5000, 2500, 2500, 1, 5476209
5000, 3000, 2000, 1, 6858584
8000, 4000, 4000, 1, 6997625
8000, 2000, 6000, 1, 4043542
10000, 4000, 6000, 1, 7011291
10000, 5000, 5000, 1, 9593916
650, 325, 325, 1, 18583
650, 350, 300, 1, 20000
650, 300, 350, 1, 17375
1000, 500, 500, 1, 28083
1000, 700, 300, 1, 1486667
2500, 1250, 1250, 1, 3074000
2500, 1000, 1500, 1, 2211334
5000, 2500, 2500, 1, 5460208
5000, 3000, 2000, 1, 6848042
8000, 4000, 4000, 1, 7058084
8000, 2000, 6000, 1, 4104042
10000, 4000, 6000, 1, 6999125
10000, 5000, 5000, 1, 9600916
650, 325, 325, 1, 18583
650, 350, 300, 1, 19666
650, 300, 350, 1, 17125
1000, 500, 500, 1, 28042
1000, 700, 300, 1, 1487458
2500, 1250, 1250, 1, 3073667
2500, 1000, 1500, 1, 2219291
5000, 2500, 2500, 1, 5493458
5000, 3000, 2000, 1, 6853375
8000, 4000, 4000, 1, 7004958
8000, 2000, 6000, 1, 4049500
10000, 4000, 6000, 1, 7004584
10000, 5000, 5000, 1, 9632208
650, 325, 325, 1, 18417
650, 350, 300, 1, 19833
650, 300, 350, 1, 17084
1000, 500, 500, 1, 28083
1000, 700, 300, 1, 1488500
2500, 1250, 1250, 1, 3080625
2500, 1000, 1500, 1, 2217750
5000, 2500, 2500, 1, 5473208
5000, 3000, 2000, 1, 6877292
8000, 4000, 4000, 1, 7013250
8000, 2000, 6000, 1, 4078334
10000, 4000, 6000, 1, 7017875
10000, 5000, 5000, 1, 9619959
650, 325, 325, 1, 18458
650, 350, 300, 1, 19834
650, 300, 350, 1, 17084
1000, 500, 500, 1, 28083
1000, 700, 300, 1, 1488250
2500, 1250, 1250, 1, 3077625
2500, 1000, 1500, 1, 2215125
5000, 2500, 2500, 1, 5472750
5000, 3000, 2000, 1, 6876375
8000, 4000, 4000, 1, 7008459
8000, 2000, 6000, 1, 4054791
10000, 4000, 6000, 1, 7011459
10000, 5000, 5000, 1, 9589791
650, 325, 325, 1, 18458
650, 350, 300, 1, 19834
650, 300, 350, 1, 17000
1000, 500, 500, 1, 27959
1000, 700, 300, 1, 1492833
2500, 1250, 1250, 1, 3085709
2500, 1000, 1500, 1, 2216042
5000, 2500, 2500, 1, 5492667
5000, 3000, 2000, 1, 6864500
8000, 4000, 4000, 1, 7009084
8000, 2000, 6000, 1, 4062375
10000, 4000, 6000, 1, 7015042
10000, 5000, 5000, 1, 9596458
650, 325, 325, 1, 18542
650, 350, 300, 1, 19750
650, 300, 350, 1, 17000
1000, 500, 500, 1, 28042
1000, 700, 300, 1, 1490459
2500, 1250, 1250, 1, 3080958
2500, 1000, 1500, 1, 2216709
5000, 2500, 2500, 1, 5477666
5000, 3000, 2000, 1, 6861708
8000, 4000, 4000, 1, 7017916
8000, 2000, 6000, 1, 4059417
10000, 4000, 6000, 1, 7015542
10000, 5000, 5000, 1, 9611500
650, 325, 325, 1, 18542
650, 350, 300, 1, 20042
650, 300, 350, 1, 17083
1000, 500, 500, 1, 28083
1000, 700, 300, 1, 1524083
2500, 1250, 1250, 1, 3079208
2500, 1000, 1500, 1, 2219083
5000, 2500, 2500, 1, 5480958
5000, 3000, 2000, 1, 6889125
8000, 4000, 4000, 1, 7018791
8000, 2000, 6000, 1, 4059625
10000, 4000, 6000, 1, 7022833
10000, 5000, 5000, 1, 9606166
650, 325, 325, 1, 18458
650, 350, 300, 1, 19917
650, 300, 350, 1, 17084
1000, 500, 500, 1, 28125
1000, 700, 300, 1, 1491333
2500, 1250, 1250, 1, 3083750
2500, 1000, 1500, 1, 2219583
5000, 2500, 2500, 1, 5489083
5000, 3000, 2000, 1, 6892875
8000, 4000, 4000, 1, 7025292
8000, 2000, 6000, 1, 4059958
10000, 4000, 6000, 1, 7019583
10000, 5000, 5000, 1, 9616000
650, 325, 325, 1, 18458
650, 350, 300, 1, 20375
650, 300, 350, 1, 17084
1000, 500, 500, 1, 28000
1000, 700, 300, 1, 1503583
2500, 1250, 1250, 1, 3085500
2500, 1000, 1500, 1, 2225292
5000, 2500, 2500, 1, 5502167
5000, 3000, 2000, 1, 6888042
8000, 4000, 4000, 1, 7052042
8000, 2000, 6000, 1, 4064291
10000, 4000, 6000, 1, 7071583
10000, 5000, 5000, 1, 9625958
650, 325, 325, 1, 18333
650, 350, 300, 1, 19875
650, 300, 350, 1, 17208
1000, 500, 500, 1, 28084
1000, 700, 300, 1, 1493417
2500, 1250, 1250, 1, 3087292
2500, 1000, 1500, 1, 2226209
5000, 2500, 2500, 1, 5486125
5000, 3000, 2000, 1, 6890250
8000, 4000, 4000, 1, 7034375
8000, 2000, 6000, 1, 4065541
10000, 4000, 6000, 1, 7032417
10000, 5000, 5000, 1, 9622625
650, 325, 325, 1, 19292
650, 350, 300, 1, 19834
650, 300, 350, 1, 17208
1000, 500, 500, 1, 27917
1000, 700, 300, 1, 1493000
2500, 1250, 1250, 1, 3106958
2500, 1000, 1500, 1, 2223417
5000, 2500, 2500, 1, 5494958
5000, 3000, 2000, 1, 6885917
8000, 4000, 4000, 1, 7030541
8000, 2000, 6000, 1, 4090417
10000, 4000, 6000, 1, 7039416
10000, 5000, 5000, 1, 9629208
650, 325, 325, 1, 18375
650, 350, 300, 1, 19833
650, 300, 350, 1, 17125
1000, 500, 500, 1, 27875
1000, 700, 300, 1, 1497333
2500, 1250, 1250, 1, 3091542
2500, 1000, 1500, 1, 2227375
5000, 2500, 2500, 1, 5494292
5000, 3000, 2000, 1, 6892416
8000, 4000, 4000, 1, 7038042
8000, 2000, 6000, 1, 4074625
10000, 4000, 6000, 1, 7037750
10000, 5000, 5000, 1, 9633083
650, 325, 325, 1, 18459
650, 350, 300, 1, 19833
650, 300, 350, 1, 16958
1000, 500, 500, 1, 28000
1000, 700, 300, 1, 1495125
2500, 1250, 1250, 1, 3091958
2500, 1000, 1500, 1, 2228500
5000, 2500, 2500, 1, 5514875
5000, 3000, 2000, 1, 6904250
8000, 4000, 4000, 1, 7050333
8000, 2000, 6000, 1, 4074292
10000, 4000, 6000, 1, 7077791
10000, 5000, 5000, 1, 9673042
650, 325, 325, 1, 18750
650, 350, 300, 1, 19792
650, 300, 350, 1, 17042
1000, 500, 500, 1, 28000
1000, 700, 300, 1, 1498333
2500, 1250, 1250, 1, 3094583
2500, 1000, 1500, 1, 2234709
5000, 2500, 2500, 1, 5502625
5000, 3000, 2000, 1, 6907291
8000, 4000, 4000, 1, 7048541
8000, 2000, 6000, 1, 4074333
10000, 4000, 6000, 1, 7209334
10000, 5000, 5000, 1, 9750666
650, 325, 325, 1, 18541
650, 350, 300, 1, 19708
650, 300, 350, 1, 17125
1000, 500, 500, 1, 28000
1000, 700, 300, 1, 1497250
2500, 1250, 1250, 1, 3108500
2500, 1000, 1500, 1, 2232917
5000, 2500, 2500, 1, 5520875
5000, 3000, 2000, 1, 6915416
8000, 4000, 4000, 1, 7060708
8000, 2000, 6000, 1, 4081625
10000, 4000, 6000, 1, 7057375
10000, 5000, 5000, 1, 9684583
650, 325, 325, 1, 18458
650, 350, 300, 1, 19750
650, 300, 350, 1, 16958
1000, 500, 500, 1, 27958
1000, 700, 300, 1, 1500625
2500, 1250, 1250, 1, 3096833
2500, 1000, 1500, 1, 2233542
5000, 2500, 2500, 1, 5511916
5000, 3000, 2000, 1, 6915083
8000, 4000, 4000, 1, 7064125
8000, 2000, 6000, 1, 4091959
10000, 4000, 6000, 1, 7059833
10000, 5000, 5000, 1, 9670625
650, 325, 325, 1, 18417
650, 350, 300, 1, 19791
650, 300, 350, 1, 17083
1000, 500, 500, 1, 27959
1000, 700, 300, 1, 1498375
2500, 1250, 1250, 1, 3103792
2500, 1000, 1500, 1, 2234042
5000, 2500, 2500, 1, 5514334
5000, 3000, 2000, 1, 6912500
8000, 4000, 4000, 1, 7068417
8000, 2000, 6000, 1, 4085750
10000, 4000, 6000, 1, 7084834
10000, 5000, 5000, 1, 9701792
650, 325, 325, 1, 18375
650, 350, 300, 1, 19834
650, 300, 350, 1, 17125
1000, 500, 500, 1, 28125
1000, 700, 300, 1, 1501667
2500, 1250, 1250, 1, 3105458
2500, 1000, 1500, 1, 2234625
5000, 2500, 2500, 1, 5525958
5000, 3000, 2000, 1, 6916500
8000, 4000, 4000, 1, 7070708
8000, 2000, 6000, 1, 4100042
10000, 4000, 6000, 1, 7225459
10000, 5000, 5000, 1, 9866333
650, 325, 325, 1, 19125
650, 350, 300, 1, 20083
650, 300, 350, 1, 17333
1000, 500, 500, 1, 27917
1000, 700, 300, 1, 1518125
2500, 1250, 1250, 1, 3175959
2500, 1000, 1500, 1, 2285541
5000, 2500, 2500, 1, 5644500
5000, 3000, 2000, 1, 7327792
8000, 4000, 4000, 1, 7245958
8000, 2000, 6000, 1, 4103334
10000, 4000, 6000, 1, 7102042
10000, 5000, 5000, 1, 9723792
650, 325, 325, 1, 18458
650, 350, 300, 1, 19708
650, 300, 350, 1, 17125
1000, 500, 500, 1, 29375
1000, 700, 300, 1, 1503833
2500, 1250, 1250, 1, 3157958
2500, 1000, 1500, 1, 2243667
5000, 2500, 2500, 1, 5558625
5000, 3000, 2000, 1, 6974750
8000, 4000, 4000, 1, 7123167
8000, 2000, 6000, 1, 4120166
10000, 4000, 6000, 1, 7137959
10000, 5000, 5000, 1, 9722625
650, 325, 325, 1, 18416
650, 350, 300, 1, 19833
650, 300, 350, 1, 18083
1000, 500, 500, 1, 28125
1000, 700, 300, 1, 1511416
2500, 1250, 1250, 1, 3110375
2500, 1000, 1500, 1, 2243958
5000, 2500, 2500, 1, 5532416
5000, 3000, 2000, 1, 6979542
8000, 4000, 4000, 1, 7083750
8000, 2000, 6000, 1, 4093625
10000, 4000, 6000, 1, 7114541
10000, 5000, 5000, 1, 9696625
650, 325, 325, 1, 19125
650, 350, 300, 1, 19792
650, 300, 350, 1, 17083
1000, 500, 500, 1, 27917
1000, 700, 300, 1, 1503084
2500, 1250, 1250, 1, 3111542
2500, 1000, 1500, 1, 2240416
5000, 2500, 2500, 1, 5646167
5000, 3000, 2000, 1, 6959125
8000, 4000, 4000, 1, 7212334
8000, 2000, 6000, 1, 4107709
10000, 4000, 6000, 1, 7096542
10000, 5000, 5000, 1, 9708583
650, 325, 325, 1, 18667
650, 350, 300, 1, 19833
650, 300, 350, 1, 17042
1000, 500, 500, 1, 28958
1000, 700, 300, 1, 1516167
2500, 1250, 1250, 1, 3116041
2500, 1000, 1500, 1, 2240792
5000, 2500, 2500, 1, 5538417
5000, 3000, 2000, 1, 6940333
8000, 4000, 4000, 1, 7104208
8000, 2000, 6000, 1, 4105750
10000, 4000, 6000, 1, 7092125
10000, 5000, 5000, 1, 9705083
650, 325, 325, 1, 18542
650, 350, 300, 1, 19834
650, 300, 350, 1, 17083
1000, 500, 500, 1, 28042
1000, 700, 300, 1, 1509583
2500, 1250, 1250, 1, 3133458
2500, 1000, 1500, 1, 2243500
5000, 2500, 2500, 1, 5562917
5000, 3000, 2000, 1, 6990792
8000, 4000, 4000, 1, 7099750
8000, 2000, 6000, 1, 4103541
10000, 4000, 6000, 1, 7099000
10000, 5000, 5000, 1, 9708666
650, 325, 325, 1, 18375
650, 350, 300, 1, 19750
650, 300, 350, 1, 17083
1000, 500, 500, 1, 28042
1000, 700, 300, 1, 1507833
2500, 1250, 1250, 1, 3113125
2500, 1000, 1500, 1, 2242791
5000, 2500, 2500, 1, 5538833
5000, 3000, 2000, 1, 6942834
8000, 4000, 4000, 1, 7107750
8000, 2000, 6000, 1, 4107541
10000, 4000, 6000, 1, 7111000
10000, 5000, 5000, 1, 9719292
650, 325, 325, 1, 18458
650, 350, 300, 1, 19875
650, 300, 350, 1, 17083
1000, 500, 500, 1, 28000
1000, 700, 300, 1, 1508417
2500, 1250, 1250, 1, 3112791
2500, 1000, 1500, 1, 2243583
5000, 2500, 2500, 1, 5546625
5000, 3000, 2000, 1, 6948125
8000, 4000, 4000, 1, 7180750
8000, 2000, 6000, 1, 4190000
10000, 4000, 6000, 1, 7248292
10000, 5000, 5000, 1, 9785916
650, 325, 325, 1, 19167
650, 350, 300, 1, 20000
650, 300, 350, 1, 17000
1000, 500, 500, 1, 27916
1000, 700, 300, 1, 1526917
2500, 1250, 1250, 1, 3116666
2500, 1000, 1500, 1, 2293708
5000, 2500, 2500, 1, 5558625
5000, 3000, 2000, 1, 6961792
8000, 4000, 4000, 1, 7117375
8000, 2000, 6000, 1, 4117375
10000, 4000, 6000, 1, 7105542
10000, 5000, 5000, 1, 9724042
650, 325, 325, 1, 18500
650, 350, 300, 1, 19791
650, 300, 350, 1, 17125
1000, 500, 500, 1, 28708
1000, 700, 300, 1, 1507250
2500, 1250, 1250, 1, 3121583
2500, 1000, 1500, 1, 2248791
5000, 2500, 2500, 1, 5548083
5000, 3000, 2000, 1, 6992500
8000, 4000, 4000, 1, 7103667
8000, 2000, 6000, 1, 4112250
10000, 4000, 6000, 1, 7119500
10000, 5000, 5000, 1, 9802000
650, 325, 325, 1, 18417
650, 350, 300, 1, 19875
650, 300, 350, 1, 17084
1000, 500, 500, 1, 28167
1000, 700, 300, 1, 1511750
2500, 1250, 1250, 1, 3124708
2500, 1000, 1500, 1, 2249459
5000, 2500, 2500, 1, 5550250
5000, 3000, 2000, 1, 6954875
8000, 4000, 4000, 1, 7132792
8000, 2000, 6000, 1, 4111166
10000, 4000, 6000, 1, 7151167
10000, 5000, 5000, 1, 9743375
650, 325, 325, 1, 18542
650, 350, 300, 1, 19708
650, 300, 350, 1, 17167
1000, 500, 500, 1, 28083
1000, 700, 300, 1, 1515917
2500, 1250, 1250, 1, 3131041
2500, 1000, 1500, 1, 2248334
5000, 2500, 2500, 1, 5551958
5000, 3000, 2000, 1, 6961958
8000, 4000, 4000, 1, 7119209
8000, 2000, 6000, 1, 4113375
10000, 4000, 6000, 1, 7155334
10000, 5000, 5000, 1, 9752125
650, 325, 325, 1, 18500
650, 350, 300, 1, 20083
650, 300, 350, 1, 17000
1000, 500, 500, 1, 28083
1000, 700, 300, 1, 1512208
2500, 1250, 1250, 1, 3123667
2500, 1000, 1500, 1, 2251833
5000, 2500, 2500, 1, 5566875
5000, 3000, 2000, 1, 6965333
8000, 4000, 4000, 1, 7123292
8000, 2000, 6000, 1, 4114875
10000, 4000, 6000, 1, 7126417
10000, 5000, 5000, 1, 9742583
650, 325, 325, 1, 18500
650, 350, 300, 1, 19958
650, 300, 350, 1, 17083
1000, 500, 500, 1, 28000
1000, 700, 300, 1, 1512833
2500, 1250, 1250, 1, 3122833
2500, 1000, 1500, 1, 2251417
5000, 2500, 2500, 1, 5554666
5000, 3000, 2000, 1, 6977625
8000, 4000, 4000, 1, 7124209
8000, 2000, 6000, 1, 4121208
10000, 4000, 6000, 1, 7121000
10000, 5000, 5000, 1, 9760125
650, 325, 325, 1, 19292
650, 350, 300, 1, 19791
650, 300, 350, 1, 20709
1000, 500, 500, 1, 28000
1000, 700, 300, 1, 1521750
2500, 1250, 1250, 1, 3124292
2500, 1000, 1500, 1, 2254292
5000, 2500, 2500, 1, 5562333
5000, 3000, 2000, 1, 6976417
8000, 4000, 4000, 1, 7119584
8000, 2000, 6000, 1, 4137583
10000, 4000, 6000, 1, 7120333
10000, 5000, 5000, 1, 9778666
650, 325, 325, 1, 18584
650, 350, 300, 1, 19792
650, 300, 350, 1, 17125
1000, 500, 500, 1, 29958
1000, 700, 300, 1, 1512125
2500, 1250, 1250, 1, 3151375
2500, 1000, 1500, 1, 2271041
5000, 2500, 2500, 1, 5561583
5000, 3000, 2000, 1, 7005458
8000, 4000, 4000, 1, 7135958
8000, 2000, 6000, 1, 4130625
10000, 4000, 6000, 1, 7122583
10000, 5000, 5000, 1, 9792875
650, 325, 325, 1, 18750
650, 350, 300, 1, 19875
650, 300, 350, 1, 17042
1000, 500, 500, 1, 28917
1000, 700, 300, 1, 1513083
2500, 1250, 1250, 1, 3142375
2500, 1000, 1500, 1, 2258125
5000, 2500, 2500, 1, 5575042
5000, 3000, 2000, 1, 6983000
8000, 4000, 4000, 1, 7137583
8000, 2000, 6000, 1, 4124333
10000, 4000, 6000, 1, 7150167
10000, 5000, 5000, 1, 9764750
650, 325, 325, 1, 18500
650, 350, 300, 1, 19875
650, 300, 350, 1, 17041
1000, 500, 500, 1, 27958
1000, 700, 300, 1, 1518875
2500, 1250, 1250, 1, 3135334
2500, 1000, 1500, 1, 2255333
5000, 2500, 2500, 1, 5571667
5000, 3000, 2000, 1, 7017792
8000, 4000, 4000, 1, 7130167
8000, 2000, 6000, 1, 4130333
10000, 4000, 6000, 1, 7140042
10000, 5000, 5000, 1, 9858541
650, 325, 325, 1, 18750
650, 350, 300, 1, 19834
650, 300, 350, 1, 17000
1000, 500, 500, 1, 28042
1000, 700, 300, 1, 1519209
2500, 1250, 1250, 1, 3129375
2500, 1000, 1500, 1, 2256542
5000, 2500, 2500, 1, 5753625
5000, 3000, 2000, 1, 7011167
8000, 4000, 4000, 1, 7134542
8000, 2000, 6000, 1, 4126708
10000, 4000, 6000, 1, 7148000
10000, 5000, 5000, 1, 9786250
650, 325, 325, 1, 18542
650, 350, 300, 1, 19792
650, 300, 350, 1, 17042
1000, 500, 500, 1, 27958
1000, 700, 300, 1, 1515542
2500, 1250, 1250, 1, 3135833
2500, 1000, 1500, 1, 2257959
5000, 2500, 2500, 1, 5588500
5000, 3000, 2000, 1, 6982458
8000, 4000, 4000, 1, 7139375
8000, 2000, 6000, 1, 4126875
10000, 4000, 6000, 1, 7136666
10000, 5000, 5000, 1, 9786583
650, 325, 325, 1, 18416
650, 350, 300, 1, 19958
650, 300, 350, 1, 17291
1000, 500, 500, 1, 28125
1000, 700, 300, 1, 1535583
2500, 1250, 1250, 1, 3146625
2500, 1000, 1500, 1, 2257875
5000, 2500, 2500, 1, 5574666
5000, 3000, 2000, 1, 6983042
8000, 4000, 4000, 1, 7141958
8000, 2000, 6000, 1, 4161792
10000, 4000, 6000, 1, 7140750
10000, 5000, 5000, 1, 9778083
650, 325, 325, 1, 18458
650, 350, 300, 1, 19792
650, 300, 350, 1, 17166
1000, 500, 500, 1, 28084
1000, 700, 300, 1, 1518917
2500, 1250, 1250, 1, 3137084
2500, 1000, 1500, 1, 2271750
5000, 2500, 2500, 1, 5583167
5000, 3000, 2000, 1, 6995250
8000, 4000, 4000, 1, 7144000
8000, 2000, 6000, 1, 4129625
10000, 4000, 6000, 1, 7150041
10000, 5000, 5000, 1, 9776708
650, 325, 325, 1, 18500
650, 350, 300, 1, 19750
650, 300, 350, 1, 17125
1000, 500, 500, 1, 28167
1000, 700, 300, 1, 1517666
2500, 1250, 1250, 1, 3138500
2500, 1000, 1500, 1, 2259250
5000, 2500, 2500, 1, 5590458
5000, 3000, 2000, 1, 6995042
8000, 4000, 4000, 1, 7151792
8000, 2000, 6000, 1, 4172125
10000, 4000, 6000, 1, 7162459
10000, 5000, 5000, 1, 9782666
650, 325, 325, 1, 18666
650, 350, 300, 1, 20041
650, 300, 350, 1, 17083
1000, 500, 500, 1, 28167
1000, 700, 300, 1, 1518917
2500, 1250, 1250, 1, 3140708
2500, 1000, 1500, 1, 2259958
5000, 2500, 2500, 1, 5584958
5000, 3000, 2000, 1, 7004125
8000, 4000, 4000, 1, 7151708
8000, 2000, 6000, 1, 4142167
10000, 4000, 6000, 1, 7155791
10000, 5000, 5000, 1, 9807292
650, 325, 325, 1, 18417
650, 350, 300, 1, 19791
650, 300, 350, 1, 17042
1000, 500, 500, 1, 27958
1000, 700, 300, 1, 1519375
2500, 1250, 1250, 1, 3140667
2500, 1000, 1500, 1, 2261875
5000, 2500, 2500, 1, 5594291
5000, 3000, 2000, 1, 7034708
8000, 4000, 4000, 1, 7157125
8000, 2000, 6000, 1, 4139666
10000, 4000, 6000, 1, 7153958
10000, 5000, 5000, 1, 9790250
650, 325, 325, 1, 18666
650, 350, 300, 1, 19750
650, 300, 350, 1, 17208
1000, 500, 500, 1, 28084
1000, 700, 300, 1, 1520416
2500, 1250, 1250, 1, 3145125
2500, 1000, 1500, 1, 2277208
5000, 2500, 2500, 1, 5623791
5000, 3000, 2000, 1, 7006750
8000, 4000, 4000, 1, 7169333
8000, 2000, 6000, 1, 4181209
10000, 4000, 6000, 1, 7173708
10000, 5000, 5000, 1, 9820500
650, 325, 325, 1, 18541
650, 350, 300, 1, 19875
650, 300, 350, 1, 17000
1000, 500, 500, 1, 28083
1000, 700, 300, 1, 1520875
2500, 1250, 1250, 1, 3142750
2500, 1000, 1500, 1, 2264958
5000, 2500, 2500, 1, 5592833
5000, 3000, 2000, 1, 7011333
8000, 4000, 4000, 1, 7193625
8000, 2000, 6000, 1, 4142834
10000, 4000, 6000, 1, 7173417
10000, 5000, 5000, 1, 9803167
650, 325, 325, 1, 18667
650, 350, 300, 1, 19750
650, 300, 350, 1, 17041
1000, 500, 500, 1, 27875
1000, 700, 300, 1, 1525291
2500, 1250, 1250, 1, 3144708
2500, 1000, 1500, 1, 2267667
5000, 2500, 2500, 1, 5595292
5000, 3000, 2000, 1, 7010000
8000, 4000, 4000, 1, 7182291
8000, 2000, 6000, 1, 4150625
10000, 4000, 6000, 1, 7179708
10000, 5000, 5000, 1, 9854916
650, 325, 325, 1, 18375
650, 350, 300, 1, 19875
650, 300, 350, 1, 17083
1000, 500, 500, 1, 28042
1000, 700, 300, 1, 1525292
2500, 1250, 1250, 1, 3154458
2500, 1000, 1500, 1, 2272042
5000, 2500, 2500, 1, 5607417
5000, 3000, 2000, 1, 7020583
8000, 4000, 4000, 1, 7197583
8000, 2000, 6000, 1, 4152541
10000, 4000, 6000, 1, 7184709
10000, 5000, 5000, 1, 9823250
650, 325, 325, 1, 18625
650, 350, 300, 1, 19959
650, 300, 350, 1, 17167
1000, 500, 500, 1, 27958
1000, 700, 300, 1, 1527292
2500, 1250, 1250, 1, 3162291
2500, 1000, 1500, 1, 2270750
5000, 2500, 2500, 1, 5613583
5000, 3000, 2000, 1, 7038875
8000, 4000, 4000, 1, 7202083
8000, 2000, 6000, 1, 4161875
10000, 4000, 6000, 1, 7194500
10000, 5000, 5000, 1, 9830875
650, 325, 325, 1, 18500
650, 350, 300, 1, 19875
650, 300, 350, 1, 17042
1000, 500, 500, 1, 27958
1000, 700, 300, 1, 1527125
2500, 1250, 1250, 1, 3158292
2500, 1000, 1500, 1, 2276000
5000, 2500, 2500, 1, 5624375
5000, 3000, 2000, 1, 7031083
8000, 4000, 4000, 1, 7226042
8000, 2000, 6000, 1, 4161334
10000, 4000, 6000, 1, 7185000
10000, 5000, 5000, 1, 9857583
650, 325, 325, 1, 18542
650, 350, 300, 1, 19792
650, 300, 350, 1, 17042
1000, 500, 500, 1, 27917
1000, 700, 300, 1, 1528000
2500, 1250, 1250, 1, 3163667
2500, 1000, 1500, 1, 2273125
5000, 2500, 2500, 1, 5611500
5000, 3000, 2000, 1, 7043375
8000, 4000, 4000, 1, 7196292
8000, 2000, 6000, 1, 4167708
10000, 4000, 6000, 1, 7191750
10000, 5000, 5000, 1, 9851458
650, 325, 325, 1, 18500
650, 350, 300, 1, 20042
650, 300, 350, 1, 16917
1000, 500, 500, 1, 28042
1000, 700, 300, 1, 1531583
2500, 1250, 1250, 1, 3166542
2500, 1000, 1500, 1, 2273917
5000, 2500, 2500, 1, 5614458
5000, 3000, 2000, 1, 7038292
8000, 4000, 4000, 1, 7193333
8000, 2000, 6000, 1, 4159208
10000, 4000, 6000, 1, 7231083
10000, 5000, 5000, 1, 9858792
650, 325, 325, 1, 18458
650, 350, 300, 1, 19792
650, 300, 350, 1, 17083
1000, 500, 500, 1, 28042
1000, 700, 300, 1, 1529833
2500, 1250, 1250, 1, 3162458
2500, 1000, 1500, 1, 2279625
5000, 2500, 2500, 1, 5619083
5000, 3000, 2000, 1, 7051959
8000, 4000, 4000, 1, 7195791
8000, 2000, 6000, 1, 4163458
10000, 4000, 6000, 1, 7211000
10000, 5000, 5000, 1, 9858875
650, 325, 325, 1, 18459
650, 350, 300, 1, 19833
650, 300, 350, 1, 16959
1000, 500, 500, 1, 28125
1000, 700, 300, 1, 1532666
2500, 1250, 1250, 1, 3163458
2500, 1000, 1500, 1, 2276208
5000, 2500, 2500, 1, 5627792
5000, 3000, 2000, 1, 7054042
8000, 4000, 4000, 1, 7221833
8000, 2000, 6000, 1, 4173792
10000, 4000, 6000, 1, 7198083
10000, 5000, 5000, 1, 9892875
650, 325, 325, 1, 18500
650, 350, 300, 1, 19875
650, 300, 350, 1, 17583
1000, 500, 500, 1, 28125
1000, 700, 300, 1, 1525666
2500, 1250, 1250, 1, 3194125
2500, 1000, 1500, 1, 2281667
5000, 2500, 2500, 1, 5643583
5000, 3000, 2000, 1, 7058208
8000, 4000, 4000, 1, 7204542
8000, 2000, 6000, 1, 4176417
10000, 4000, 6000, 1, 7249708
10000, 5000, 5000, 1, 9865458
650, 325, 325, 1, 19292
650, 350, 300, 1, 19875
650, 300, 350, 1, 17083
1000, 500, 500, 1, 27958
1000, 700, 300, 1, 1531167
2500, 1250, 1250, 1, 3169000
2500, 1000, 1500, 1, 2292875
5000, 2500, 2500, 1, 5622791
5000, 3000, 2000, 1, 7048834
8000, 4000, 4000, 1, 7207333
8000, 2000, 6000, 1, 4168458
10000, 4000, 6000, 1, 7206167
10000, 5000, 5000, 1, 9978833
650, 325, 325, 1, 20750
650, 350, 300, 1, 19792
650, 300, 350, 1, 17042
1000, 500, 500, 1, 28209
1000, 700, 300, 1, 1556292
2500, 1250, 1250, 1, 3201500
2500, 1000, 1500, 1, 2283834
5000, 2500, 2500, 1, 5861209
5000, 3000, 2000, 1, 7098875
8000, 4000, 4000, 1, 7212792
8000, 2000, 6000, 1, 4176042
10000, 4000, 6000, 1, 7212958
10000, 5000, 5000, 1, 9895167
650, 325, 325, 1, 18416
650, 350, 300, 1, 19791
650, 300, 350, 1, 17291
1000, 500, 500, 1, 28125
1000, 700, 300, 1, 1533500
2500, 1250, 1250, 1, 3171250
2500, 1000, 1500, 1, 2280416
5000, 2500, 2500, 1, 5637750
5000, 3000, 2000, 1, 7068667
8000, 4000, 4000, 1, 7220208
8000, 2000, 6000, 1, 4247250
10000, 4000, 6000, 1, 7396334
10000, 5000, 5000, 1, 9972916
650, 325, 325, 1, 18500
650, 350, 300, 1, 19708
650, 300, 350, 1, 17125
1000, 500, 500, 1, 28167
1000, 700, 300, 1, 1530125
2500, 1250, 1250, 1, 3197500
2500, 1000, 1500, 1, 2284375
5000, 2500, 2500, 1, 5692625
5000, 3000, 2000, 1, 7134541
8000, 4000, 4000, 1, 7226542
8000, 2000, 6000, 1, 4176125
10000, 4000, 6000, 1, 7219875
10000, 5000, 5000, 1, 9896292
650, 325, 325, 1, 19542
650, 350, 300, 1, 19833
650, 300, 350, 1, 17083
1000, 500, 500, 1, 28125
1000, 700, 300, 1, 1532916
2500, 1250, 1250, 1, 3174625
2500, 1000, 1500, 1, 2282834
5000, 2500, 2500, 1, 5643792
5000, 3000, 2000, 1, 7099166
8000, 4000, 4000, 1, 7223833
8000, 2000, 6000, 1, 4190750
10000, 4000, 6000, 1, 7223542
10000, 5000, 5000, 1, 9904333
650, 325, 325, 1, 18459
650, 350, 300, 1, 19750
650, 300, 350, 1, 17125
1000, 500, 500, 1, 27958
1000, 700, 300, 1, 1544541
2500, 1250, 1250, 1, 3172958
2500, 1000, 1500, 1, 2304458
5000, 2500, 2500, 1, 5641333
5000, 3000, 2000, 1, 7084791
8000, 4000, 4000, 1, 7220125
8000, 2000, 6000, 1, 4173334
10000, 4000, 6000, 1, 7223583
10000, 5000, 5000, 1, 9888291
650, 325, 325, 1, 18458
650, 350, 300, 1, 19833
650, 300, 350, 1, 17042
1000, 500, 500, 1, 27875
1000, 700, 300, 1, 1534459
2500, 1250, 1250, 1, 3172084
2500, 1000, 1500, 1, 2283208
5000, 2500, 2500, 1, 5640542
5000, 3000, 2000, 1, 7111042
8000, 4000, 4000, 1, 7222667
8000, 2000, 6000, 1, 4175417
10000, 4000, 6000, 1, 7227416
10000, 5000, 5000, 1, 9889292
650, 325, 325, 1, 18584
650, 350, 300, 1, 19750
650, 300, 350, 1, 17084
1000, 500, 500, 1, 28042
1000, 700, 300, 1, 1535167
2500, 1250, 1250, 1, 3173833
2500, 1000, 1500, 1, 2286583
5000, 2500, 2500, 1, 5658042
5000, 3000, 2000, 1, 7074417
8000, 4000, 4000, 1, 7221167
8000, 2000, 6000, 1, 4217959
10000, 4000, 6000, 1, 7230125
10000, 5000, 5000, 1, 9912084
650, 325, 325, 1, 19125
650, 350, 300, 1, 19875
650, 300, 350, 1, 17000
1000, 500, 500, 1, 28041
1000, 700, 300, 1, 1535500
2500, 1250, 1250, 1, 3203083
2500, 1000, 1500, 1, 2288292
5000, 2500, 2500, 1, 5646709
5000, 3000, 2000, 1, 7079042
8000, 4000, 4000, 1, 7227250
8000, 2000, 6000, 1, 4182250
10000, 4000, 6000, 1, 7229292
10000, 5000, 5000, 1, 9923083
650, 325, 325, 1, 19000
650, 350, 300, 1, 19833
650, 300, 350, 1, 17083
1000, 500, 500, 1, 28000
1000, 700, 300, 1, 1534959
2500, 1250, 1250, 1, 3177125
2500, 1000, 1500, 1, 2286917
5000, 2500, 2500, 1, 5650166
5000, 3000, 2000, 1, 7102000
8000, 4000, 4000, 1, 7233375
8000, 2000, 6000, 1, 4198166
10000, 4000, 6000, 1, 7270916
10000, 5000, 5000, 1, 9908916
650, 325, 325, 1, 18333
650, 350, 300, 1, 19875
650, 300, 350, 1, 17208
1000, 500, 500, 1, 28000
1000, 700, 300, 1, 1537041
2500, 1250, 1250, 1, 3188625
2500, 1000, 1500, 1, 2291834
5000, 2500, 2500, 1, 5676208
5000, 3000, 2000, 1, 7082500
8000, 4000, 4000, 1, 7238833
8000, 2000, 6000, 1, 4184167
10000, 4000, 6000, 1, 7238834
10000, 5000, 5000, 1, 9908792
650, 325, 325, 1, 18333
650, 350, 300, 1, 19792
650, 300, 350, 1, 17084
1000, 500, 500, 1, 28000
1000, 700, 300, 1, 1537583
2500, 1250, 1250, 1, 3184458
2500, 1000, 1500, 1, 2289208
5000, 2500, 2500, 1, 5650375
5000, 3000, 2000, 1, 7107917
8000, 4000, 4000, 1, 7260250
8000, 2000, 6000, 1, 4191625
10000, 4000, 6000, 1, 7238542
10000, 5000, 5000, 1, 9913750
650, 325, 325, 1, 18500
650, 350, 300, 1, 19916
650, 300, 350, 1, 17000
1000, 500, 500, 1, 28167
1000, 700, 300, 1, 1547041
2500, 1250, 1250, 1, 3182875
2500, 1000, 1500, 1, 2290625
5000, 2500, 2500, 1, 5659167
5000, 3000, 2000, 1, 7092083
8000, 4000, 4000, 1, 7238916
8000, 2000, 6000, 1, 4196542
10000, 4000, 6000, 1, 7242208
10000, 5000, 5000, 1, 9919334
650, 325, 325, 1, 18625
650, 350, 300, 1, 20000
650, 300, 350, 1, 17084
1000, 500, 500, 1, 28250
1000, 700, 300, 1, 1536542
2500, 1250, 1250, 1, 3186708
2500, 1000, 1500, 1, 2291625
5000, 2500, 2500, 1, 5665333
5000, 3000, 2000, 1, 7096917
8000, 4000, 4000, 1, 7459792
8000, 2000, 6000, 1, 4187459
10000, 4000, 6000, 1, 7363209
10000, 5000, 5000, 1, 10006958
650, 325, 325, 1, 20875
650, 350, 300, 1, 19792
650, 300, 350, 1, 17042
1000, 500, 500, 1, 30042
1000, 700, 300, 1, 1541083
2500, 1250, 1250, 1, 3197208
2500, 1000, 1500, 1, 2315458
5000, 2500, 2500, 1, 5661000
5000, 3000, 2000, 1, 7111416
8000, 4000, 4000, 1, 7286875
8000, 2000, 6000, 1, 4202000
10000, 4000, 6000, 1, 7266917
10000, 5000, 5000, 1, 9943125
650, 325, 325, 1, 18458
650, 350, 300, 1, 19917
650, 300, 350, 1, 17208
1000, 500, 500, 1, 28000
1000, 700, 300, 1, 1550000
2500, 1250, 1250, 1, 3192666
2500, 1000, 1500, 1, 2296250
5000, 2500, 2500, 1, 5674000
5000, 3000, 2000, 1, 7111958
8000, 4000, 4000, 1, 7284541
8000, 2000, 6000, 1, 4206083
10000, 4000, 6000, 1, 7264375
10000, 5000, 5000, 1, 10000583
650, 325, 325, 1, 18958
650, 350, 300, 1, 20083
650, 300, 350, 1, 17083
1000, 500, 500, 1, 27958
1000, 700, 300, 1, 1540250
2500, 1250, 1250, 1, 3191750
2500, 1000, 1500, 1, 2303417
5000, 2500, 2500, 1, 5666583
5000, 3000, 2000, 1, 7107583
8000, 4000, 4000, 1, 7258917
8000, 2000, 6000, 1, 4198541
10000, 4000, 6000, 1, 7263959
10000, 5000, 5000, 1, 9940125
650, 325, 325, 1, 18541
650, 350, 300, 1, 19750
650, 300, 350, 1, 17125
1000, 500, 500, 1, 28000
1000, 700, 300, 1, 1542542
2500, 1250, 1250, 1, 3191709
2500, 1000, 1500, 1, 2296792
5000, 2500, 2500, 1, 5668417
5000, 3000, 2000, 1, 7107041
8000, 4000, 4000, 1, 7262459
8000, 2000, 6000, 1, 4237625
10000, 4000, 6000, 1, 7267250
10000, 5000, 5000, 1, 9941792
650, 325, 325, 1, 18416
650, 350, 300, 1, 19667
650, 300, 350, 1, 17292
1000, 500, 500, 1, 27916
1000, 700, 300, 1, 1581333
2500, 1250, 1250, 1, 3194666
2500, 1000, 1500, 1, 2297000
5000, 2500, 2500, 1, 5676667
5000, 3000, 2000, 1, 7117291
8000, 4000, 4000, 1, 7261583
8000, 2000, 6000, 1, 4208750
10000, 4000, 6000, 1, 7262875
10000, 5000, 5000, 1, 9965083
650, 325, 325, 1, 19166
650, 350, 300, 1, 19958
650, 300, 350, 1, 17083
1000, 500, 500, 1, 28209
1000, 700, 300, 1, 1546125
2500, 1250, 1250, 1, 3193250
2500, 1000, 1500, 1, 2301541
5000, 2500, 2500, 1, 5679542
5000, 3000, 2000, 1, 7166083
8000, 4000, 4000, 1, 7274667
8000, 2000, 6000, 1, 4229750
10000, 4000, 6000, 1, 7291584
10000, 5000, 5000, 1, 9980000
650, 325, 325, 1, 18333
650, 350, 300, 1, 19833
650, 300, 350, 1, 17083
1000, 500, 500, 1, 27958
1000, 700, 300, 1, 1544750
2500, 1250, 1250, 1, 3195625
2500, 1000, 1500, 1, 2322458
5000, 2500, 2500, 1, 5688750
5000, 3000, 2000, 1, 7122333
8000, 4000, 4000, 1, 7275417
8000, 2000, 6000, 1, 4209208
10000, 4000, 6000, 1, 7278208
10000, 5000, 5000, 1, 9954833
650, 325, 325, 1, 18417
650, 350, 300, 1, 19917
650, 300, 350, 1, 17084
1000, 500, 500, 1, 28000
1000, 700, 300, 1, 1543375
2500, 1250, 1250, 1, 3199875
2500, 1000, 1500, 1, 2304875
5000, 2500, 2500, 1, 5680625
5000, 3000, 2000, 1, 7128083
8000, 4000, 4000, 1, 7280250
8000, 2000, 6000, 1, 4211083
10000, 4000, 6000, 1, 7304833
10000, 5000, 5000, 1, 10000500
650, 325, 325, 1, 18667
650, 350, 300, 1, 19959
650, 300, 350, 1, 17084
1000, 500, 500, 1, 28084
1000, 700, 300, 1, 1549417
2500, 1250, 1250, 1, 3199500
2500, 1000, 1500, 1, 2314708
5000, 2500, 2500, 1, 5683542
5000, 3000, 2000, 1, 7147250
8000, 4000, 4000, 1, 7283417
8000, 2000, 6000, 1, 4210208
10000, 4000, 6000, 1, 7284250
10000, 5000, 5000, 1, 9965125
650, 325, 325, 1, 18542
650, 350, 300, 1, 20000
650, 300, 350, 1, 17041
1000, 500, 500, 1, 28000
1000, 700, 300, 1, 1548500
2500, 1250, 1250, 1, 3203333
2500, 1000, 1500, 1, 2307875
5000, 2500, 2500, 1, 5711958
5000, 3000, 2000, 1, 7133250
8000, 4000, 4000, 1, 7284500
8000, 2000, 6000, 1, 4214667
10000, 4000, 6000, 1, 7293667
10000, 5000, 5000, 1, 9972250
650, 325, 325, 1, 18459
650, 350, 300, 1, 20583
650, 300, 350, 1, 17125
1000, 500, 500, 1, 28167
1000, 700, 300, 1, 1548208
2500, 1250, 1250, 1, 3203167
2500, 1000, 1500, 1, 2307500
5000, 2500, 2500, 1, 5701750
5000, 3000, 2000, 1, 7162292
8000, 4000, 4000, 1, 7313583
8000, 2000, 6000, 1, 4214834
10000, 4000, 6000, 1, 7292666
10000, 5000, 5000, 1, 9994208
650, 325, 325, 1, 18292
650, 350, 300, 1, 19834
650, 300, 350, 1, 17041
1000, 500, 500, 1, 28000
1000, 700, 300, 1, 1549167
2500, 1250, 1250, 1, 3205667
2500, 1000, 1500, 1, 2305250
5000, 2500, 2500, 1, 5696042
5000, 3000, 2000, 1, 7136417
8000, 4000, 4000, 1, 7292584
8000, 2000, 6000, 1, 4216667
10000, 4000, 6000, 1, 7292416
10000, 5000, 5000, 1, 10051416
650, 325, 325, 1, 18375
650, 350, 300, 1, 19792
650, 300, 350, 1, 17000
1000, 500, 500, 1, 28083
1000, 700, 300, 1, 1551000
2500, 1250, 1250, 1, 3212417
2500, 1000, 1500, 1, 2307625
5000, 2500, 2500, 1, 5698666
5000, 3000, 2000, 1, 7143042
8000, 4000, 4000, 1, 7297625
8000, 2000, 6000, 1, 4276083
10000, 4000, 6000, 1, 7296875
10000, 5000, 5000, 1, 10005500
650, 325, 325, 1, 18417
650, 350, 300, 1, 19833
650, 300, 350, 1, 17125
1000, 500, 500, 1, 27958
1000, 700, 300, 1, 1550458
2500, 1250, 1250, 1, 3211209
2500, 1000, 1500, 1, 2322250
5000, 2500, 2500, 1, 5701125
5000, 3000, 2000, 1, 7144208
8000, 4000, 4000, 1, 7300375
8000, 2000, 6000, 1, 4222042
10000, 4000, 6000, 1, 7300375
10000, 5000, 5000, 1, 10029250
650, 325, 325, 1, 19500
650, 350, 300, 1, 19750
650, 300, 350, 1, 17125
1000, 500, 500, 1, 27959
1000, 700, 300, 1, 1551542
2500, 1250, 1250, 1, 3218959
2500, 1000, 1500, 1, 2312334
5000, 2500, 2500, 1, 5706666
5000, 3000, 2000, 1, 7165333
8000, 4000, 4000, 1, 7300667
8000, 2000, 6000, 1, 4228042
10000, 4000, 6000, 1, 7305500
10000, 5000, 5000, 1, 10003833
650, 325, 325, 1, 18500
650, 350, 300, 1, 19834
650, 300, 350, 1, 17042
1000, 500, 500, 1, 28125
1000, 700, 300, 1, 1552667
2500, 1250, 1250, 1, 3210375
2500, 1000, 1500, 1, 2317083
5000, 2500, 2500, 1, 5701333
5000, 3000, 2000, 1, 7157458
8000, 4000, 4000, 1, 7380542
8000, 2000, 6000, 1, 4301625
10000, 4000, 6000, 1, 7325542
10000, 5000, 5000, 1, 10082542
650, 325, 325, 1, 18417
650, 350, 300, 1, 19834
650, 300, 350, 1, 17125
1000, 500, 500, 1, 27958
1000, 700, 300, 1, 1555583
2500, 1250, 1250, 1, 3245958
2500, 1000, 1500, 1, 2316375
5000, 2500, 2500, 1, 5716833
5000, 3000, 2000, 1, 7173416
8000, 4000, 4000, 1, 7322875
8000, 2000, 6000, 1, 4232917
10000, 4000, 6000, 1, 7317750
10000, 5000, 5000, 1, 10024375
650, 325, 325, 1, 18625
650, 350, 300, 1, 19667
650, 300, 350, 1, 17125
1000, 500, 500, 1, 27959
1000, 700, 300, 1, 1556125
2500, 1250, 1250, 1, 3224084
2500, 1000, 1500, 1, 2320500
5000, 2500, 2500, 1, 5717791
5000, 3000, 2000, 1, 7172250
8000, 4000, 4000, 1, 7326958
8000, 2000, 6000, 1, 4248125
10000, 4000, 6000, 1, 7327750
10000, 5000, 5000, 1, 10025417
650, 325, 325, 1, 18375
650, 350, 300, 1, 19875
650, 300, 350, 1, 17041
1000, 500, 500, 1, 28042
1000, 700, 300, 1, 1557000
2500, 1250, 1250, 1, 3223125
2500, 1000, 1500, 1, 2349541
5000, 2500, 2500, 1, 5721958
5000, 3000, 2000, 1, 7205166
8000, 4000, 4000, 1, 7330000
8000, 2000, 6000, 1, 4239625
10000, 4000, 6000, 1, 7328791
10000, 5000, 5000, 1, 10030167
650, 325, 325, 1, 18542
650, 350, 300, 1, 19750
650, 300, 350, 1, 17167
1000, 500, 500, 1, 28000
1000, 700, 300, 1, 1557958
2500, 1250, 1250, 1, 3216125
2500, 1000, 1500, 1, 2325292
5000, 2500, 2500, 1, 5723209
5000, 3000, 2000, 1, 7185791
8000, 4000, 4000, 1, 7374666
8000, 2000, 6000, 1, 4241625
10000, 4000, 6000, 1, 7334333
10000, 5000, 5000, 1, 10040167
650, 325, 325, 1, 18500
650, 350, 300, 1, 19833
650, 300, 350, 1, 17167
1000, 500, 500, 1, 28083
1000, 700, 300, 1, 1557459
2500, 1250, 1250, 1, 3223375
2500, 1000, 1500, 1, 2320250
5000, 2500, 2500, 1, 5756708
5000, 3000, 2000, 1, 7195208
8000, 4000, 4000, 1, 7333958
8000, 2000, 6000, 1, 4245875
10000, 4000, 6000, 1, 7332958
10000, 5000, 5000, 1, 10079500
650, 325, 325, 1, 18541
650, 350, 300, 1, 19750
650, 300, 350, 1, 17083
1000, 500, 500, 1, 28041
1000, 700, 300, 1, 1569334
2500, 1250, 1250, 1, 3257917
2500, 1000, 1500, 1, 2320208
5000, 2500, 2500, 1, 5732833
5000, 3000, 2000, 1, 7186916
8000, 4000, 4000, 1, 7349167
8000, 2000, 6000, 1, 4248000
10000, 4000, 6000, 1, 7341417
10000, 5000, 5000, 1, 10046542
650, 325, 325, 1, 18500
650, 350, 300, 1, 21584
650, 300, 350, 1, 17166
1000, 500, 500, 1, 28125
1000, 700, 300, 1, 1558084
2500, 1250, 1250, 1, 3222250
2500, 1000, 1500, 1, 2323833
5000, 2500, 2500, 1, 5743666
5000, 3000, 2000, 1, 7201375
8000, 4000, 4000, 1, 7341375
8000, 2000, 6000, 1, 4246542
10000, 4000, 6000, 1, 7341375
10000, 5000, 5000, 1, 10050541
650, 325, 325, 1, 18417
650, 350, 300, 1, 19750
650, 300, 350, 1, 17084
1000, 500, 500, 1, 27958
1000, 700, 300, 1, 1561834
2500, 1250, 1250, 1, 3228417
2500, 1000, 1500, 1, 2322334
5000, 2500, 2500, 1, 5737542
5000, 3000, 2000, 1, 7196667
8000, 4000, 4000, 1, 7377875
8000, 2000, 6000, 1, 4265791
10000, 4000, 6000, 1, 7343167
10000, 5000, 5000, 1, 10060375
650, 325, 325, 1, 18417
650, 350, 300, 1, 19791
650, 300, 350, 1, 17084
1000, 500, 500, 1, 28042
1000, 700, 300, 1, 1562458
2500, 1250, 1250, 1, 3232125
2500, 1000, 1500, 1, 2329166
5000, 2500, 2500, 1, 5738083
5000, 3000, 2000, 1, 7216084
8000, 4000, 4000, 1, 7440375
8000, 2000, 6000, 1, 4359584
10000, 4000, 6000, 1, 7365417
10000, 5000, 5000, 1, 10057291
650, 325, 325, 1, 18542
650, 350, 300, 1, 19750
650, 300, 350, 1, 17000
1000, 500, 500, 1, 29000
1000, 700, 300, 1, 1560208
2500, 1250, 1250, 1, 3227291
2500, 1000, 1500, 1, 2322917
5000, 2500, 2500, 1, 5734334
5000, 3000, 2000, 1, 7215250
8000, 4000, 4000, 1, 7360875
8000, 2000, 6000, 1, 4271167
10000, 4000, 6000, 1, 7371375
10000, 5000, 5000, 1, 10078625
650, 325, 325, 1, 18583
650, 350, 300, 1, 19750
650, 300, 350, 1, 17041
1000, 500, 500, 1, 27959
1000, 700, 300, 1, 1597167
2500, 1250, 1250, 1, 3229375
2500, 1000, 1500, 1, 2324792
5000, 2500, 2500, 1, 5755125
5000, 3000, 2000, 1, 7223875
8000, 4000, 4000, 1, 7352333
8000, 2000, 6000, 1, 4257125
10000, 4000, 6000, 1, 7350292
10000, 5000, 5000, 1, 10068875
650, 325, 325, 1, 18542
650, 350, 300, 1, 19791
650, 300, 350, 1, 17042
1000, 500, 500, 1, 28041
1000, 700, 300, 1, 1564416
2500, 1250, 1250, 1, 3227500
2500, 1000, 1500, 1, 2327458
5000, 2500, 2500, 1, 5740708
5000, 3000, 2000, 1, 7199084
8000, 4000, 4000, 1, 7352125
8000, 2000, 6000, 1, 4258000
10000, 4000, 6000, 1, 7353708
10000, 5000, 5000, 1, 10071625
650, 325, 325, 1, 18542
650, 350, 300, 1, 19834
650, 300, 350, 1, 17041
1000, 500, 500, 1, 28958
1000, 700, 300, 1, 1562375
2500, 1250, 1250, 1, 3232166
2500, 1000, 1500, 1, 2325834
5000, 2500, 2500, 1, 5744292
5000, 3000, 2000, 1, 7212291
8000, 4000, 4000, 1, 7392833
8000, 2000, 6000, 1, 4254250
10000, 4000, 6000, 1, 7359250
10000, 5000, 5000, 1, 10069958
650, 325, 325, 1, 18500
650, 350, 300, 1, 19791
650, 300, 350, 1, 17292
1000, 500, 500, 1, 28208
1000, 700, 300, 1, 1567125
2500, 1250, 1250, 1, 3237167
2500, 1000, 1500, 1, 2326916
5000, 2500, 2500, 1, 5752792
5000, 3000, 2000, 1, 7205583
8000, 4000, 4000, 1, 7361292
8000, 2000, 6000, 1, 4266125
10000, 4000, 6000, 1, 7358625
10000, 5000, 5000, 1, 10115666
650, 325, 325, 1, 18459
650, 350, 300, 1, 19708
650, 300, 350, 1, 16959
1000, 500, 500, 1, 28083
1000, 700, 300, 1, 1564250
2500, 1250, 1250, 1, 3233833
2500, 1000, 1500, 1, 2395292
5000, 2500, 2500, 1, 5751584
5000, 3000, 2000, 1, 7235209
8000, 4000, 4000, 1, 7400083
8000, 2000, 6000, 1, 4263584
10000, 4000, 6000, 1, 7391458
10000, 5000, 5000, 1, 10107208
650, 325, 325, 1, 18667
650, 350, 300, 1, 19958
650, 300, 350, 1, 17125
1000, 500, 500, 1, 29834
1000, 700, 300, 1, 1565041
2500, 1250, 1250, 1, 3242417
2500, 1000, 1500, 1, 2338416
5000, 2500, 2500, 1, 5797917
5000, 3000, 2000, 1, 7228583
8000, 4000, 4000, 1, 7378667
8000, 2000, 6000, 1, 4268416
10000, 4000, 6000, 1, 7376667
10000, 5000, 5000, 1, 10103459
650, 325, 325, 1, 18625
650, 350, 300, 1, 19875
650, 300, 350, 1, 17166
1000, 500, 500, 1, 28000
1000, 700, 300, 1, 1568375
2500, 1250, 1250, 1, 3243458
2500, 1000, 1500, 1, 2339291
5000, 2500, 2500, 1, 5773791
5000, 3000, 2000, 1, 7229709
8000, 4000, 4000, 1, 7392667
8000, 2000, 6000, 1, 4291000
10000, 4000, 6000, 1, 7392791
10000, 5000, 5000, 1, 10104042
650, 325, 325, 1, 18459
650, 350, 300, 1, 19667
650, 300, 350, 1, 17166
1000, 500, 500, 1, 28042
1000, 700, 300, 1, 1569083
2500, 1250, 1250, 1, 3243291
2500, 1000, 1500, 1, 2334000
5000, 2500, 2500, 1, 5766667
5000, 3000, 2000, 1, 7230375
8000, 4000, 4000, 1, 7385083
8000, 2000, 6000, 1, 4274125
10000, 4000, 6000, 1, 7405709
10000, 5000, 5000, 1, 10108042
650, 325, 325, 1, 18500
650, 350, 300, 1, 21291
650, 300, 350, 1, 17042
1000, 500, 500, 1, 28125
1000, 700, 300, 1, 1565375
2500, 1250, 1250, 1, 3242375
2500, 1000, 1500, 1, 2335333
5000, 2500, 2500, 1, 5769958
5000, 3000, 2000, 1, 7241583
8000, 4000, 4000, 1, 7407750
8000, 2000, 6000, 1, 4295542
10000, 4000, 6000, 1, 7389417
10000, 5000, 5000, 1, 10112750
650, 325, 325, 1, 18500
650, 350, 300, 1, 19833
650, 300, 350, 1, 17042
1000, 500, 500, 1, 28250
1000, 700, 300, 1, 1587333
2500, 1250, 1250, 1, 3251791
2500, 1000, 1500, 1, 2336583
5000, 2500, 2500, 1, 5775041
5000, 3000, 2000, 1, 7253625
8000, 4000, 4000, 1, 7417208
8000, 2000, 6000, 1, 4270167
10000, 4000, 6000, 1, 7409750
10000, 5000, 5000, 1, 10116042
650, 325, 325, 1, 18667
650, 350, 300, 1, 19792
650, 300, 350, 1, 17042
1000, 500, 500, 1, 27958
1000, 700, 300, 1, 1569542
2500, 1250, 1250, 1, 3245000
2500, 1000, 1500, 1, 2338667
5000, 2500, 2500, 1, 5769417
5000, 3000, 2000, 1, 7266000
8000, 4000, 4000, 1, 7382000
8000, 2000, 6000, 1, 4272209
10000, 4000, 6000, 1, 7397167
10000, 5000, 5000, 1, 10124833
650, 325, 325, 1, 18417
650, 350, 300, 1, 19791
650, 300, 350, 1, 17083
1000, 500, 500, 1, 28042
1000, 700, 300, 1, 1576958
2500, 1250, 1250, 1, 3247708
2500, 1000, 1500, 1, 2341709
5000, 2500, 2500, 1, 5780875
5000, 3000, 2000, 1, 7242291
8000, 4000, 4000, 1, 7413834
8000, 2000, 6000, 1, 4285667
10000, 4000, 6000, 1, 7391125
10000, 5000, 5000, 1, 10136042
650, 325, 325, 1, 18542
650, 350, 300, 1, 19750
650, 300, 350, 1, 17042
1000, 500, 500, 1, 28000
1000, 700, 300, 1, 1577583
2500, 1250, 1250, 1, 3248292
2500, 1000, 1500, 1, 2345750
5000, 2500, 2500, 1, 5783959
5000, 3000, 2000, 1, 7252167
8000, 4000, 4000, 1, 7404833
8000, 2000, 6000, 1, 4284417
10000, 4000, 6000, 1, 7428291
10000, 5000, 5000, 1, 10176750
650, 325, 325, 1, 18416
650, 350, 300, 1, 19959
650, 300, 350, 1, 17167
1000, 500, 500, 1, 28042
1000, 700, 300, 1, 1571416
2500, 1250, 1250, 1, 3249500
2500, 1000, 1500, 1, 2340625
5000, 2500, 2500, 1, 5780250
5000, 3000, 2000, 1, 7247291
8000, 4000, 4000, 1, 7397542
8000, 2000, 6000, 1, 4278250
10000, 4000, 6000, 1, 7395417
10000, 5000, 5000, 1, 10123625
650, 325, 325, 1, 18416
650, 350, 300, 1, 19750
650, 300, 350, 1, 17291
1000, 500, 500, 1, 28167
1000, 700, 300, 1, 1572167
2500, 1250, 1250, 1, 3255291
2500, 1000, 1500, 1, 2340250
5000, 2500, 2500, 1, 5798625
5000, 3000, 2000, 1, 7251375
8000, 4000, 4000, 1, 7417291
8000, 2000, 6000, 1, 4281292
10000, 4000, 6000, 1, 7423667
10000, 5000, 5000, 1, 10156125
650, 325, 325, 1, 18458
650, 350, 300, 1, 19833
650, 300, 350, 1, 17083
1000, 500, 500, 1, 27916
1000, 700, 300, 1, 1575709
2500, 1250, 1250, 1, 3259167
2500, 1000, 1500, 1, 2343959
5000, 2500, 2500, 1, 5791458
5000, 3000, 2000, 1, 7268500
8000, 4000, 4000, 1, 7413125
8000, 2000, 6000, 1, 4304916
10000, 4000, 6000, 1, 7416625
10000, 5000, 5000, 1, 10151417
650, 325, 325, 1, 18459
650, 350, 300, 1, 19750
650, 300, 350, 1, 17167
1000, 500, 500, 1, 28000
1000, 700, 300, 1, 1576416
2500, 1250, 1250, 1, 3260708
2500, 1000, 1500, 1, 2348000
5000, 2500, 2500, 1, 5794917
5000, 3000, 2000, 1, 7280000
8000, 4000, 4000, 1, 7414834
8000, 2000, 6000, 1, 4296209
10000, 4000, 6000, 1, 7434958
10000, 5000, 5000, 1, 10165625
650, 325, 325, 1, 18542
650, 350, 300, 1, 19917
650, 300, 350, 1, 17083
1000, 500, 500, 1, 28084
1000, 700, 300, 1, 1574584
2500, 1250, 1250, 1, 3260458
2500, 1000, 1500, 1, 2344375
5000, 2500, 2500, 1, 5789500
5000, 3000, 2000, 1, 7256750
8000, 4000, 4000, 1, 7413750
8000, 2000, 6000, 1, 4293708
10000, 4000, 6000, 1, 7408958
10000, 5000, 5000, 1, 10178750
650, 325, 325, 1, 18459
650, 350, 300, 1, 19833
650, 300, 350, 1, 17084
1000, 500, 500, 1, 28041
1000, 700, 300, 1, 1594042
2500, 1250, 1250, 1, 3259084
2500, 1000, 1500, 1, 2345000
5000, 2500, 2500, 1, 5791042
5000, 3000, 2000, 1, 7265209
8000, 4000, 4000, 1, 7417625
8000, 2000, 6000, 1, 4294916
10000, 4000, 6000, 1, 7412584
10000, 5000, 5000, 1, 10185542
650, 325, 325, 1, 18625
650, 350, 300, 1, 19750
650, 300, 350, 1, 17041
1000, 500, 500, 1, 28292
1000, 700, 300, 1, 1582500
2500, 1250, 1250, 1, 3263875
2500, 1000, 1500, 1, 2349584
5000, 2500, 2500, 1, 5836458
5000, 3000, 2000, 1, 7294750
8000, 4000, 4000, 1, 7430417
8000, 2000, 6000, 1, 4290500
10000, 4000, 6000, 1, 7430250
10000, 5000, 5000, 1, 10165500
650, 325, 325, 1, 18917
650, 350, 300, 1, 19709
650, 300, 350, 1, 17250
1000, 500, 500, 1, 27916
1000, 700, 300, 1, 1576750
2500, 1250, 1250, 1, 3258959
2500, 1000, 1500, 1, 2353208
5000, 2500, 2500, 1, 5796917
5000, 3000, 2000, 1, 7290584
8000, 4000, 4000, 1, 7444166
8000, 2000, 6000, 1, 4298459
10000, 4000, 6000, 1, 7425292
10000, 5000, 5000, 1, 10185708
650, 325, 325, 1, 18541
650, 350, 300, 1, 20375
650, 300, 350, 1, 17167
1000, 500, 500, 1, 27958
1000, 700, 300, 1, 1576750
2500, 1250, 1250, 1, 3261334
2500, 1000, 1500, 1, 2353125
5000, 2500, 2500, 1, 5798417
5000, 3000, 2000, 1, 7274875
8000, 4000, 4000, 1, 7438125
8000, 2000, 6000, 1, 4297958
10000, 4000, 6000, 1, 7452333
10000, 5000, 5000, 1, 10211542
650, 325, 325, 1, 18500
650, 350, 300, 1, 19875
650, 300, 350, 1, 17666
1000, 500, 500, 1, 27958
1000, 700, 300, 1, 1578708
2500, 1250, 1250, 1, 3266583
2500, 1000, 1500, 1, 2353125
5000, 2500, 2500, 1, 5802125
5000, 3000, 2000, 1, 7294708
8000, 4000, 4000, 1, 7452750
8000, 2000, 6000, 1, 4298125
10000, 4000, 6000, 1, 7466416
10000, 5000, 5000, 1, 10169875
650, 325, 325, 1, 19125
650, 350, 300, 1, 19833
650, 300, 350, 1, 17041
1000, 500, 500, 1, 30292
1000, 700, 300, 1, 1579500
2500, 1250, 1250, 1, 3314875
2500, 1000, 1500, 1, 2351625
5000, 2500, 2500, 1, 5810750
5000, 3000, 2000, 1, 7281166
8000, 4000, 4000, 1, 7431833
8000, 2000, 6000, 1, 4305000
10000, 4000, 6000, 1, 7436208
10000, 5000, 5000, 1, 10204167
650, 325, 325, 1, 18458
650, 350, 300, 1, 19958
650, 300, 350, 1, 17084
1000, 500, 500, 1, 27958
1000, 700, 300, 1, 1579125
2500, 1250, 1250, 1, 3270500
2500, 1000, 1500, 1, 2352000
5000, 2500, 2500, 1, 5814500
5000, 3000, 2000, 1, 7322750
8000, 4000, 4000, 1, 7435792
8000, 2000, 6000, 1, 4308834
10000, 4000, 6000, 1, 7443875
10000, 5000, 5000, 1, 10187667
650, 325, 325, 1, 18500
650, 350, 300, 1, 19959
650, 300, 350, 1, 17208
1000, 500, 500, 1, 27875
1000, 700, 300, 1, 1582125
2500, 1250, 1250, 1, 3299791
2500, 1000, 1500, 1, 2353583
5000, 2500, 2500, 1, 5814541
5000, 3000, 2000, 1, 7288583
8000, 4000, 4000, 1, 7444333
8000, 2000, 6000, 1, 4309209
10000, 4000, 6000, 1, 7441083
10000, 5000, 5000, 1, 10194000
650, 325, 325, 1, 18542
650, 350, 300, 1, 19833
650, 300, 350, 1, 17000
1000, 500, 500, 1, 28250
1000, 700, 300, 1, 1584833
2500, 1250, 1250, 1, 3278417
2500, 1000, 1500, 1, 2355084
5000, 2500, 2500, 1, 5818291
5000, 3000, 2000, 1, 7309250
8000, 4000, 4000, 1, 7448625
8000, 2000, 6000, 1, 4323833
10000, 4000, 6000, 1, 7455375
10000, 5000, 5000, 1, 10194500
650, 325, 325, 1, 18500
650, 350, 300, 1, 19959
650, 300, 350, 1, 17000
1000, 500, 500, 1, 28042
1000, 700, 300, 1, 1585750
2500, 1250, 1250, 1, 3277000
2500, 1000, 1500, 1, 2381250
5000, 2500, 2500, 1, 5825125
5000, 3000, 2000, 1, 7298500
8000, 4000, 4000, 1, 7450167
8000, 2000, 6000, 1, 4314500
10000, 4000, 6000, 1, 7451584
10000, 5000, 5000, 1, 10211958
650, 325, 325, 1, 18458
650, 350, 300, 1, 20250
650, 300, 350, 1, 17042
1000, 500, 500, 1, 28208
1000, 700, 300, 1, 1584625
2500, 1250, 1250, 1, 3281958
2500, 1000, 1500, 1, 2357417
5000, 2500, 2500, 1, 5820875
5000, 3000, 2000, 1, 7316666
8000, 4000, 4000, 1, 7452166
8000, 2000, 6000, 1, 4311542
10000, 4000, 6000, 1, 7467959
10000, 5000, 5000, 1, 10250875
650, 325, 325, 1, 18666
650, 350, 300, 1, 19875
650, 300, 350, 1, 17208
1000, 500, 500, 1, 27917
1000, 700, 300, 1, 1585750
2500, 1250, 1250, 1, 3297833
2500, 1000, 1500, 1, 2358875
5000, 2500, 2500, 1, 5827792
5000, 3000, 2000, 1, 7328333
8000, 4000, 4000, 1, 7464917
8000, 2000, 6000, 1, 4317041
10000, 4000, 6000, 1, 7466708
10000, 5000, 5000, 1, 10219084
650, 325, 325, 1, 18667
650, 350, 300, 1, 19708
650, 300, 350, 1, 17000
1000, 500, 500, 1, 28042
1000, 700, 300, 1, 1587959
2500, 1250, 1250, 1, 3284917
2500, 1000, 1500, 1, 2362042
5000, 2500, 2500, 1, 5835333
5000, 3000, 2000, 1, 7314667
8000, 4000, 4000, 1, 7467584
8000, 2000, 6000, 1, 4321209
10000, 4000, 6000, 1, 7468334
10000, 5000, 5000, 1, 10224250
650, 325, 325, 1, 18666
650, 350, 300, 1, 19916
650, 300, 350, 1, 17167
1000, 500, 500, 1, 28041
1000, 700, 300, 1, 1606833
2500, 1250, 1250, 1, 3297083
2500, 1000, 1500, 1, 2360375
5000, 2500, 2500, 1, 5924083
5000, 3000, 2000, 1, 7464917
8000, 4000, 4000, 1, 7609791
8000, 2000, 6000, 1, 4428208
10000, 4000, 6000, 1, 8064292
10000, 5000, 5000, 1, 11081083
650, 325, 325, 1, 19375
650, 350, 300, 1, 22000
650, 300, 350, 1, 17709
1000, 500, 500, 1, 31958
1000, 700, 300, 1, 1706750
2500, 1250, 1250, 1, 3442250
2500, 1000, 1500, 1, 2391167
5000, 2500, 2500, 1, 5864333
5000, 3000, 2000, 1, 7377417
8000, 4000, 4000, 1, 7532708
8000, 2000, 6000, 1, 4338083
10000, 4000, 6000, 1, 7505416
10000, 5000, 5000, 1, 10258084
650, 325, 325, 1, 18333
650, 350, 300, 1, 19875
650, 300, 350, 1, 17000
1000, 500, 500, 1, 28042
1000, 700, 300, 1, 1596500
2500, 1250, 1250, 1, 3335458
2500, 1000, 1500, 1, 2434208
5000, 2500, 2500, 1, 5866584
5000, 3000, 2000, 1, 7327708
8000, 4000, 4000, 1, 7533000
8000, 2000, 6000, 1, 4340708
10000, 4000, 6000, 1, 7493917
10000, 5000, 5000, 1, 10242416
650, 325, 325, 1, 18500
650, 350, 300, 1, 19792
650, 300, 350, 1, 17042
1000, 500, 500, 1, 29875
1000, 700, 300, 1, 1588709
2500, 1250, 1250, 1, 3306625
2500, 1000, 1500, 1, 2369584
5000, 2500, 2500, 1, 5865834
5000, 3000, 2000, 1, 7352750
8000, 4000, 4000, 1, 7485125
8000, 2000, 6000, 1, 4332459
10000, 4000, 6000, 1, 7484583
10000, 5000, 5000, 1, 10253959
650, 325, 325, 1, 18458
650, 350, 300, 1, 19875
650, 300, 350, 1, 17500
1000, 500, 500, 1, 28000
1000, 700, 300, 1, 1599792
2500, 1250, 1250, 1, 3315208
2500, 1000, 1500, 1, 2373875
5000, 2500, 2500, 1, 5842666
5000, 3000, 2000, 1, 7328334
8000, 4000, 4000, 1, 7485250
8000, 2000, 6000, 1, 4332458
10000, 4000, 6000, 1, 7499625
10000, 5000, 5000, 1, 10238416
650, 325, 325, 1, 18500
650, 350, 300, 1, 20333
650, 300, 350, 1, 17084
1000, 500, 500, 1, 27958
1000, 700, 300, 1, 1588583
2500, 1250, 1250, 1, 3291917
2500, 1000, 1500, 1, 2366708
5000, 2500, 2500, 1, 5843292
5000, 3000, 2000, 1, 7347375
8000, 4000, 4000, 1, 7483625
8000, 2000, 6000, 1, 4328458
10000, 4000, 6000, 1, 7487584
10000, 5000, 5000, 1, 10276208
650, 325, 325, 1, 19167
650, 350, 300, 1, 19959
650, 300, 350, 1, 17250
1000, 500, 500, 1, 28208
1000, 700, 300, 1, 1591333
2500, 1250, 1250, 1, 3291709
2500, 1000, 1500, 1, 2395458
5000, 2500, 2500, 1, 5847208
5000, 3000, 2000, 1, 7332500
8000, 4000, 4000, 1, 7486750
8000, 2000, 6000, 1, 4330458
10000, 4000, 6000, 1, 7503417
10000, 5000, 5000, 1, 10266709
650, 325, 325, 1, 18500
650, 350, 300, 1, 19791
650, 300, 350, 1, 17125
1000, 500, 500, 1, 28042
1000, 700, 300, 1, 1591917
2500, 1250, 1250, 1, 3288833
2500, 1000, 1500, 1, 2380167
5000, 2500, 2500, 1, 5865167
5000, 3000, 2000, 1, 7337458
8000, 4000, 4000, 1, 7493958
8000, 2000, 6000, 1, 4344041
10000, 4000, 6000, 1, 7534583
10000, 5000, 5000, 1, 10266542
650, 325, 325, 1, 18417
650, 350, 300, 1, 19750
650, 300, 350, 1, 17084
1000, 500, 500, 1, 28042
1000, 700, 300, 1, 1592875
2500, 1250, 1250, 1, 3292417
2500, 1000, 1500, 1, 2393000
5000, 2500, 2500, 1, 5867917
5000, 3000, 2000, 1, 7340416
8000, 4000, 4000, 1, 7488333
8000, 2000, 6000, 1, 4337375
10000, 4000, 6000, 1, 7500250
10000, 5000, 5000, 1, 10261000
650, 325, 325, 1, 18458
650, 350, 300, 1, 19584
650, 300, 350, 1, 17083
1000, 500, 500, 1, 28042
1000, 700, 300, 1, 1593334
2500, 1250, 1250, 1, 3298166
2500, 1000, 1500, 1, 2371375
5000, 2500, 2500, 1, 5872791
5000, 3000, 2000, 1, 7373458
8000, 4000, 4000, 1, 7497916
8000, 2000, 6000, 1, 4336541
10000, 4000, 6000, 1, 7513708
10000, 5000, 5000, 1, 10263541
650, 325, 325, 1, 18542
650, 350, 300, 1, 19792
650, 300, 350, 1, 17208
1000, 500, 500, 1, 28125
1000, 700, 300, 1, 1594375
2500, 1250, 1250, 1, 3301709
2500, 1000, 1500, 1, 2392916
5000, 2500, 2500, 1, 5867791
5000, 3000, 2000, 1, 7359083
8000, 4000, 4000, 1, 7509709
8000, 2000, 6000, 1, 4353083
10000, 4000, 6000, 1, 7514958
10000, 5000, 5000, 1, 10332416
650, 325, 325, 1, 18583
650, 350, 300, 1, 20000
650, 300, 350, 1, 17084
1000, 500, 500, 1, 28125
1000, 700, 300, 1, 1600208
2500, 1250, 1250, 1, 3305334
2500, 1000, 1500, 1, 2376166
5000, 2500, 2500, 1, 5907667
5000, 3000, 2000, 1, 7363125
8000, 4000, 4000, 1, 7514000
8000, 2000, 6000, 1, 4345375
10000, 4000, 6000, 1, 7522500
10000, 5000, 5000, 1, 10293209
650, 325, 325, 1, 18417
650, 350, 300, 1, 19917
650, 300, 350, 1, 17167
1000, 500, 500, 1, 28000
1000, 700, 300, 1, 1596083
2500, 1250, 1250, 1, 3309334
2500, 1000, 1500, 1, 2377792
5000, 2500, 2500, 1, 5923458
5000, 3000, 2000, 1, 7356916
8000, 4000, 4000, 1, 7527208
8000, 2000, 6000, 1, 4352250
10000, 4000, 6000, 1, 7542000
10000, 5000, 5000, 1, 10295375
650, 325, 325, 1, 19166
650, 350, 300, 1, 19791
650, 300, 350, 1, 17000
1000, 500, 500, 1, 28000
1000, 700, 300, 1, 1602041
2500, 1250, 1250, 1, 3302208
2500, 1000, 1500, 1, 2381625
5000, 2500, 2500, 1, 5879917
5000, 3000, 2000, 1, 7368750
8000, 4000, 4000, 1, 7558333
8000, 2000, 6000, 1, 4352500
10000, 4000, 6000, 1, 7527583
10000, 5000, 5000, 1, 10303334
650, 325, 325, 1, 18500
650, 350, 300, 1, 19916
650, 300, 350, 1, 17041
1000, 500, 500, 1, 27958
1000, 700, 300, 1, 1600041
2500, 1250, 1250, 1, 3303958
2500, 1000, 1500, 1, 2409417
5000, 2500, 2500, 1, 5875458
5000, 3000, 2000, 1, 7366167
8000, 4000, 4000, 1, 7514833
8000, 2000, 6000, 1, 4349916
10000, 4000, 6000, 1, 7534208
10000, 5000, 5000, 1, 10294792
650, 325, 325, 1, 18458
650, 350, 300, 1, 19709
650, 300, 350, 1, 17083
1000, 500, 500, 1, 28041
1000, 700, 300, 1, 1597541
2500, 1250, 1250, 1, 3305875
2500, 1000, 1500, 1, 2382542
5000, 2500, 2500, 1, 5873667
5000, 3000, 2000, 1, 7370125
8000, 4000, 4000, 1, 7528291
8000, 2000, 6000, 1, 4349750
10000, 4000, 6000, 1, 7519833
10000, 5000, 5000, 1, 10318666
650, 325, 325, 1, 18500
650, 350, 300, 1, 19750
650, 300, 350, 1, 17083
1000, 500, 500, 1, 27958
1000, 700, 300, 1, 1599208
2500, 1250, 1250, 1, 3345000
2500, 1000, 1500, 1, 2381542
5000, 2500, 2500, 1, 5875917
5000, 3000, 2000, 1, 7375334
8000, 4000, 4000, 1, 7525250
8000, 2000, 6000, 1, 4352333
10000, 4000, 6000, 1, 7524042
10000, 5000, 5000, 1, 10303708
650, 325, 325, 1, 18500
650, 350, 300, 1, 19792
650, 300, 350, 1, 17084
1000, 500, 500, 1, 27959
1000, 700, 300, 1, 1600167
2500, 1250, 1250, 1, 3312292
2500, 1000, 1500, 1, 2381917
5000, 2500, 2500, 1, 5896291
5000, 3000, 2000, 1, 7383583
8000, 4000, 4000, 1, 7573500
8000, 2000, 6000, 1, 4365083
10000, 4000, 6000, 1, 7540333
10000, 5000, 5000, 1, 10313292
650, 325, 325, 1, 18458
650, 350, 300, 1, 19708
650, 300, 350, 1, 17125
1000, 500, 500, 1, 28000
1000, 700, 300, 1, 1601042
2500, 1250, 1250, 1, 3310708
2500, 1000, 1500, 1, 2406250
5000, 2500, 2500, 1, 5882458
5000, 3000, 2000, 1, 7376958
8000, 4000, 4000, 1, 7564958
8000, 2000, 6000, 1, 4360083
10000, 4000, 6000, 1, 7569250
10000, 5000, 5000, 1, 10359042
650, 325, 325, 1, 18459
650, 350, 300, 1, 19792
650, 300, 350, 1, 17167
1000, 500, 500, 1, 27916
1000, 700, 300, 1, 1610666
2500, 1250, 1250, 1, 3349167
2500, 1000, 1500, 1, 2383166
5000, 2500, 2500, 1, 5887666
5000, 3000, 2000, 1, 7387417
8000, 4000, 4000, 1, 7533958
8000, 2000, 6000, 1, 4360750
10000, 4000, 6000, 1, 7550833
10000, 5000, 5000, 1, 10355167
650, 325, 325, 1, 18500
650, 350, 300, 1, 19917
650, 300, 350, 1, 17167
1000, 500, 500, 1, 28000
1000, 700, 300, 1, 1602333
2500, 1250, 1250, 1, 3317375
2500, 1000, 1500, 1, 2407750
5000, 2500, 2500, 1, 5897625
5000, 3000, 2000, 1, 7397792
8000, 4000, 4000, 1, 7550709
8000, 2000, 6000, 1, 4365792
10000, 4000, 6000, 1, 7554625
10000, 5000, 5000, 1, 10332166
650, 325, 325, 1, 18458
650, 350, 300, 1, 20125
650, 300, 350, 1, 17125
1000, 500, 500, 1, 28209
1000, 700, 300, 1, 1599708
2500, 1250, 1250, 1, 3317542
2500, 1000, 1500, 1, 2390208
5000, 2500, 2500, 1, 5914417
5000, 3000, 2000, 1, 7399333
8000, 4000, 4000, 1, 7552125
8000, 2000, 6000, 1, 4370500
10000, 4000, 6000, 1, 7549125
10000, 5000, 5000, 1, 10342958
650, 325, 325, 1, 18375
650, 350, 300, 1, 19833
650, 300, 350, 1, 17000
1000, 500, 500, 1, 28083
1000, 700, 300, 1, 1605792
2500, 1250, 1250, 1, 3318166
2500, 1000, 1500, 1, 2441292
5000, 2500, 2500, 1, 5904000
5000, 3000, 2000, 1, 7417333
8000, 4000, 4000, 1, 7555292
8000, 2000, 6000, 1, 4372792
10000, 4000, 6000, 1, 7559292
10000, 5000, 5000, 1, 10347459
650, 325, 325, 1, 18375
650, 350, 300, 1, 19792
650, 300, 350, 1, 17084
1000, 500, 500, 1, 27958
1000, 700, 300, 1, 1610458
2500, 1250, 1250, 1, 3342000
2500, 1000, 1500, 1, 2390833
5000, 2500, 2500, 1, 5904958
5000, 3000, 2000, 1, 7408167
8000, 4000, 4000, 1, 7617208
8000, 2000, 6000, 1, 4373000
10000, 4000, 6000, 1, 7559917
10000, 5000, 5000, 1, 10354459
650, 325, 325, 1, 18458
650, 350, 300, 1, 19833
650, 300, 350, 1, 18125
1000, 500, 500, 1, 27917
1000, 700, 300, 1, 1607792
2500, 1250, 1250, 1, 3323209
2500, 1000, 1500, 1, 2419541
5000, 2500, 2500, 1, 5901292
5000, 3000, 2000, 1, 7404542
8000, 4000, 4000, 1, 7557625
8000, 2000, 6000, 1, 4372458
10000, 4000, 6000, 1, 7569250
10000, 5000, 5000, 1, 10345208
650, 325, 325, 1, 18375
650, 350, 300, 1, 19750
650, 300, 350, 1, 17000
1000, 500, 500, 1, 28042
1000, 700, 300, 1, 1609125
2500, 1250, 1250, 1, 3322792
2500, 1000, 1500, 1, 2403209
5000, 2500, 2500, 1, 5907000
5000, 3000, 2000, 1, 7405375
8000, 4000, 4000, 1, 7575375
8000, 2000, 6000, 1, 4392541
10000, 4000, 6000, 1, 7558292
10000, 5000, 5000, 1, 10352583
650, 325, 325, 1, 18458
650, 350, 300, 1, 19833
650, 300, 350, 1, 17375
1000, 500, 500, 1, 27958
1000, 700, 300, 1, 1609709
2500, 1250, 1250, 1, 3341875
2500, 1000, 1500, 1, 2394291
5000, 2500, 2500, 1, 5911750
5000, 3000, 2000, 1, 7447875
8000, 4000, 4000, 1, 7576416
8000, 2000, 6000, 1, 4379791
10000, 4000, 6000, 1, 7610291
10000, 5000, 5000, 1, 10394208
650, 325, 325, 1, 18500
650, 350, 300, 1, 19791
650, 300, 350, 1, 18166
1000, 500, 500, 1, 27958
1000, 700, 300, 1, 1606250
2500, 1250, 1250, 1, 3343542
2500, 1000, 1500, 1, 2404042
5000, 2500, 2500, 1, 5924750
5000, 3000, 2000, 1, 7453292
8000, 4000, 4000, 1, 7591375
8000, 2000, 6000, 1, 4388166
10000, 4000, 6000, 1, 7768250
10000, 5000, 5000, 1, 10777250
650, 325, 325, 1, 18542
650, 350, 300, 1, 19792
650, 300, 350, 1, 17041
1000, 500, 500, 1, 28041
1000, 700, 300, 1, 1605625
2500, 1250, 1250, 1, 3516625
2500, 1000, 1500, 1, 2415417
5000, 2500, 2500, 1, 5944667
5000, 3000, 2000, 1, 7448250
8000, 4000, 4000, 1, 7620667
8000, 2000, 6000, 1, 4390709
10000, 4000, 6000, 1, 7583333
10000, 5000, 5000, 1, 10396375
650, 325, 325, 1, 18875
650, 350, 300, 1, 19917
650, 300, 350, 1, 17167
1000, 500, 500, 1, 28000
1000, 700, 300, 1, 1614333
2500, 1250, 1250, 1, 3330500
2500, 1000, 1500, 1, 2397333
5000, 2500, 2500, 1, 5927959
5000, 3000, 2000, 1, 7440041
8000, 4000, 4000, 1, 7578208
8000, 2000, 6000, 1, 4395542
10000, 4000, 6000, 1, 7608208
10000, 5000, 5000, 1, 10397583
650, 325, 325, 1, 18458
650, 350, 300, 1, 19792
650, 300, 350, 1, 17167
1000, 500, 500, 1, 28000
1000, 700, 300, 1, 1610334
2500, 1250, 1250, 1, 3348000
2500, 1000, 1500, 1, 2397833
5000, 2500, 2500, 1, 5916917
5000, 3000, 2000, 1, 7421750
8000, 4000, 4000, 1, 7595417
8000, 2000, 6000, 1, 4383000
10000, 4000, 6000, 1, 7587875
10000, 5000, 5000, 1, 10377834
650, 325, 325, 1, 18958
650, 350, 300, 1, 19833
650, 300, 350, 1, 17000
1000, 500, 500, 1, 28042
1000, 700, 300, 1, 1610542
2500, 1250, 1250, 1, 3330333
2500, 1000, 1500, 1, 2404042
5000, 2500, 2500, 1, 5945958
5000, 3000, 2000, 1, 7445667
8000, 4000, 4000, 1, 7581542
8000, 2000, 6000, 1, 4388708
10000, 4000, 6000, 1, 7586208
10000, 5000, 5000, 1, 10399625
650, 325, 325, 1, 18459
650, 350, 300, 1, 19708
650, 300, 350, 1, 17000
1000, 500, 500, 1, 28208
1000, 700, 300, 1, 1615916
2500, 1250, 1250, 1, 3338459
2500, 1000, 1500, 1, 2402417
5000, 2500, 2500, 1, 5934667
5000, 3000, 2000, 1, 7442250
8000, 4000, 4000, 1, 7594458
8000, 2000, 6000, 1, 4393542
10000, 4000, 6000, 1, 7612625
10000, 5000, 5000, 1, 10588500
650, 325, 325, 1, 19250
650, 350, 300, 1, 21167
650, 300, 350, 1, 17709
1000, 500, 500, 1, 28208
1000, 700, 300, 1, 1633000
2500, 1250, 1250, 1, 3390125
2500, 1000, 1500, 1, 2436583
5000, 2500, 2500, 1, 5955708
5000, 3000, 2000, 1, 7504125
8000, 4000, 4000, 1, 7633708
8000, 2000, 6000, 1, 4400708
10000, 4000, 6000, 1, 7607417
10000, 5000, 5000, 1, 10412709
650, 325, 325, 1, 18542
650, 350, 300, 1, 19875
650, 300, 350, 1, 17291
1000, 500, 500, 1, 28292
1000, 700, 300, 1, 1616250
2500, 1250, 1250, 1, 3347125
2500, 1000, 1500, 1, 2407917
5000, 2500, 2500, 1, 5928875
5000, 3000, 2000, 1, 7440458
8000, 4000, 4000, 1, 7591334
8000, 2000, 6000, 1, 4419875
10000, 4000, 6000, 1, 7604250
10000, 5000, 5000, 1, 10427791
650, 325, 325, 1, 18750
650, 350, 300, 1, 20709
650, 300, 350, 1, 17166
1000, 500, 500, 1, 28875
1000, 700, 300, 1, 1624875
2500, 1250, 1250, 1, 3343709
2500, 1000, 1500, 1, 2409250
5000, 2500, 2500, 1, 5988083
5000, 3000, 2000, 1, 7455333
8000, 4000, 4000, 1, 7608708
8000, 2000, 6000, 1, 4398042
10000, 4000, 6000, 1, 7648583
10000, 5000, 5000, 1, 10414833
650, 325, 325, 1, 18333
650, 350, 300, 1, 19916
650, 300, 350, 1, 17375
1000, 500, 500, 1, 28208
1000, 700, 300, 1, 1617209
2500, 1250, 1250, 1, 3345916
2500, 1000, 1500, 1, 2409750
5000, 2500, 2500, 1, 5947833
5000, 3000, 2000, 1, 7453917
8000, 4000, 4000, 1, 7629792
8000, 2000, 6000, 1, 4401000
10000, 4000, 6000, 1, 7775583
10000, 5000, 5000, 1, 10470042
650, 325, 325, 1, 36208
650, 350, 300, 1, 20667
650, 300, 350, 1, 17084
1000, 500, 500, 1, 28042
1000, 700, 300, 1, 1616042
2500, 1250, 1250, 1, 3342209
2500, 1000, 1500, 1, 2408084
5000, 2500, 2500, 1, 5981833
5000, 3000, 2000, 1, 7451167
8000, 4000, 4000, 1, 7599917
8000, 2000, 6000, 1, 4398959
10000, 4000, 6000, 1, 7642291
10000, 5000, 5000, 1, 10445750
650, 325, 325, 1, 18459
650, 350, 300, 1, 19750
650, 300, 350, 1, 17000
1000, 500, 500, 1, 28125
1000, 700, 300, 1, 1619334
2500, 1250, 1250, 1, 3345542
2500, 1000, 1500, 1, 2405708
5000, 2500, 2500, 1, 5942833
5000, 3000, 2000, 1, 7455000
8000, 4000, 4000, 1, 7647250
8000, 2000, 6000, 1, 4400125
10000, 4000, 6000, 1, 7659250
10000, 5000, 5000, 1, 10461500
650, 325, 325, 1, 18458
650, 350, 300, 1, 19833
650, 300, 350, 1, 17000
1000, 500, 500, 1, 28000
1000, 700, 300, 1, 1617042
2500, 1250, 1250, 1, 3345458
2500, 1000, 1500, 1, 2410667
5000, 2500, 2500, 1, 5943292
5000, 3000, 2000, 1, 7455667
8000, 4000, 4000, 1, 7629333
8000, 2000, 6000, 1, 4401917
10000, 4000, 6000, 1, 7677917
10000, 5000, 5000, 1, 10417500
650, 325, 325, 1, 18709
650, 350, 300, 1, 19875
650, 300, 350, 1, 17084
1000, 500, 500, 1, 28041
1000, 700, 300, 1, 1617667
2500, 1250, 1250, 1, 3347042
2500, 1000, 1500, 1, 2419583
5000, 2500, 2500, 1, 5949500
5000, 3000, 2000, 1, 7460250
8000, 4000, 4000, 1, 7614333
8000, 2000, 6000, 1, 4404583
10000, 4000, 6000, 1, 7625958
10000, 5000, 5000, 1, 10425625
650, 325, 325, 1, 18541
650, 350, 300, 1, 19916
650, 300, 350, 1, 16958
1000, 500, 500, 1, 28042
1000, 700, 300, 1, 1657959
2500, 1250, 1250, 1, 3350000
2500, 1000, 1500, 1, 2410875
5000, 2500, 2500, 1, 5948875
5000, 3000, 2000, 1, 7490416
8000, 4000, 4000, 1, 7637792
8000, 2000, 6000, 1, 4406292
10000, 4000, 6000, 1, 7639500
10000, 5000, 5000, 1, 10437666
650, 325, 325, 1, 18542
650, 350, 300, 1, 19791
650, 300, 350, 1, 17041
1000, 500, 500, 1, 28416
1000, 700, 300, 1, 1616334
2500, 1250, 1250, 1, 3353125
2500, 1000, 1500, 1, 2410708
5000, 2500, 2500, 1, 6006625
5000, 3000, 2000, 1, 7474750
8000, 4000, 4000, 1, 7629625
8000, 2000, 6000, 1, 4437334
10000, 4000, 6000, 1, 7631667
10000, 5000, 5000, 1, 10450208
650, 325, 325, 1, 18500
650, 350, 300, 1, 19833
650, 300, 350, 1, 17083
1000, 500, 500, 1, 28167
1000, 700, 300, 1, 1626541
2500, 1250, 1250, 1, 3357250
2500, 1000, 1500, 1, 2419750
5000, 2500, 2500, 1, 5961750
5000, 3000, 2000, 1, 7486084
8000, 4000, 4000, 1, 7633125
8000, 2000, 6000, 1, 4415625
10000, 4000, 6000, 1, 7654875
10000, 5000, 5000, 1, 10441666
650, 325, 325, 1, 18875
650, 350, 300, 1, 19958
650, 300, 350, 1, 17125
1000, 500, 500, 1, 28125
1000, 700, 300, 1, 1621542
2500, 1250, 1250, 1, 3351208
2500, 1000, 1500, 1, 2418542
5000, 2500, 2500, 1, 5962250
5000, 3000, 2000, 1, 7476292
8000, 4000, 4000, 1, 7626708
8000, 2000, 6000, 1, 4417375
10000, 4000, 6000, 1, 7652375
10000, 5000, 5000, 1, 10442125
650, 325, 325, 1, 18416
650, 350, 300, 1, 19875
650, 300, 350, 1, 17125
1000, 500, 500, 1, 28125
1000, 700, 300, 1, 1625666
2500, 1250, 1250, 1, 3355625
2500, 1000, 1500, 1, 2414375
5000, 2500, 2500, 1, 5964416
5000, 3000, 2000, 1, 7495708
8000, 4000, 4000, 1, 7633250
8000, 2000, 6000, 1, 4415250
10000, 4000, 6000, 1, 7654834
10000, 5000, 5000, 1, 10470208
650, 325, 325, 1, 18417
650, 350, 300, 1, 19875
650, 300, 350, 1, 17125
1000, 500, 500, 1, 27875
1000, 700, 300, 1, 1625042
2500, 1250, 1250, 1, 3376667
2500, 1000, 1500, 1, 2416958
5000, 2500, 2500, 1, 5997750
5000, 3000, 2000, 1, 7500458
8000, 4000, 4000, 1, 7644583
8000, 2000, 6000, 1, 4419917
10000, 4000, 6000, 1, 7635333
10000, 5000, 5000, 1, 10474375
650, 325, 325, 1, 18459
650, 350, 300, 1, 19709
650, 300, 350, 1, 17042
1000, 500, 500, 1, 27917
1000, 700, 300, 1, 1620709
2500, 1250, 1250, 1, 3363875
2500, 1000, 1500, 1, 2421875
5000, 2500, 2500, 1, 5977625
5000, 3000, 2000, 1, 7485000
8000, 4000, 4000, 1, 7657792
8000, 2000, 6000, 1, 4439917
10000, 4000, 6000, 1, 7652250
10000, 5000, 5000, 1, 10459333
650, 325, 325, 1, 18542
650, 350, 300, 1, 19708
650, 300, 350, 1, 17167
1000, 500, 500, 1, 27958
1000, 700, 300, 1, 1627416
2500, 1250, 1250, 1, 3360500
2500, 1000, 1500, 1, 2417875
5000, 2500, 2500, 1, 5973167
5000, 3000, 2000, 1, 7527791
8000, 4000, 4000, 1, 7639792
8000, 2000, 6000, 1, 4438667
10000, 4000, 6000, 1, 7645334
10000, 5000, 5000, 1, 10473708
650, 325, 325, 1, 18584
650, 350, 300, 1, 19875
650, 300, 350, 1, 17083
1000, 500, 500, 1, 28042
1000, 700, 300, 1, 1624875
2500, 1250, 1250, 1, 3362375
2500, 1000, 1500, 1, 2423792
5000, 2500, 2500, 1, 5973875
5000, 3000, 2000, 1, 7492708
8000, 4000, 4000, 1, 7644833
8000, 2000, 6000, 1, 4454791
10000, 4000, 6000, 1, 7656459
10000, 5000, 5000, 1, 10481792
650, 325, 325, 1, 18458
650, 350, 300, 1, 19916
650, 300, 350, 1, 17042
1000, 500, 500, 1, 28042
1000, 700, 300, 1, 1632625
2500, 1250, 1250, 1, 3371542
2500, 1000, 1500, 1, 2422833
5000, 2500, 2500, 1, 5986291
5000, 3000, 2000, 1, 7507500
8000, 4000, 4000, 1, 7734416
8000, 2000, 6000, 1, 4437666
10000, 4000, 6000, 1, 7657416
10000, 5000, 5000, 1, 10535791
650, 325, 325, 1, 18500
650, 350, 300, 1, 19834
650, 300, 350, 1, 17167
1000, 500, 500, 1, 28083
1000, 700, 300, 1, 1632750
2500, 1250, 1250, 1, 3370125
2500, 1000, 1500, 1, 2426666
5000, 2500, 2500, 1, 5992167
5000, 3000, 2000, 1, 7514000
8000, 4000, 4000, 1, 7673208
8000, 2000, 6000, 1, 4457042
10000, 4000, 6000, 1, 7655542
10000, 5000, 5000, 1, 10483041
650, 325, 325, 1, 18541
650, 350, 300, 1, 19792
650, 300, 350, 1, 17000
1000, 500, 500, 1, 27958
1000, 700, 300, 1, 1628750
2500, 1250, 1250, 1, 3381041
2500, 1000, 1500, 1, 2426250
5000, 2500, 2500, 1, 5982917
5000, 3000, 2000, 1, 7505625
8000, 4000, 4000, 1, 7666083
8000, 2000, 6000, 1, 4436792
10000, 4000, 6000, 1, 7669875
10000, 5000, 5000, 1, 10500333
650, 325, 325, 1, 18541
650, 350, 300, 1, 19958
650, 300, 350, 1, 17000
1000, 500, 500, 1, 27959
1000, 700, 300, 1, 1628667
2500, 1250, 1250, 1, 3372875
2500, 1000, 1500, 1, 2424375
5000, 2500, 2500, 1, 5987959
5000, 3000, 2000, 1, 7508792
8000, 4000, 4000, 1, 7660125
8000, 2000, 6000, 1, 4455042
10000, 4000, 6000, 1, 7673709
10000, 5000, 5000, 1, 10500375
650, 325, 325, 1, 18500
650, 350, 300, 1, 20083
650, 300, 350, 1, 17083
1000, 500, 500, 1, 27959
1000, 700, 300, 1, 1632375
2500, 1250, 1250, 1, 3379125
2500, 1000, 1500, 1, 2428375
5000, 2500, 2500, 1, 5995583
5000, 3000, 2000, 1, 7520125
8000, 4000, 4000, 1, 7679292
8000, 2000, 6000, 1, 4481375
10000, 4000, 6000, 1, 7677625
10000, 5000, 5000, 1, 10512500
650, 325, 325, 1, 18625
650, 350, 300, 1, 20042
650, 300, 350, 1, 17333
1000, 500, 500, 1, 28167
1000, 700, 300, 1, 1632125
2500, 1250, 1250, 1, 3378709
2500, 1000, 1500, 1, 2429375
5000, 2500, 2500, 1, 5998291
5000, 3000, 2000, 1, 7528041
8000, 4000, 4000, 1, 7680125
8000, 2000, 6000, 1, 4458875
10000, 4000, 6000, 1, 7697625
10000, 5000, 5000, 1, 10570042
650, 325, 325, 1, 18958
650, 350, 300, 1, 19917
650, 300, 350, 1, 17000
1000, 500, 500, 1, 28166
1000, 700, 300, 1, 1636209
2500, 1250, 1250, 1, 3373416
2500, 1000, 1500, 1, 2437625
5000, 2500, 2500, 1, 5997750
5000, 3000, 2000, 1, 7569333
8000, 4000, 4000, 1, 7670917
8000, 2000, 6000, 1, 4440708
10000, 4000, 6000, 1, 7672292
10000, 5000, 5000, 1, 10510791
650, 325, 325, 1, 18583
650, 350, 300, 1, 20417
650, 300, 350, 1, 17041
1000, 500, 500, 1, 28125
1000, 700, 300, 1, 1667750
2500, 1250, 1250, 1, 3419875
2500, 1000, 1500, 1, 2428792
5000, 2500, 2500, 1, 6007083
5000, 3000, 2000, 1, 7526791
8000, 4000, 4000, 1, 7700709
8000, 2000, 6000, 1, 4449875
10000, 4000, 6000, 1, 7678541
10000, 5000, 5000, 1, 10510083
650, 325, 325, 1, 18542
650, 350, 300, 1, 19958
650, 300, 350, 1, 17125
1000, 500, 500, 1, 28041
1000, 700, 300, 1, 1635208
2500, 1250, 1250, 1, 3377875
2500, 1000, 1500, 1, 2431625
5000, 2500, 2500, 1, 6031875
5000, 3000, 2000, 1, 7529500
8000, 4000, 4000, 1, 7684000
8000, 2000, 6000, 1, 4446125
10000, 4000, 6000, 1, 7681125
10000, 5000, 5000, 1, 10523042
650, 325, 325, 1, 18416
650, 350, 300, 1, 19834
650, 300, 350, 1, 17334
1000, 500, 500, 1, 28250
1000, 700, 300, 1, 1633416
2500, 1250, 1250, 1, 3383708
2500, 1000, 1500, 1, 2430959
5000, 2500, 2500, 1, 6016792
5000, 3000, 2000, 1, 7538583
8000, 4000, 4000, 1, 7704000
8000, 2000, 6000, 1, 4449875
10000, 4000, 6000, 1, 7692584
10000, 5000, 5000, 1, 10532833
650, 325, 325, 1, 18542
650, 350, 300, 1, 21375
650, 300, 350, 1, 17167
1000, 500, 500, 1, 28042
1000, 700, 300, 1, 1635833
2500, 1250, 1250, 1, 3383917
2500, 1000, 1500, 1, 2440291
5000, 2500, 2500, 1, 6031541
5000, 3000, 2000, 1, 7551917
8000, 4000, 4000, 1, 7687667
8000, 2000, 6000, 1, 4447500
10000, 4000, 6000, 1, 7723916
10000, 5000, 5000, 1, 10524250
650, 325, 325, 1, 18459
650, 350, 300, 1, 19958
650, 300, 350, 1, 17125
1000, 500, 500, 1, 28791
1000, 700, 300, 1, 1631709
2500, 1250, 1250, 1, 3386208
2500, 1000, 1500, 1, 2433917
5000, 2500, 2500, 1, 6023709
5000, 3000, 2000, 1, 7651833
8000, 4000, 4000, 1, 7712792
8000, 2000, 6000, 1, 4576125
10000, 4000, 6000, 1, 7711709
10000, 5000, 5000, 1, 10608583
650, 325, 325, 1, 18541
650, 350, 300, 1, 19833
650, 300, 350, 1, 17125
1000, 500, 500, 1, 28041
1000, 700, 300, 1, 1637750
2500, 1250, 1250, 1, 3387167
2500, 1000, 1500, 1, 2438042
5000, 2500, 2500, 1, 6024042
5000, 3000, 2000, 1, 7545541
8000, 4000, 4000, 1, 7699084
8000, 2000, 6000, 1, 4454458
10000, 4000, 6000, 1, 7695500
10000, 5000, 5000, 1, 10533958
650, 325, 325, 1, 18417
650, 350, 300, 1, 19875
650, 300, 350, 1, 17042
1000, 500, 500, 1, 27958
1000, 700, 300, 1, 1636334
2500, 1250, 1250, 1, 3388792
2500, 1000, 1500, 1, 2466417
5000, 2500, 2500, 1, 6016083
5000, 3000, 2000, 1, 7583709
8000, 4000, 4000, 1, 7708250
8000, 2000, 6000, 1, 4456667
10000, 4000, 6000, 1, 7700667
10000, 5000, 5000, 1, 10653958
650, 325, 325, 1, 18375
650, 350, 300, 1, 19750
650, 300, 350, 1, 17000
1000, 500, 500, 1, 28084
1000, 700, 300, 1, 1637167
2500, 1250, 1250, 1, 3396708
2500, 1000, 1500, 1, 2438084
5000, 2500, 2500, 1, 6017917
5000, 3000, 2000, 1, 7583208
8000, 4000, 4000, 1, 7762250
8000, 2000, 6000, 1, 4459250
10000, 4000, 6000, 1, 7705292
10000, 5000, 5000, 1, 10554958
650, 325, 325, 1, 18625
650, 350, 300, 1, 19875
650, 300, 350, 1, 17041
1000, 500, 500, 1, 27958
1000, 700, 300, 1, 1640375
2500, 1250, 1250, 1, 3405333
2500, 1000, 1500, 1, 2452042
5000, 2500, 2500, 1, 6058083
5000, 3000, 2000, 1, 7582625
8000, 4000, 4000, 1, 7722833
8000, 2000, 6000, 1, 4463750
10000, 4000, 6000, 1, 7705167
10000, 5000, 5000, 1, 10564667
650, 325, 325, 1, 18458
650, 350, 300, 1, 19875
650, 300, 350, 1, 17000
1000, 500, 500, 1, 28083
1000, 700, 300, 1, 1639042
2500, 1250, 1250, 1, 3388709
2500, 1000, 1500, 1, 2440833
5000, 2500, 2500, 1, 6025250
5000, 3000, 2000, 1, 7589250
8000, 4000, 4000, 1, 7748541
8000, 2000, 6000, 1, 4463542
10000, 4000, 6000, 1, 7715708
10000, 5000, 5000, 1, 10610583
650, 325, 325, 1, 19000
650, 350, 300, 1, 19792
650, 300, 350, 1, 17000
1000, 500, 500, 1, 28000
1000, 700, 300, 1, 1639292
2500, 1250, 1250, 1, 3391958
2500, 1000, 1500, 1, 2443917
5000, 2500, 2500, 1, 6057459
5000, 3000, 2000, 1, 7563917
8000, 4000, 4000, 1, 7715667
8000, 2000, 6000, 1, 4467625
10000, 4000, 6000, 1, 7710958
10000, 5000, 5000, 1, 10574375
650, 325, 325, 1, 18584
650, 350, 300, 1, 19875
650, 300, 350, 1, 17083
1000, 500, 500, 1, 30125
1000, 700, 300, 1, 1640375
2500, 1250, 1250, 1, 3416042
2500, 1000, 1500, 1, 2444667
5000, 2500, 2500, 1, 6036958
5000, 3000, 2000, 1, 7572000
8000, 4000, 4000, 1, 7725084
8000, 2000, 6000, 1, 4509625
10000, 4000, 6000, 1, 7730125
10000, 5000, 5000, 1, 10576625
650, 325, 325, 1, 18541
650, 350, 300, 1, 19875
650, 300, 350, 1, 17167
1000, 500, 500, 1, 28125
1000, 700, 300, 1, 1643750
2500, 1250, 1250, 1, 3401875
2500, 1000, 1500, 1, 2448125
5000, 2500, 2500, 1, 6064334
5000, 3000, 2000, 1, 7576333
8000, 4000, 4000, 1, 7736584
8000, 2000, 6000, 1, 4475208
10000, 4000, 6000, 1, 7731958
10000, 5000, 5000, 1, 10578958
650, 325, 325, 1, 18417
650, 350, 300, 1, 19833
650, 300, 350, 1, 17083
1000, 500, 500, 1, 28083
1000, 700, 300, 1, 1642167
2500, 1250, 1250, 1, 3399042
2500, 1000, 1500, 1, 2444333
5000, 2500, 2500, 1, 6034667
5000, 3000, 2000, 1, 7576709
8000, 4000, 4000, 1, 7728667
8000, 2000, 6000, 1, 4472709
10000, 4000, 6000, 1, 7723750
10000, 5000, 5000, 1, 10583042
650, 325, 325, 1, 18500
650, 350, 300, 1, 19833
650, 300, 350, 1, 17084
1000, 500, 500, 1, 27917
1000, 700, 300, 1, 1643542
2500, 1250, 1250, 1, 3399583
2500, 1000, 1500, 1, 2449167
5000, 2500, 2500, 1, 6064167
5000, 3000, 2000, 1, 7576000
8000, 4000, 4000, 1, 7730333
8000, 2000, 6000, 1, 4478209
10000, 4000, 6000, 1, 7749583
10000, 5000, 5000, 1, 10605709
650, 325, 325, 1, 18625
650, 350, 300, 1, 19791
650, 300, 350, 1, 17208
1000, 500, 500, 1, 28000
1000, 700, 300, 1, 1643958
2500, 1250, 1250, 1, 3404625
2500, 1000, 1500, 1, 2447916
5000, 2500, 2500, 1, 6042541
5000, 3000, 2000, 1, 7582333
8000, 4000, 4000, 1, 7730833
8000, 2000, 6000, 1, 4476792
10000, 4000, 6000, 1, 7749334
10000, 5000, 5000, 1, 10591583
650, 325, 325, 1, 18375
650, 350, 300, 1, 19833
650, 300, 350, 1, 17041
1000, 500, 500, 1, 28291
1000, 700, 300, 1, 1645000
2500, 1250, 1250, 1, 3405666
2500, 1000, 1500, 1, 2465250
5000, 2500, 2500, 1, 6046458
5000, 3000, 2000, 1, 7585292
8000, 4000, 4000, 1, 7736458
8000, 2000, 6000, 1, 4476166
10000, 4000, 6000, 1, 7739625
10000, 5000, 5000, 1, 10613625
650, 325, 325, 1, 18458
650, 350, 300, 1, 19750
650, 300, 350, 1, 17041
1000, 500, 500, 1, 27958
1000, 700, 300, 1, 1645459
2500, 1250, 1250, 1, 3409166
2500, 1000, 1500, 1, 2449333
5000, 2500, 2500, 1, 6091875
5000, 3000, 2000, 1, 7586167
8000, 4000, 4000, 1, 7751042
8000, 2000, 6000, 1, 4512625
10000, 4000, 6000, 1, 7748625
10000, 5000, 5000, 1, 10636959
650, 325, 325, 1, 18417
650, 350, 300, 1, 20042
650, 300, 350, 1, 17125
1000, 500, 500, 1, 27958
1000, 700, 300, 1, 1711959
2500, 1250, 1250, 1, 3454083
2500, 1000, 1500, 1, 2486750
5000, 2500, 2500, 1, 6115000
5000, 3000, 2000, 1, 7636417
8000, 4000, 4000, 1, 7741791
8000, 2000, 6000, 1, 4501458
10000, 4000, 6000, 1, 7754542
10000, 5000, 5000, 1, 10620500
650, 325, 325, 1, 18500
650, 350, 300, 1, 19834
650, 300, 350, 1, 17083
1000, 500, 500, 1, 28042
1000, 700, 300, 1, 1652250
2500, 1250, 1250, 1, 3412833
2500, 1000, 1500, 1, 2453833
5000, 2500, 2500, 1, 6063541
5000, 3000, 2000, 1, 7603458
8000, 4000, 4000, 1, 7758417
8000, 2000, 6000, 1, 4504125
10000, 4000, 6000, 1, 7758875
10000, 5000, 5000, 1, 10625167
650, 325, 325, 1, 18542
650, 350, 300, 1, 23875
650, 300, 350, 1, 17959
1000, 500, 500, 1, 30875
1000, 700, 300, 1, 1670333
2500, 1250, 1250, 1, 3436291
2500, 1000, 1500, 1, 2450041
5000, 2500, 2500, 1, 6301208
5000, 3000, 2000, 1, 7637750
8000, 4000, 4000, 1, 7751875
8000, 2000, 6000, 1, 4486166
10000, 4000, 6000, 1, 7755250
10000, 5000, 5000, 1, 10615625
650, 325, 325, 1, 18500
650, 350, 300, 1, 19833
650, 300, 350, 1, 17208
1000, 500, 500, 1, 28083
1000, 700, 300, 1, 1650750
2500, 1250, 1250, 1, 3410791
2500, 1000, 1500, 1, 2456125
5000, 2500, 2500, 1, 6059667
5000, 3000, 2000, 1, 7601084
8000, 4000, 4000, 1, 7754500
8000, 2000, 6000, 1, 4489334
10000, 4000, 6000, 1, 7760833
10000, 5000, 5000, 1, 10653292
650, 325, 325, 1, 19000
650, 350, 300, 1, 19917
650, 300, 350, 1, 17083
1000, 500, 500, 1, 28292
1000, 700, 300, 1, 1649625
2500, 1250, 1250, 1, 3452459
2500, 1000, 1500, 1, 2455042
5000, 2500, 2500, 1, 6070208
5000, 3000, 2000, 1, 7622625
8000, 4000, 4000, 1, 7765917
8000, 2000, 6000, 1, 4493375
10000, 4000, 6000, 1, 7762167
10000, 5000, 5000, 1, 10625542
650, 325, 325, 1, 18458
650, 350, 300, 1, 19834
650, 300, 350, 1, 17125
1000, 500, 500, 1, 28000
1000, 700, 300, 1, 1649875
2500, 1250, 1250, 1, 3417083
2500, 1000, 1500, 1, 2457625
5000, 2500, 2500, 1, 6064125
5000, 3000, 2000, 1, 7614167
8000, 4000, 4000, 1, 7791833
8000, 2000, 6000, 1, 4495084
10000, 4000, 6000, 1, 7762875
10000, 5000, 5000, 1, 10653042
650, 325, 325, 1, 18584
650, 350, 300, 1, 19834
650, 300, 350, 1, 17000
1000, 500, 500, 1, 28167
1000, 700, 300, 1, 1651209
2500, 1250, 1250, 1, 3419041
2500, 1000, 1500, 1, 2463250
5000, 2500, 2500, 1, 6073042
5000, 3000, 2000, 1, 7608792
8000, 4000, 4000, 1, 7815125
8000, 2000, 6000, 1, 4496250
10000, 4000, 6000, 1, 7768333
10000, 5000, 5000, 1, 10672625
650, 325, 325, 1, 18666
650, 350, 300, 1, 20000
650, 300, 350, 1, 17292
1000, 500, 500, 1, 28000
1000, 700, 300, 1, 1654667
2500, 1250, 1250, 1, 3423333
2500, 1000, 1500, 1, 2459625
5000, 2500, 2500, 1, 6077708
5000, 3000, 2000, 1, 7612250
8000, 4000, 4000, 1, 7771792
8000, 2000, 6000, 1, 4501458
10000, 4000, 6000, 1, 7805000
10000, 5000, 5000, 1, 10798917
650, 325, 325, 1, 19334
650, 350, 300, 1, 20500
650, 300, 350, 1, 18458
1000, 500, 500, 1, 29000
1000, 700, 300, 1, 1706416
2500, 1250, 1250, 1, 3452500
2500, 1000, 1500, 1, 2466458
5000, 2500, 2500, 1, 6105375
5000, 3000, 2000, 1, 7627625
8000, 4000, 4000, 1, 7771125
8000, 2000, 6000, 1, 4501834
10000, 4000, 6000, 1, 7786791
10000, 5000, 5000, 1, 10698166
650, 325, 325, 1, 18416
650, 350, 300, 1, 19833
650, 300, 350, 1, 17125
1000, 500, 500, 1, 28000
1000, 700, 300, 1, 1666541
2500, 1250, 1250, 1, 3433500
2500, 1000, 1500, 1, 2482042
5000, 2500, 2500, 1, 6077959
5000, 3000, 2000, 1, 7653375
8000, 4000, 4000, 1, 7790584
8000, 2000, 6000, 1, 4504334
10000, 4000, 6000, 1, 7814750
10000, 5000, 5000, 1, 10669875
650, 325, 325, 1, 18542
650, 350, 300, 1, 19875
650, 300, 350, 1, 17000
1000, 500, 500, 1, 28000
1000, 700, 300, 1, 1661833
2500, 1250, 1250, 1, 3422833
2500, 1000, 1500, 1, 2468125
5000, 2500, 2500, 1, 6135041
5000, 3000, 2000, 1, 7629791
8000, 4000, 4000, 1, 7799250
8000, 2000, 6000, 1, 4565042
10000, 4000, 6000, 1, 7782291
10000, 5000, 5000, 1, 10658167
650, 325, 325, 1, 18500
650, 350, 300, 1, 19834
650, 300, 350, 1, 17084
1000, 500, 500, 1, 28000
1000, 700, 300, 1, 1655083
2500, 1250, 1250, 1, 3427208
2500, 1000, 1500, 1, 2466291
5000, 2500, 2500, 1, 6082167
5000, 3000, 2000, 1, 7669083
8000, 4000, 4000, 1, 7797375
8000, 2000, 6000, 1, 4507333
10000, 4000, 6000, 1, 7816125
10000, 5000, 5000, 1, 10681917
650, 325, 325, 1, 18500
650, 350, 300, 1, 19875
650, 300, 350, 1, 17208
1000, 500, 500, 1, 28167
1000, 700, 300, 1, 1668875
2500, 1250, 1250, 1, 3425584
2500, 1000, 1500, 1, 2470791
5000, 2500, 2500, 1, 6085875
5000, 3000, 2000, 1, 7636709
8000, 4000, 4000, 1, 7790833
8000, 2000, 6000, 1, 4546166
10000, 4000, 6000, 1, 7785583
10000, 5000, 5000, 1, 10664250
650, 325, 325, 1, 18417
650, 350, 300, 1, 19750
650, 300, 350, 1, 17125
1000, 500, 500, 1, 28000
1000, 700, 300, 1, 1659417
2500, 1250, 1250, 1, 3434750
2500, 1000, 1500, 1, 2465708
5000, 2500, 2500, 1, 6101000
5000, 3000, 2000, 1, 7632417
8000, 4000, 4000, 1, 7797583
8000, 2000, 6000, 1, 4542792
10000, 4000, 6000, 1, 7804125
10000, 5000, 5000, 1, 10746958
650, 325, 325, 1, 18583
650, 350, 300, 1, 19959
650, 300, 350, 1, 17625
1000, 500, 500, 1, 28250
1000, 700, 300, 1, 1659750
2500, 1250, 1250, 1, 3426584
2500, 1000, 1500, 1, 2474250
5000, 2500, 2500, 1, 6093750
5000, 3000, 2000, 1, 7640500
8000, 4000, 4000, 1, 7797250
8000, 2000, 6000, 1, 4513083
10000, 4000, 6000, 1, 7795125
10000, 5000, 5000, 1, 10683709
650, 325, 325, 1, 18958
650, 350, 300, 1, 19875
650, 300, 350, 1, 17166
1000, 500, 500, 1, 28084
1000, 700, 300, 1, 1691958
2500, 1250, 1250, 1, 3432750
2500, 1000, 1500, 1, 2471583
5000, 2500, 2500, 1, 6109625
5000, 3000, 2000, 1, 7649209
8000, 4000, 4000, 1, 7824625
8000, 2000, 6000, 1, 4542083
10000, 4000, 6000, 1, 7803417
10000, 5000, 5000, 1, 10694583
650, 325, 325, 1, 18584
650, 350, 300, 1, 19750
650, 300, 350, 1, 17125
1000, 500, 500, 1, 28000
1000, 700, 300, 1, 1659125
2500, 1250, 1250, 1, 3437625
2500, 1000, 1500, 1, 2469167
5000, 2500, 2500, 1, 6123750
5000, 3000, 2000, 1, 7669167
8000, 4000, 4000, 1, 7812333
8000, 2000, 6000, 1, 4528542
10000, 4000, 6000, 1, 7803792
10000, 5000, 5000, 1, 10692209
650, 325, 325, 1, 18416
650, 350, 300, 1, 19917
650, 300, 350, 1, 17042
1000, 500, 500, 1, 28250
1000, 700, 300, 1, 1659833
2500, 1250, 1250, 1, 3434083
2500, 1000, 1500, 1, 2471708
5000, 2500, 2500, 1, 6113458
5000, 3000, 2000, 1, 7652834
8000, 4000, 4000, 1, 7874459
8000, 2000, 6000, 1, 4520583
10000, 4000, 6000, 1, 7812834
10000, 5000, 5000, 1, 10754833
650, 325, 325, 1, 18416
650, 350, 300, 1, 19791
650, 300, 350, 1, 16916
1000, 500, 500, 1, 28083
1000, 700, 300, 1, 1670042
2500, 1250, 1250, 1, 3461375
2500, 1000, 1500, 1, 2503042
5000, 2500, 2500, 1, 6113833
5000, 3000, 2000, 1, 7709125
8000, 4000, 4000, 1, 7830542
8000, 2000, 6000, 1, 4533875
10000, 4000, 6000, 1, 7861000
10000, 5000, 5000, 1, 10724167
650, 325, 325, 1, 18583
650, 350, 300, 1, 19916
650, 300, 350, 1, 17125
1000, 500, 500, 1, 29084
1000, 700, 300, 1, 1658250
2500, 1250, 1250, 1, 3443584
2500, 1000, 1500, 1, 2477083
5000, 2500, 2500, 1, 6116917
5000, 3000, 2000, 1, 7680959
8000, 4000, 4000, 1, 7849416
8000, 2000, 6000, 1, 4526250
10000, 4000, 6000, 1, 7835166
10000, 5000, 5000, 1, 10733583
650, 325, 325, 1, 18541
650, 350, 300, 1, 19791
650, 300, 350, 1, 17042
1000, 500, 500, 1, 28083
1000, 700, 300, 1, 1670083
2500, 1250, 1250, 1, 3440958
2500, 1000, 1500, 1, 2481208
5000, 2500, 2500, 1, 6117084
5000, 3000, 2000, 1, 7672167
8000, 4000, 4000, 1, 7828125
8000, 2000, 6000, 1, 4530542
10000, 4000, 6000, 1, 7828292
10000, 5000, 5000, 1, 10725000
650, 325, 325, 1, 18625
650, 350, 300, 1, 19833
650, 300, 350, 1, 17041
1000, 500, 500, 1, 28083
1000, 700, 300, 1, 1668583
2500, 1250, 1250, 1, 3446625
2500, 1000, 1500, 1, 2478458
5000, 2500, 2500, 1, 6122375
5000, 3000, 2000, 1, 7678584
8000, 4000, 4000, 1, 8089875
8000, 2000, 6000, 1, 4623541
10000, 4000, 6000, 1, 7835791
10000, 5000, 5000, 1, 10785667
650, 325, 325, 1, 18500
650, 350, 300, 1, 19792
650, 300, 350, 1, 17125
1000, 500, 500, 1, 28000
1000, 700, 300, 1, 1664083
2500, 1250, 1250, 1, 3443166
2500, 1000, 1500, 1, 2477291
5000, 2500, 2500, 1, 6121541
5000, 3000, 2000, 1, 7671458
8000, 4000, 4000, 1, 7834292
8000, 2000, 6000, 1, 4536000
10000, 4000, 6000, 1, 7826959
10000, 5000, 5000, 1, 10724875
650, 325, 325, 1, 19083
650, 350, 300, 1, 20875
650, 300, 350, 1, 17042
1000, 500, 500, 1, 28000
1000, 700, 300, 1, 1673584
2500, 1250, 1250, 1, 3441833
2500, 1000, 1500, 1, 2484333
5000, 2500, 2500, 1, 6120333
5000, 3000, 2000, 1, 7701625
8000, 4000, 4000, 1, 7852250
8000, 2000, 6000, 1, 4539209
10000, 4000, 6000, 1, 7839542
10000, 5000, 5000, 1, 10742417
650, 325, 325, 1, 18500
650, 350, 300, 1, 19833
650, 300, 350, 1, 17041
1000, 500, 500, 1, 28000
1000, 700, 300, 1, 1668000
2500, 1250, 1250, 1, 3450542
2500, 1000, 1500, 1, 2482417
5000, 2500, 2500, 1, 6130208
5000, 3000, 2000, 1, 7688208
8000, 4000, 4000, 1, 7840500
8000, 2000, 6000, 1, 4537792
10000, 4000, 6000, 1, 7845958
10000, 5000, 5000, 1, 10738291
650, 325, 325, 1, 18583
650, 350, 300, 1, 19917
650, 300, 350, 1, 17208
1000, 500, 500, 1, 28250
1000, 700, 300, 1, 1668375
2500, 1250, 1250, 1, 3523833
2500, 1000, 1500, 1, 2541625
5000, 2500, 2500, 1, 6247750
5000, 3000, 2000, 1, 7888625
8000, 4000, 4000, 1, 7955875
8000, 2000, 6000, 1, 4647875
10000, 4000, 6000, 1, 8039250
10000, 5000, 5000, 1, 10952125
650, 325, 325, 1, 20500
650, 350, 300, 1, 19833
650, 300, 350, 1, 17167
1000, 500, 500, 1, 27917
1000, 700, 300, 1, 1697375
2500, 1250, 1250, 1, 3531458
2500, 1000, 1500, 1, 2593292
5000, 2500, 2500, 1, 6145333
5000, 3000, 2000, 1, 7722542
8000, 4000, 4000, 1, 7875084
8000, 2000, 6000, 1, 4571042
10000, 4000, 6000, 1, 7906209
10000, 5000, 5000, 1, 10846583
650, 325, 325, 1, 18500
650, 350, 300, 1, 19916
650, 300, 350, 1, 18292
1000, 500, 500, 1, 30250
1000, 700, 300, 1, 1672500
2500, 1250, 1250, 1, 3487333
2500, 1000, 1500, 1, 2490459
5000, 2500, 2500, 1, 6186500
5000, 3000, 2000, 1, 7741416
8000, 4000, 4000, 1, 7908500
8000, 2000, 6000, 1, 4575000
10000, 4000, 6000, 1, 7881208
10000, 5000, 5000, 1, 10814875
650, 325, 325, 1, 18375
650, 350, 300, 1, 19875
650, 300, 350, 1, 17083
1000, 500, 500, 1, 28000
1000, 700, 300, 1, 1669292
2500, 1250, 1250, 1, 3457958
2500, 1000, 1500, 1, 2486375
5000, 2500, 2500, 1, 6138833
5000, 3000, 2000, 1, 7731416
8000, 4000, 4000, 1, 7858000
8000, 2000, 6000, 1, 4544500
10000, 4000, 6000, 1, 7853833
10000, 5000, 5000, 1, 10746125
650, 325, 325, 1, 18500
650, 350, 300, 1, 19917
650, 300, 350, 1, 17041
1000, 500, 500, 1, 28042
1000, 700, 300, 1, 1668958
2500, 1250, 1250, 1, 3460208
2500, 1000, 1500, 1, 2485250
5000, 2500, 2500, 1, 6153875
5000, 3000, 2000, 1, 7696875
8000, 4000, 4000, 1, 7862792
8000, 2000, 6000, 1, 4547500
10000, 4000, 6000, 1, 7855000
10000, 5000, 5000, 1, 10764042
650, 325, 325, 1, 18500
650, 350, 300, 1, 20500
650, 300, 350, 1, 17208
1000, 500, 500, 1, 27916
1000, 700, 300, 1, 1673292
2500, 1250, 1250, 1, 3456125
2500, 1000, 1500, 1, 2491792
5000, 2500, 2500, 1, 6138750
5000, 3000, 2000, 1, 7721958
8000, 4000, 4000, 1, 7858958
8000, 2000, 6000, 1, 4545459
10000, 4000, 6000, 1, 7882500
10000, 5000, 5000, 1, 10780042
650, 325, 325, 1, 19375
650, 350, 300, 1, 19833
650, 300, 350, 1, 17166
1000, 500, 500, 1, 28125
1000, 700, 300, 1, 1673500
2500, 1250, 1250, 1, 3461083
2500, 1000, 1500, 1, 2504000
5000, 2500, 2500, 1, 6145958
5000, 3000, 2000, 1, 7706666
8000, 4000, 4000, 1, 7859167
8000, 2000, 6000, 1, 4550333
10000, 4000, 6000, 1, 7860542
10000, 5000, 5000, 1, 10786458
650, 325, 325, 1, 18500
650, 350, 300, 1, 19666
650, 300, 350, 1, 17084
1000, 500, 500, 1, 28125
1000, 700, 300, 1, 1674292
2500, 1250, 1250, 1, 3460791
2500, 1000, 1500, 1, 2491292
5000, 2500, 2500, 1, 6164375
5000, 3000, 2000, 1, 7739833
8000, 4000, 4000, 1, 7865250
8000, 2000, 6000, 1, 4549625
10000, 4000, 6000, 1, 7865625
10000, 5000, 5000, 1, 10766583
650, 325, 325, 1, 19250
650, 350, 300, 1, 21209
650, 300, 350, 1, 17125
1000, 500, 500, 1, 28000
1000, 700, 300, 1, 1672208
2500, 1250, 1250, 1, 3486584
2500, 1000, 1500, 1, 2498042
5000, 2500, 2500, 1, 6155625
5000, 3000, 2000, 1, 7719166
8000, 4000, 4000, 1, 7877792
8000, 2000, 6000, 1, 4558875
10000, 4000, 6000, 1, 7884416
10000, 5000, 5000, 1, 10790584
650, 325, 325, 1, 18459
650, 350, 300, 1, 19875
650, 300, 350, 1, 17041
1000, 500, 500, 1, 28000
1000, 700, 300, 1, 1676458
2500, 1250, 1250, 1, 3481000
2500, 1000, 1500, 1, 2493375
5000, 2500, 2500, 1, 6160208
5000, 3000, 2000, 1, 7763375
8000, 4000, 4000, 1, 7889333
8000, 2000, 6000, 1, 4560833
10000, 4000, 6000, 1, 7885208
10000, 5000, 5000, 1, 10794459
650, 325, 325, 1, 19541
650, 350, 300, 1, 22375
650, 300, 350, 1, 17042
1000, 500, 500, 1, 28125
1000, 700, 300, 1, 1677708
2500, 1250, 1250, 1, 3463875
2500, 1000, 1500, 1, 2500834
5000, 2500, 2500, 1, 6162917
5000, 3000, 2000, 1, 7730417
8000, 4000, 4000, 1, 7893417
8000, 2000, 6000, 1, 4561833
10000, 4000, 6000, 1, 7884625
10000, 5000, 5000, 1, 10800250
650, 325, 325, 1, 18458
650, 350, 300, 1, 19875
650, 300, 350, 1, 17167
1000, 500, 500, 1, 28042
1000, 700, 300, 1, 1677375
2500, 1250, 1250, 1, 3470917
2500, 1000, 1500, 1, 2497167
5000, 2500, 2500, 1, 6164625
5000, 3000, 2000, 1, 7733584
8000, 4000, 4000, 1, 7886667
8000, 2000, 6000, 1, 4568459
10000, 4000, 6000, 1, 7942625
10000, 5000, 5000, 1, 10817000
650, 325, 325, 1, 18416
650, 350, 300, 1, 20791
650, 300, 350, 1, 17084
1000, 500, 500, 1, 28041
1000, 700, 300, 1, 1678000
2500, 1250, 1250, 1, 3465084
2500, 1000, 1500, 1, 2521875
5000, 2500, 2500, 1, 6165458
5000, 3000, 2000, 1, 7738584
8000, 4000, 4000, 1, 7891000
8000, 2000, 6000, 1, 4565709
10000, 4000, 6000, 1, 7905083
10000, 5000, 5000, 1, 10847333
650, 325, 325, 1, 18500
650, 350, 300, 1, 19833
650, 300, 350, 1, 17167
1000, 500, 500, 1, 27958
1000, 700, 300, 1, 1678917
2500, 1250, 1250, 1, 3475708
2500, 1000, 1500, 1, 2498125
5000, 2500, 2500, 1, 6175750
5000, 3000, 2000, 1, 7738750
8000, 4000, 4000, 1, 7904208
8000, 2000, 6000, 1, 4575833
10000, 4000, 6000, 1, 7892917
10000, 5000, 5000, 1, 10816083
650, 325, 325, 1, 18583
650, 350, 300, 1, 19833
650, 300, 350, 1, 17625
1000, 500, 500, 1, 28000
1000, 700, 300, 1, 1676791
2500, 1250, 1250, 1, 3467500
2500, 1000, 1500, 1, 2499750
5000, 2500, 2500, 1, 6169000
5000, 3000, 2000, 1, 7735792
8000, 4000, 4000, 1, 7888666
8000, 2000, 6000, 1, 4568291
10000, 4000, 6000, 1, 7890250
10000, 5000, 5000, 1, 10805083
650, 325, 325, 1, 18667
650, 350, 300, 1, 19875
650, 300, 350, 1, 17125
1000, 500, 500, 1, 27833
1000, 700, 300, 1, 1678584
2500, 1250, 1250, 1, 3473250
2500, 1000, 1500, 1, 2502416
5000, 2500, 2500, 1, 6179458
5000, 3000, 2000, 1, 7776125
8000, 4000, 4000, 1, 7894792
8000, 2000, 6000, 1, 4576625
10000, 4000, 6000, 1, 7920708
10000, 5000, 5000, 1, 10824375
650, 325, 325, 1, 18458
650, 350, 300, 1, 20084
650, 300, 350, 1, 17250
1000, 500, 500, 1, 29417
1000, 700, 300, 1, 1676625
2500, 1250, 1250, 1, 3479833
2500, 1000, 1500, 1, 2509875
5000, 2500, 2500, 1, 6187083
5000, 3000, 2000, 1, 7753833
8000, 4000, 4000, 1, 7928041
8000, 2000, 6000, 1, 4580541
10000, 4000, 6000, 1, 7909416
10000, 5000, 5000, 1, 10832834
650, 325, 325, 1, 18500
650, 350, 300, 1, 19834
650, 300, 350, 1, 17125
1000, 500, 500, 1, 28042
1000, 700, 300, 1, 1682667
2500, 1250, 1250, 1, 3481958
2500, 1000, 1500, 1, 2502958
5000, 2500, 2500, 1, 6185583
5000, 3000, 2000, 1, 7755458
8000, 4000, 4000, 1, 7940417
8000, 2000, 6000, 1, 4582042
10000, 4000, 6000, 1, 7928208
10000, 5000, 5000, 1, 10838000
650, 325, 325, 1, 18667
650, 350, 300, 1, 20000
650, 300, 350, 1, 17459
1000, 500, 500, 1, 28125
1000, 700, 300, 1, 1679292
2500, 1250, 1250, 1, 3478375
2500, 1000, 1500, 1, 2509625
5000, 2500, 2500, 1, 6186666
5000, 3000, 2000, 1, 7756791
8000, 4000, 4000, 1, 7913417
8000, 2000, 6000, 1, 4584041
10000, 4000, 6000, 1, 7911083
10000, 5000, 5000, 1, 10858542
650, 325, 325, 1, 18375
650, 350, 300, 1, 19834
650, 300, 350, 1, 17167
1000, 500, 500, 1, 27875
1000, 700, 300, 1, 1686208
2500, 1250, 1250, 1, 3484875
2500, 1000, 1500, 1, 2508625
5000, 2500, 2500, 1, 6191416
5000, 3000, 2000, 1, 7761125
8000, 4000, 4000, 1, 7935583
8000, 2000, 6000, 1, 4591750
10000, 4000, 6000, 1, 7922334
10000, 5000, 5000, 1, 10870917
650, 325, 325, 1, 18584
650, 350, 300, 1, 19834
650, 300, 350, 1, 17084
1000, 500, 500, 1, 28167
1000, 700, 300, 1, 1684250
2500, 1250, 1250, 1, 3481292
2500, 1000, 1500, 1, 2526667
5000, 2500, 2500, 1, 6185500
5000, 3000, 2000, 1, 7759167
8000, 4000, 4000, 1, 7909334
8000, 2000, 6000, 1, 4580584
10000, 4000, 6000, 1, 7949917
10000, 5000, 5000, 1, 10863875
650, 325, 325, 1, 18625
650, 350, 300, 1, 19917
650, 300, 350, 1, 17125
1000, 500, 500, 1, 28791
1000, 700, 300, 1, 1742958
2500, 1250, 1250, 1, 3555667
2500, 1000, 1500, 1, 2509500
5000, 2500, 2500, 1, 6217792
5000, 3000, 2000, 1, 7780875
8000, 4000, 4000, 1, 7916625
8000, 2000, 6000, 1, 4580083
10000, 4000, 6000, 1, 7914334
10000, 5000, 5000, 1, 10840750
650, 325, 325, 1, 18458
650, 350, 300, 1, 20000
650, 300, 350, 1, 17125
1000, 500, 500, 1, 27916
1000, 700, 300, 1, 1683666
2500, 1250, 1250, 1, 3492000
2500, 1000, 1500, 1, 2506167
5000, 2500, 2500, 1, 6190792
5000, 3000, 2000, 1, 7764334
8000, 4000, 4000, 1, 7924167
8000, 2000, 6000, 1, 4584916
10000, 4000, 6000, 1, 7916542
10000, 5000, 5000, 1, 10841458
650, 325, 325, 1, 18459
650, 350, 300, 1, 19834
650, 300, 350, 1, 17125
1000, 500, 500, 1, 27916
1000, 700, 300, 1, 1683042
2500, 1250, 1250, 1, 3485500
2500, 1000, 1500, 1, 2510667
5000, 2500, 2500, 1, 6220750
5000, 3000, 2000, 1, 7772625
8000, 4000, 4000, 1, 7938958
8000, 2000, 6000, 1, 4631666
10000, 4000, 6000, 1, 7923458
10000, 5000, 5000, 1, 10871042
650, 325, 325, 1, 18416
650, 350, 300, 1, 19959
650, 300, 350, 1, 17083
1000, 500, 500, 1, 28125
1000, 700, 300, 1, 1685333
2500, 1250, 1250, 1, 3487041
2500, 1000, 1500, 1, 2508834
5000, 2500, 2500, 1, 6206875
5000, 3000, 2000, 1, 7771584
8000, 4000, 4000, 1, 7943625
8000, 2000, 6000, 1, 4589792
10000, 4000, 6000, 1, 7944833
10000, 5000, 5000, 1, 10877417
650, 325, 325, 1, 18459
650, 350, 300, 1, 19834
650, 300, 350, 1, 16958
1000, 500, 500, 1, 28125
1000, 700, 300, 1, 1685667
2500, 1250, 1250, 1, 3489500
2500, 1000, 1500, 1, 2513375
5000, 2500, 2500, 1, 6278334
5000, 3000, 2000, 1, 7784166
8000, 4000, 4000, 1, 7932958
8000, 2000, 6000, 1, 4598292
10000, 4000, 6000, 1, 7930958
10000, 5000, 5000, 1, 10860084
650, 325, 325, 1, 18500
650, 350, 300, 1, 19958
650, 300, 350, 1, 17125
1000, 500, 500, 1, 28625
1000, 700, 300, 1, 1730292
2500, 1250, 1250, 1, 3491458
2500, 1000, 1500, 1, 2513459
5000, 2500, 2500, 1, 6210250
5000, 3000, 2000, 1, 7777084
8000, 4000, 4000, 1, 7933917
8000, 2000, 6000, 1, 4591166
10000, 4000, 6000, 1, 7933209
10000, 5000, 5000, 1, 10868917
650, 325, 325, 1, 18541
650, 350, 300, 1, 19792
650, 300, 350, 1, 17125
1000, 500, 500, 1, 28084
1000, 700, 300, 1, 1689209
2500, 1250, 1250, 1, 3521667
2500, 1000, 1500, 1, 2513625
5000, 2500, 2500, 1, 6225667
5000, 3000, 2000, 1, 7786667
8000, 4000, 4000, 1, 7937959
8000, 2000, 6000, 1, 4600209
10000, 4000, 6000, 1, 7937000
10000, 5000, 5000, 1, 10872000
650, 325, 325, 1, 18625
650, 350, 300, 1, 19875
650, 300, 350, 1, 16959
1000, 500, 500, 1, 29292
1000, 700, 300, 1, 1689583
2500, 1250, 1250, 1, 3494917
2500, 1000, 1500, 1, 2516708
5000, 2500, 2500, 1, 6209292
5000, 3000, 2000, 1, 7801917
8000, 4000, 4000, 1, 7967084
8000, 2000, 6000, 1, 4596833
10000, 4000, 6000, 1, 7946000
10000, 5000, 5000, 1, 10884458
650, 325, 325, 1, 18375
650, 350, 300, 1, 19875
650, 300, 350, 1, 17166
1000, 500, 500, 1, 28125
1000, 700, 300, 1, 1721583
2500, 1250, 1250, 1, 3501708
2500, 1000, 1500, 1, 2522750
5000, 2500, 2500, 1, 6336625
5000, 3000, 2000, 1, 7923084
8000, 4000, 4000, 1, 8040000
8000, 2000, 6000, 1, 4611458
10000, 4000, 6000, 1, 8025416
10000, 5000, 5000, 1, 10951500
650, 325, 325, 1, 18958
650, 350, 300, 1, 20500
650, 300, 350, 1, 17708
1000, 500, 500, 1, 28875
1000, 700, 300, 1, 1753292
2500, 1250, 1250, 1, 3519000
2500, 1000, 1500, 1, 2518000
5000, 2500, 2500, 1, 6221167
5000, 3000, 2000, 1, 7816833
8000, 4000, 4000, 1, 7950208
8000, 2000, 6000, 1, 4602541
10000, 4000, 6000, 1, 7947875
10000, 5000, 5000, 1, 10907375
650, 325, 325, 1, 20208
650, 350, 300, 1, 19833
650, 300, 350, 1, 17250
1000, 500, 500, 1, 28000
1000, 700, 300, 1, 1690958
2500, 1250, 1250, 1, 3497541
2500, 1000, 1500, 1, 2544209
5000, 2500, 2500, 1, 6214708
5000, 3000, 2000, 1, 7798958
8000, 4000, 4000, 1, 7953542
8000, 2000, 6000, 1, 4602500
10000, 4000, 6000, 1, 7955042
10000, 5000, 5000, 1, 10903292
650, 325, 325, 1, 18500
650, 350, 300, 1, 19917
650, 300, 350, 1, 17125
1000, 500, 500, 1, 28000
1000, 700, 300, 1, 1694250
2500, 1250, 1250, 1, 3501042
2500, 1000, 1500, 1, 2531709
5000, 2500, 2500, 1, 6224125
5000, 3000, 2000, 1, 7802166
8000, 4000, 4000, 1, 7955459
8000, 2000, 6000, 1, 4607083
10000, 4000, 6000, 1, 7956917
10000, 5000, 5000, 1, 10930917
650, 325, 325, 1, 18333
650, 350, 300, 1, 19791
650, 300, 350, 1, 17209
1000, 500, 500, 1, 28125
1000, 700, 300, 1, 1692708
2500, 1250, 1250, 1, 3509292
2500, 1000, 1500, 1, 2519625
5000, 2500, 2500, 1, 6240167
5000, 3000, 2000, 1, 7808292
8000, 4000, 4000, 1, 7959459
8000, 2000, 6000, 1, 4608250
10000, 4000, 6000, 1, 7959333
10000, 5000, 5000, 1, 10916416
650, 325, 325, 1, 18417
650, 350, 300, 1, 19959
650, 300, 350, 1, 17041
1000, 500, 500, 1, 28125
1000, 700, 300, 1, 1694417
2500, 1250, 1250, 1, 3504500
2500, 1000, 1500, 1, 2522416
5000, 2500, 2500, 1, 6223875
5000, 3000, 2000, 1, 7826917
8000, 4000, 4000, 1, 7965292
8000, 2000, 6000, 1, 4613542
10000, 4000, 6000, 1, 8007917
10000, 5000, 5000, 1, 10923334
